1 0.130859375 0.8625 0.07109375 0.11458333333333333
1 0.20859375 0.84375 0.0765625 0.14166666666666666
1 0.4953125 0.8963541666666667 0.059375 0.08645833333333333
1 0.008203125 0.09791666666666667 0.01640625 0.075
1 0.453125 0.0203125 0.090625 0.040625
1 0.703125 0.17135416666666667 0.059375 0.06979166666666667
1 0.21015625 0.31875 0.06875 0.08958333333333333
1 0.98671875 0.5473958333333333 0.0265625 0.09479166666666666
1 0.2734375 0.9208333333333333 0.08125 0.0875
1 0.96640625 0.9395833333333333 0.0640625 0.08333333333333333
1 0.97890625 0.6114583333333333 0.040625 0.07083333333333333
1 0.7390625 0.7802083333333333 0.06875 0.08125
1 0.84375 0.15989583333333332 0.0578125 0.078125
1 0.8625 0.019270833333333334 0.05625 0.03854166666666667
1 0.0296875 0.47708333333333336 0.059375 0.10416666666666667
1 0.78984375 0.94375 0.1109375 0.09583333333333334
1 0.98046875 0.04739583333333333 0.0390625 0.08020833333333334
1 0.840625 0.25104166666666666 0.0578125 0.08541666666666667
1 0.82109375 0.8557291666666667 0.0765625 0.071875
1 0.330859375 0.8677083333333333 0.06484375 0.09375
1 0.022265625 0.975 0.04453125 0.04583333333333333
1 0.08515625 0.4046875 0.0734375 0.10729166666666666
1 0.5390625 0.03229166666666667 0.115625 0.0625
1 0.71015625 0.9791666666666666 0.0828125 0.0375
1 0.6078125 0.28072916666666664 0.046875 0.08229166666666667
1 0.41640625 0.1890625 0.0703125 0.084375
1 0.76953125 0.6895833333333333 0.05625 0.08333333333333333
1 0.021875 0.9015625 0.0421875 0.07395833333333333
1 0.273046875 0.4296875 0.09609375 0.08854166666666667
0 0.1890625 0.171875 0.0375 0.03958333333333333
1 0.680859375 0.26979166666666665 0.07578125 0.06458333333333334
1 0.787890625 0.30833333333333335 0.05703125 0.0875
1 0.8578125 0.15729166666666666 0.090625 0.08958333333333333
1 0.141796875 0.6979166666666666 0.06328125 0.08333333333333333
1 0.56796875 0.2078125 0.0609375 0.090625
1 0.405078125 0.9197916666666667 0.09765625 0.0875
1 0.204296875 0.875 0.06015625 0.08958333333333333
1 0.63046875 0.6765625 0.0703125 0.12395833333333334
1 0.3875 0.9802083333333333 0.1296875 0.0375
1 0.60703125 0.384375 0.078125 0.09791666666666667
1 0.71328125 0.03125 0.0703125 0.0625
1 0.29296875 0.3145833333333333 0.0640625 0.11458333333333333
1 0.1125 0.10885416666666667 0.0640625 0.08645833333333333
1 0.194140625 0.6359375 0.06171875 0.078125
1 0.080078125 0.9447916666666667 0.07109375 0.09791666666666667
1 0.18828125 0.553125 0.071875 0.07708333333333334
1 0.180078125 0.22447916666666667 0.06015625 0.07395833333333333
1 0.501171875 0.9692708333333333 0.08203125 0.059375
1 0.634375 0.9677083333333333 0.071875 0.0625
1 0.225 0.75625 0.06875 0.09583333333333334
1 0.88671875 0.35104166666666664 0.06875 0.09375
1 0.783984375 0.01875 0.08203125 0.0375
1 0.02734375 0.0296875 0.0546875 0.059375
2 0.541796875 0.59375 0.14453125 0.2708333333333333
0 0.0875 0.009895833333333333 0.01875 0.019791666666666666
1 0.4171875 0.8255208333333334 0.075 0.09270833333333334
1 0.665625 0.33125 0.06875 0.07291666666666667
1 0.253125 0.9729166666666667 0.1046875 0.05
1 0.02421875 0.296875 0.046875 0.08333333333333333
1 0.356640625 0.5447916666666667 0.06640625 0.08958333333333333
1 0.08359375 0.403125 0.0734375 0.10625
1 0.970703125 0.7885416666666667 0.05859375 0.12708333333333333
1 0.321875 0.0453125 0.0578125 0.08229166666666667
1 0.3296875 0.1390625 0.071875 0.06770833333333333
1 0.787890625 0.3072916666666667 0.05703125 0.0875
1 0.769921875 0.5489583333333333 0.07890625 0.08541666666666667
1 0.57265625 0.9708333333333333 0.059375 0.058333333333333334
1 0.8203125 0.07708333333333334 0.0625 0.07916666666666666
1 0.6328125 0.49166666666666664 0.059375 0.09166666666666666
1 0.91015625 0.9697916666666667 0.0765625 0.05625
1 0.7015625 0.6645833333333333 0.0625 0.075
1 0.023046875 0.20833333333333334 0.04609375 0.075
1 0.031640625 0.14583333333333334 0.06171875 0.06875
1 0.90625 0.7010416666666667 0.0578125 0.08541666666666667
1 0.96015625 0.35833333333333334 0.0703125 0.08333333333333333
1 0.619921875 0.89375 0.06640625 0.08125
1 0.24375 0.6494791666666667 0.059375 0.08645833333333333
1 0.9203125 0.028645833333333332 0.05625 0.05520833333333333
1 0.448828125 0.5578125 0.05703125 0.08854166666666667
1 0.232421875 0.3546875 0.06015625 0.090625
1 0.2953125 0.7015625 0.0765625 0.08854166666666667
1 0.69765625 0.9052083333333333 0.0734375 0.08333333333333333
1 0.971875 0.45208333333333334 0.05625 0.12083333333333333
1 0.634375 0.196875 0.059375 0.08541666666666667
1 0.75234375 0.465625 0.0828125 0.07708333333333334
1 0.356640625 0.26510416666666664 0.07421875 0.10520833333333333
1 0.6515625 0.8260416666666667 0.0734375 0.08958333333333333
1 0.13515625 0.030208333333333334 0.0734375 0.06041666666666667
1 0.32890625 0.6072916666666667 0.0640625 0.07708333333333334
1 0.269921875 0.5671875 0.05859375 0.08229166666666667
1 0.333203125 0.775 0.06171875 0.07916666666666666
1 0.5078125 0.22395833333333334 0.065625 0.08958333333333333
1 0.953125 0.13958333333333334 0.0828125 0.12083333333333333
1 0.165234375 0.3880208333333333 0.06953125 0.08229166666666667
1 0.83984375 0.6322916666666667 0.071875 0.08125
1 0.665625 0.5791666666666667 0.065625 0.075
1 0.9359375 0.2421875 0.0625 0.08229166666666667
1 0.210546875 0.0484375 0.06953125 0.090625
1 0.097265625 0.7729166666666667 0.06953125 0.08333333333333333
1 0.7 0.40208333333333335 0.075 0.08125
1 0.2515625 0.21822916666666667 0.078125 0.09270833333333334
1 0.3859375 0.08333333333333333 0.0625 0.08958333333333333
1 0.0828125 0.5322916666666667 0.065625 0.1
1 0.465625 0.7510416666666667 0.059375 0.09375
1 0.91171875 0.8473958333333333 0.0890625 0.115625
1 0.5296875 0.790625 0.0796875 0.07708333333333334
1 0.77265625 0.1671875 0.0640625 0.090625
1 0.078515625 0.24895833333333334 0.06640625 0.07291666666666667
1 0.648828125 0.10520833333333333 0.06796875 0.08958333333333333
1 0.505859375 0.35520833333333335 0.09453125 0.09375
1 0.8796875 0.5026041666666666 0.0671875 0.10104166666666667
1 0.55859375 0.8739583333333333 0.0578125 0.09375
1 0.3765625 0.39375 0.09375 0.10416666666666667
1 0.0296875 0.7614583333333333 0.059375 0.09375
1 0.8375 0.7453125 0.0734375 0.121875
1 0.0328125 0.6583333333333333 0.059375 0.09583333333333334