1 0.014453125 0.015625 0.02890625 0.03125
0 0.46796875 0.7875 0.025 0.035416666666666666
0 0.8453125 0.4609375 0.021875 0.028125
1 0.9890625 0.259375 0.0203125 0.10416666666666667
1 0.1203125 0.9854166666666667 0.078125 0.029166666666666667
1 0.990625 0.058333333333333334 0.01875 0.09583333333333334
1 0.71953125 0.4114583333333333 0.06875 0.08958333333333333
1 0.0109375 0.3359375 0.021875 0.109375
1 0.49140625 0.013541666666666667 0.0765625 0.027083333333333334
1 0.44375 0.3421875 0.06875 0.078125
1 0.322265625 0.7375 0.07109375 0.0875
1 0.5953125 0.9864583333333333 0.0796875 0.027083333333333334
1 0.252734375 0.23072916666666668 0.06015625 0.08229166666666667
1 0.0109375 0.53125 0.021875 0.0875
0 0.13359375 0.7791666666666667 0.0234375 0.04583333333333333
1 0.025390625 0.2078125 0.05078125 0.09270833333333334
1 0.8890625 0.22604166666666667 0.084375 0.09791666666666667
1 0.0375 0.971875 0.0734375 0.05625
1 0.751953125 0.8375 0.06640625 0.09791666666666667
0 0.4921875 0.06302083333333333 0.025 0.034375
0 0.4703125 0.8213541666666667 0.021875 0.026041666666666668
1 0.790234375 0.6427083333333333 0.06796875 0.08958333333333333
1 0.121875 0.019791666666666666 0.0796875 0.03958333333333333
1 0.88046875 0.017708333333333333 0.071875 0.035416666666666666
1 0.9828125 0.6604166666666667 0.034375 0.0875
1 0.65703125 0.22916666666666666 0.0609375 0.09375
1 0.5015625 0.859375 0.065625 0.09375
0 0.424609375 0.39739583333333334 0.02265625 0.03854166666666667
1 0.381640625 0.98125 0.07421875 0.0375
1 0.51875 0.5338541666666666 0.0625 0.09270833333333334
1 0.120703125 0.090625 0.06953125 0.09375
1 0.651171875 0.025520833333333333 0.07734375 0.051041666666666666
0 0.52578125 0.6208333333333333 0.0265625 0.0375
1 0.399609375 0.019270833333333334 0.07890625 0.03854166666666667
1 0.15 0.178125 0.0671875 0.0875
1 0.39375 0.2708333333333333 0.071875 0.1
1 0.050390625 0.2984375 0.07109375 0.09479166666666666
1 0.7109375 0.9723958333333333 0.071875 0.053125
1 0.1921875 0.634375 0.065625 0.08541666666666667
1 0.094140625 0.4869791666666667 0.06796875 0.09479166666666666
1 0.0546875 0.17395833333333333 0.0671875 0.08333333333333333
1 0.88203125 0.7114583333333333 0.065625 0.08541666666666667
0 0.94453125 0.8895833333333333 0.0359375 0.041666666666666664
1 0.78671875 0.96875 0.0734375 0.06041666666666667
1 0.2546875 0.9348958333333334 0.06875 0.08854166666666667
1 0.200390625 0.1671875 0.06953125 0.09479166666666666
1 0.88125 0.9697916666666667 0.075 0.06041666666666667
1 0.030078125 0.08958333333333333 0.06015625 0.09166666666666666
1 0.34765625 0.12239583333333333 0.071875 0.08854166666666667
1 0.79765625 0.44375 0.0671875 0.1
1 0.87734375 0.29791666666666666 0.071875 0.09166666666666666
1 0.5796875 0.7239583333333334 0.059375 0.08541666666666667
1 0.10703125 0.9239583333333333 0.0765625 0.09166666666666666
1 0.18515625 0.9161458333333333 0.0671875 0.08854166666666667
1 0.66171875 0.35572916666666665 0.0703125 0.096875
1 0.2390625 0.053125 0.065625 0.09166666666666666
1 0.17109375 0.07760416666666667 0.06875 0.09270833333333334
1 0.759375 0.7677083333333333 0.0703125 0.09791666666666667
1 0.56171875 0.05 0.0734375 0.09583333333333334
1 0.81328125 0.34479166666666666 0.065625 0.09375
1 0.101953125 0.24166666666666667 0.06484375 0.09791666666666667
1 0.85703125 0.159375 0.075 0.10208333333333333
1 0.543359375 0.953125 0.06484375 0.09166666666666666
1 0.6703125 0.1234375 0.075 0.10520833333333333
1 0.225390625 0.7046875 0.08046875 0.09479166666666666
1 0.595703125 0.271875 0.06796875 0.0875
1 0.76015625 0.11979166666666667 0.0671875 0.08958333333333333
1 0.4328125 0.4953125 0.059375 0.08020833333333334
1 0.965234375 0.4869791666666667 0.06953125 0.084375
1 0.051171875 0.396875 0.06953125 0.09375
1 0.5640625 0.1890625 0.071875 0.096875
1 0.52734375 0.33697916666666666 0.0640625 0.096875
1 0.896875 0.07916666666666666 0.0703125 0.0875
1 0.6453125 0.6260416666666667 0.065625 0.08125
1 0.179296875 0.55 0.06640625 0.09583333333333334
1 0.33359375 0.33177083333333335 0.0734375 0.09895833333333333
1 0.301171875 0.5302083333333333 0.07109375 0.09375
1 0.515625 0.7671875 0.0625 0.084375
1 0.810546875 0.703125 0.06484375 0.09375
1 0.5296875 0.4317708333333333 0.065625 0.09479166666666666
1 0.415234375 0.0828125 0.08515625 0.09270833333333334
1 0.398046875 0.9192708333333334 0.06953125 0.090625
1 0.840625 0.5677083333333334 0.0765625 0.09791666666666667
1 0.71796875 0.19375 0.0671875 0.08541666666666667
1 0.96953125 0.959375 0.059375 0.08125
1 0.646875 0.9552083333333333 0.06875 0.08958333333333333
1 0.6515625 0.7114583333333333 0.065625 0.09791666666666667
1 0.792578125 0.2078125 0.06484375 0.096875
1 0.74609375 0.328125 0.0640625 0.09166666666666666
1 0.593359375 0.365625 0.06328125 0.09375
1 0.4625 0.4265625 0.0625 0.09270833333333334
1 0.41796875 0.1828125 0.071875 0.096875
1 0.890625 0.6229166666666667 0.0640625 0.0875
1 0.9703125 0.828125 0.059375 0.08958333333333333
1 0.3203125 0.9140625 0.0625 0.08645833333333333
1 0.2515625 0.8442708333333333 0.065625 0.08854166666666667
1 0.72109375 0.044270833333333336 0.0703125 0.08854166666666667
1 0.12265625 0.3932291666666667 0.06875 0.096875
1 0.059375 0.7302083333333333 0.071875 0.08541666666666667
1 0.625 0.8697916666666666 0.06875 0.08958333333333333
1 0.110546875 0.5479166666666667 0.07109375 0.09583333333333334
1 0.354296875 0.21666666666666667 0.06953125 0.09375
1 0.603125 0.7864583333333334 0.065625 0.08958333333333333
1 0.197265625 0.7875 0.06640625 0.09166666666666666
1 0.69609375 0.89375 0.0703125 0.1
1 0.8671875 0.3921875 0.0640625 0.090625
1 0.27578125 0.1953125 0.071875 0.09270833333333334
1 0.144921875 0.84375 0.06796875 0.08333333333333333
1 0.360546875 0.840625 0.06953125 0.09791666666666667
1 0.564453125 0.50625 0.06953125 0.09583333333333334
1 0.30859375 0.7854166666666667 0.0625 0.09583333333333334
1 0.5453125 0.8447916666666667 0.0703125 0.09791666666666667
1 0.69296875 0.27447916666666666 0.0640625 0.09270833333333334
1 0.48359375 0.6927083333333334 0.08125 0.09166666666666666
1 0.40390625 0.7286458333333333 0.06875 0.096875
1 0.88359375 0.846875 0.0671875 0.09375
1 0.325 0.0421875 0.071875 0.084375
1 0.669921875 0.5052083333333334 0.06640625 0.09583333333333334
1 0.130859375 0.709375 0.06171875 0.08541666666666667
1 0.57421875 0.5958333333333333 0.0703125 0.08333333333333333
1 0.47890625 0.22083333333333333 0.0671875 0.09583333333333334
1 0.236328125 0.49114583333333334 0.06640625 0.096875
1 0.18828125 0.4265625 0.0640625 0.09270833333333334
1 0.9375 0.4109375 0.0703125 0.08854166666666667
1 0.8328125 0.9083333333333333 0.075 0.0875
1 0.72890625 0.4557291666666667 0.065625 0.08854166666666667
1 0.471484375 0.30416666666666664 0.06015625 0.08333333333333333
1 0.890625 0.490625 0.0703125 0.09375
1 0.9578125 0.7369791666666666 0.078125 0.08854166666666667
1 0.0578125 0.8197916666666667 0.0734375 0.09375
1 0.04921875 0.6416666666666667 0.0671875 0.09375
1 0.946875 0.571875 0.065625 0.08958333333333333
1 0.691015625 0.7869791666666667 0.06328125 0.09895833333333333
1 0.8234375 0.05572916666666667 0.065625 0.09895833333333333
1 0.81875 0.8208333333333333 0.065625 0.09583333333333334
1 0.46640625 0.9427083333333334 0.0609375 0.09375
1 0.34765625 0.42604166666666665 0.0671875 0.08958333333333333
1 0.7234375 0.64375 0.0625 0.0875
1 0.02890625 0.8979166666666667 0.0578125 0.09166666666666666
1 0.163671875 0.28854166666666664 0.07109375 0.10208333333333333
1 0.96015625 0.12916666666666668 0.0765625 0.10208333333333333
1 0.228515625 0.3375 0.06953125 0.09583333333333334
1 0.96171875 0.32447916666666665 0.0703125 0.09479166666666666
1 0.312109375 0.6390625 0.06953125 0.10520833333333333
2 0.40859375 0.6015625 0.1421875 0.17395833333333333
1 0.75546875 0.5520833333333334 0.0765625 0.10416666666666667
1 0.6 0.08802083333333334 0.075 0.10520833333333333