1 0.246875 0.9291666666666667 0.0625 0.09166666666666666
1 0.197265625 0.9052083333333333 0.07265625 0.08541666666666667
2 0.86875 0.98125 0.1296875 0.0375
1 0.96171875 0.025 0.065625 0.05
1 0.01328125 0.9739583333333334 0.0265625 0.052083333333333336
1 0.192578125 0.8041666666666667 0.06953125 0.09583333333333334
0 0.203125 0.24270833333333333 0.021875 0.027083333333333334
1 0.155078125 0.47708333333333336 0.06640625 0.1
0 0.9390625 0.5708333333333333 0.021875 0.025
1 0.4390625 0.1359375 0.059375 0.08854166666666667
0 0.119921875 0.9239583333333333 0.02109375 0.027083333333333334
0 0.0859375 0.096875 0.021875 0.03125
0 0.12890625 0.7854166666666667 0.0296875 0.0375
0 0.535546875 0.0078125 0.02578125 0.015625
0 0.6140625 0.8234375 0.021875 0.030208333333333334
1 0.4765625 0.6708333333333333 0.0640625 0.07916666666666666
1 0.135546875 0.034375 0.06328125 0.06666666666666667
0 0.8609375 0.39947916666666666 0.0265625 0.03229166666666667
1 0.01328125 0.19583333333333333 0.0265625 0.15416666666666667
0 0.2375 0.475 0.028125 0.029166666666666667
1 0.240234375 0.0140625 0.07578125 0.028125
0 0.648828125 0.8380208333333333 0.01953125 0.028125
0 0.9234375 0.515625 0.0203125 0.022916666666666665
1 0.033203125 0.8244791666666667 0.06640625 0.11145833333333334
1 0.64296875 0.7708333333333334 0.0671875 0.1
1 0.414453125 0.9677083333333333 0.06796875 0.06458333333333334
1 0.9796875 0.8234375 0.040625 0.11770833333333333
1 0.1421875 0.9541666666666667 0.0625 0.0875
1 0.85234375 0.6322916666666667 0.071875 0.08125
0 0.066015625 0.07083333333333333 0.02265625 0.029166666666666667
0 0.7109375 0.20572916666666666 0.025 0.028125
0 0.30234375 0.9385416666666667 0.021875 0.027083333333333334
0 0.230859375 0.25104166666666666 0.03515625 0.04375
1 0.97265625 0.40572916666666664 0.0546875 0.08645833333333333
1 0.459375 0.5260416666666666 0.0625 0.08958333333333333
1 0.334375 0.971875 0.071875 0.05625
1 0.01796875 0.35104166666666664 0.0359375 0.09791666666666667
1 0.069140625 0.940625 0.06484375 0.08125
1 0.39296875 0.240625 0.0640625 0.0875
0 0.90625 0.0421875 0.021875 0.034375
1 0.08203125 0.6072916666666667 0.06875 0.09791666666666667
1 0.98203125 0.5171875 0.0359375 0.10729166666666666
0 0.66953125 0.019791666666666666 0.0203125 0.029166666666666667
1 0.59140625 0.027604166666666666 0.08125 0.05520833333333333
0 0.89453125 0.4979166666666667 0.0171875 0.025
1 0.7078125 0.0171875 0.0640625 0.034375
1 0.721875 0.15364583333333334 0.0890625 0.08854166666666667
1 0.98203125 0.6354166666666666 0.0359375 0.09583333333333334
0 0.65078125 0.030729166666666665 0.015625 0.026041666666666668
1 0.85390625 0.9270833333333334 0.071875 0.07916666666666666
1 0.32421875 0.28125 0.0734375 0.1125
1 0.033203125 0.2791666666666667 0.06171875 0.08541666666666667
1 0.276953125 0.2703125 0.06640625 0.096875
0 0.50859375 0.9385416666666667 0.0265625 0.03333333333333333
0 0.52109375 0.634375 0.0265625 0.03333333333333333
0 0.306640625 0.2 0.01953125 0.03125
0 0.334375 0.17708333333333334 0.021875 0.029166666666666667
1 0.58125 0.7666666666666667 0.05 0.09166666666666666
0 0.99296875 0.13385416666666666 0.0140625 0.034375
1 0.640625 0.6203125 0.08125 0.11354166666666667
1 0.525 0.9791666666666666 0.06875 0.041666666666666664
1 0.17421875 0.21041666666666667 0.0859375 0.1125
1 0.02421875 0.5817708333333333 0.046875 0.09895833333333333
0 0.62890625 0.85625 0.025 0.03333333333333333
1 0.10546875 0.3463541666666667 0.065625 0.09895833333333333
0 0.47734375 0.9390625 0.0265625 0.030208333333333334
1 0.98125 0.90625 0.0375 0.09166666666666666
1 0.170703125 0.030729166666666665 0.06796875 0.06145833333333333
1 0.198046875 0.45364583333333336 0.06953125 0.09479166666666666
1 0.025390625 0.0703125 0.05078125 0.096875
1 0.96015625 0.7270833333333333 0.06875 0.1125
0 0.391796875 0.6276041666666666 0.02890625 0.03854166666666667
1 0.73359375 0.42552083333333335 0.059375 0.08854166666666667
1 0.571875 0.16927083333333334 0.0703125 0.103125
1 0.08046875 0.765625 0.0671875 0.08125
0 0.76171875 0.7645833333333333 0.034375 0.04375
1 0.83828125 0.049479166666666664 0.0546875 0.084375
1 0.155859375 0.39739583333333334 0.05546875 0.07604166666666666
1 0.057421875 0.15729166666666666 0.06328125 0.09375
1 0.39140625 0.859375 0.0703125 0.10833333333333334
1 0.928125 0.89375 0.0671875 0.11458333333333333
1 0.319921875 0.13802083333333334 0.06796875 0.08854166666666667
1 0.7140625 0.9765625 0.0625 0.04479166666666667
1 0.680859375 0.4510416666666667 0.07109375 0.09583333333333334
1 0.4609375 0.7645833333333333 0.075 0.09166666666666666
0 0.5078125 0.3229166666666667 0.034375 0.041666666666666664
1 0.36328125 0.06614583333333333 0.0765625 0.08229166666666667
1 0.528125 0.39947916666666666 0.071875 0.10729166666666666
1 0.7546875 0.041666666666666664 0.0734375 0.08125
1 0.16328125 0.7213541666666666 0.0609375 0.084375
1 0.971875 0.26875 0.05625 0.09583333333333334
1 0.80546875 0.43697916666666664 0.0765625 0.08854166666666667
1 0.87890625 0.7729166666666667 0.0703125 0.10416666666666667
1 0.537890625 0.7166666666666667 0.07109375 0.09166666666666666
1 0.95234375 0.15416666666666667 0.065625 0.10208333333333333
1 0.6046875 0.41041666666666665 0.0640625 0.0875
1 0.49375 0.06145833333333333 0.090625 0.10416666666666667
1 0.09140625 0.4583333333333333 0.059375 0.09375
1 0.60546875 0.26197916666666665 0.0578125 0.09479166666666666
1 0.6640625 0.3234375 0.084375 0.09895833333333333
1 0.423828125 0.91875 0.06015625 0.0875
1 0.560546875 0.6 0.07109375 0.13958333333333334
1 0.471484375 0.453125 0.06484375 0.09791666666666667
1 0.15703125 0.6041666666666666 0.0671875 0.09166666666666666
1 0.088671875 0.23958333333333334 0.06171875 0.0875
1 0.53046875 0.8125 0.0703125 0.09583333333333334
1 0.45703125 0.3125 0.0640625 0.10833333333333334
1 0.737890625 0.278125 0.07734375 0.09375
1 0.78203125 0.1203125 0.0671875 0.090625
1 0.251953125 0.17083333333333334 0.06484375 0.08958333333333333
1 0.606640625 0.5005208333333333 0.08671875 0.09270833333333334
1 0.658984375 0.2078125 0.06015625 0.08645833333333333
1 0.3578125 0.4890625 0.0828125 0.10729166666666666
1 0.91484375 0.3234375 0.0734375 0.115625
1 0.478125 0.8619791666666666 0.071875 0.09270833333333334
1 0.8921875 0.08854166666666667 0.0671875 0.10208333333333333
1 0.9078125 0.6885416666666667 0.065625 0.08125
1 0.387109375 0.7338541666666667 0.07109375 0.08645833333333333
1 0.15546875 0.115625 0.065625 0.08541666666666667
1 0.8953125 0.43333333333333335 0.0640625 0.09375
1 0.791796875 0.20729166666666668 0.07421875 0.08541666666666667
1 0.667578125 0.0890625 0.07734375 0.084375
1 0.50703125 0.240625 0.0671875 0.09166666666666666
1 0.85703125 0.54375 0.0765625 0.1
1 0.6765625 0.8927083333333333 0.071875 0.09375
1 0.70625 0.7520833333333333 0.0625 0.10416666666666667
1 0.382421875 0.35885416666666664 0.10078125 0.103125
1 0.23125 0.5651041666666666 0.0625 0.103125
1 0.87421875 0.18072916666666666 0.0765625 0.096875
1 0.7421875 0.9020833333333333 0.065625 0.09583333333333334
2 0.296875 0.8317708333333333 0.11875 0.16145833333333334