1 0.01015625 0.8927083333333333 0.01875 0.11041666666666666
1 0.171875 0.790625 0.0625 0.09791666666666667
2 0.326171875 0.016666666666666666 0.12578125 0.03333333333333333
1 0.0640625 0.1265625 0.0765625 0.090625
1 0.65078125 0.16770833333333332 0.0671875 0.08125
1 0.83125 0.140625 0.0625 0.09166666666666666
1 0.85390625 0.4708333333333333 0.071875 0.1
1 0.73671875 0.2604166666666667 0.0671875 0.09583333333333334
1 0.09140625 0.4015625 0.08125 0.10520833333333333
1 0.6359375 0.25416666666666665 0.059375 0.08333333333333333
0 0.58359375 0.0125 0.0453125 0.025
2 0.90078125 0.029166666666666667 0.084375 0.05625
1 0.31328125 0.6557291666666667 0.0734375 0.09270833333333334
1 0.88984375 0.9494791666666667 0.0640625 0.09270833333333334
1 0.91328125 0.5572916666666666 0.0625 0.09791666666666667
1 0.819140625 0.68125 0.06953125 0.09583333333333334
0 0.00625 0.6427083333333333 0.0125 0.08125
1 0.36875 0.16197916666666667 0.0625 0.084375
0 0.31328125 0.65625 0.0703125 0.09375
1 0.60546875 0.06614583333333333 0.0578125 0.08020833333333334
0 0.621484375 0.30833333333333335 0.02109375 0.027083333333333334
1 0.546875 0.06770833333333333 0.0671875 0.10208333333333333
1 0.52578125 0.9619791666666667 0.0859375 0.071875
1 0.57265625 0.253125 0.0671875 0.09583333333333334
1 0.2046875 0.659375 0.0765625 0.08541666666666667
1 0.965625 0.6286458333333333 0.065625 0.09895833333333333
1 0.9 0.027604166666666666 0.084375 0.05520833333333333
1 0.05546875 0.6364583333333333 0.0703125 0.10208333333333333
1 0.4375 0.1828125 0.059375 0.10104166666666667
1 0.84296875 0.36614583333333334 0.0734375 0.09895833333333333
2 0.229296875 0.2869791666666667 0.08828125 0.09270833333333334
2 0.055859375 0.6375 0.06640625 0.1
1 0.778515625 0.14895833333333333 0.06171875 0.08333333333333333
1 0.3875 0.9244791666666666 0.0625 0.09895833333333333
1 0.83359375 0.24322916666666666 0.0640625 0.10104166666666667
1 0.95234375 0.48072916666666665 0.065625 0.09270833333333334
1 0.959375 0.7875 0.075 0.1
0 0.05390625 0.0453125 0.065625 0.08229166666666667
1 0.9703125 0.32447916666666665 0.0578125 0.09270833333333334
1 0.10703125 0.7645833333333333 0.0640625 0.09166666666666666
2 0.95859375 0.7859375 0.0703125 0.103125
1 0.584765625 0.7140625 0.08203125 0.09895833333333333
1 0.96953125 0.946875 0.0609375 0.10208333333333333
1 0.227734375 0.2859375 0.08984375 0.090625
2 0.31328125 0.65625 0.071875 0.09375
1 0.78203125 0.6046875 0.0671875 0.09270833333333334
0 0.96953125 0.32708333333333334 0.05625 0.09166666666666666
1 0.85078125 0.5692708333333333 0.0625 0.09895833333333333
1 0.446875 0.9463541666666667 0.078125 0.10520833333333333
1 0.89765625 0.8536458333333333 0.0671875 0.10520833333333333
1 0.5859375 0.15104166666666666 0.0609375 0.09375
1 0.5953125 0.5546875 0.06875 0.090625
1 0.509375 0.6625 0.0625 0.1
1 0.7890625 0.42135416666666664 0.071875 0.096875
2 0.34453125 0.7484375 0.0828125 0.11145833333333334
1 0.220703125 0.5401041666666667 0.07734375 0.09895833333333333
2 0.734375 0.7390625 0.0875 0.11979166666666667
1 0.6609375 0.8864583333333333 0.084375 0.11041666666666666
2 0.30546875 0.2552083333333333 0.0734375 0.11875
1 0.31640625 0.08645833333333333 0.075 0.09375
2 0.239453125 0.17135416666666667 0.10234375 0.090625
1 0.15 0.5541666666666667 0.078125 0.1
2 0.525 0.459375 0.134375 0.14791666666666667
1 0.8390625 0.9583333333333334 0.0671875 0.07916666666666666
2 0.241796875 0.9265625 0.11484375 0.146875
2 0.45 0.778125 0.08125 0.10416666666666667
2 0.31328125 0.4203125 0.1046875 0.140625
2 0.40703125 0.3619791666666667 0.109375 0.140625
2 0.443359375 0.559375 0.11484375 0.15208333333333332
2 0.5546875 0.8213541666666667 0.15 0.15520833333333334
2 0.505859375 0.32395833333333335 0.10546875 0.15208333333333332
2 0.2078125 0.40677083333333336 0.121875 0.16979166666666667
2 0.815625 0.8385416666666666 0.109375 0.15208333333333332