2 0.641796875 0.8651041666666667 0.37109375 0.26979166666666665
0 0.0078125 0.778125 0.015625 0.09375
1 0.81640625 0.028125 0.1921875 0.05625
1 0.055859375 0.4739583333333333 0.06328125 0.10208333333333333
1 0.403125 0.0203125 0.06875 0.040625
0 0.721875 0.29322916666666665 0.009375 0.013541666666666667
1 0.74140625 0.8791666666666667 0.0640625 0.08333333333333333
2 0.97734375 0.525 0.0453125 0.07916666666666666
1 0.008984375 0.2635416666666667 0.01796875 0.10416666666666667
0 0.13828125 0.22447916666666667 0.0125 0.017708333333333333
1 0.7875 0.2598958333333333 0.028125 0.03854166666666667
1 0.066015625 0.16510416666666666 0.08203125 0.12604166666666666
2 0.88671875 0.12760416666666666 0.0703125 0.09895833333333333
0 0.008984375 0.2635416666666667 0.01796875 0.09791666666666667
1 0.9765625 0.5265625 0.0453125 0.078125
0 0.00703125 0.08697916666666666 0.0140625 0.065625
0 0.61640625 0.16770833333333332 0.0296875 0.035416666666666666
1 0.915625 0.5145833333333333 0.0375 0.052083333333333336
1 0.58125 0.014583333333333334 0.08125 0.029166666666666667
2 0.063671875 0.16145833333333334 0.09453125 0.13333333333333333
0 0.705859375 0.36822916666666666 0.01796875 0.021875
1 0.8875 0.12708333333333333 0.071875 0.09583333333333334
0 0.993359375 0.24947916666666667 0.01328125 0.06979166666666667
0 0.97734375 0.5276041666666667 0.0453125 0.07604166666666666
2 0.211328125 0.6958333333333333 0.07109375 0.08333333333333333
1 0.46328125 0.8208333333333333 0.0703125 0.1
1 0.03359375 0.3307291666666667 0.0625 0.078125
0 0.047265625 0.3963541666666667 0.02109375 0.03229166666666667
2 0.6828125 0.796875 0.08125 0.11041666666666666
0 0.994140625 0.46145833333333336 0.01171875 0.04375
0 0.35546875 0.0109375 0.028125 0.021875
2 0.182421875 0.953125 0.19453125 0.09375
1 0.211328125 0.6947916666666667 0.07265625 0.08125
2 0.296484375 0.034895833333333334 0.05546875 0.06770833333333333
1 0.553125 0.2604166666666667 0.065625 0.09166666666666666
1 0.97890625 0.9135416666666667 0.040625 0.09375
0 0.096875 0.6958333333333333 0.0203125 0.029166666666666667
2 0.98046875 0.165625 0.0390625 0.08541666666666667
0 0.9921875 0.8036458333333333 0.015625 0.03854166666666667
1 0.110546875 0.571875 0.07734375 0.08541666666666667
0 0.8375 0.31145833333333334 0.0234375 0.029166666666666667
1 0.70078125 0.40520833333333334 0.0671875 0.09375
1 0.071875 0.36041666666666666 0.0578125 0.10833333333333334
1 0.021875 0.48020833333333335 0.04375 0.0875
0 0.9515625 0.6588541666666666 0.0265625 0.03854166666666667
1 0.768359375 0.36666666666666664 0.07734375 0.09583333333333334
1 0.915625 0.8958333333333334 0.0703125 0.09166666666666666
1 0.834375 0.4625 0.0609375 0.11666666666666667
0 0.93984375 0.5291666666666667 0.0203125 0.025
2 0.57265625 0.9380208333333333 0.178125 0.121875
0 0.05859375 0.2546875 0.021875 0.034375
0 0.80625 0.32708333333333334 0.021875 0.03333333333333333
1 0.162109375 0.5260416666666666 0.05859375 0.07291666666666667
2 0.44609375 0.4734375 0.1640625 0.19270833333333334
0 0.788671875 0.2609375 0.02734375 0.040625
0 0.082421875 0.2864583333333333 0.02421875 0.035416666666666666
0 0.971875 0.22916666666666666 0.025 0.03125
1 0.77578125 0.7875 0.0578125 0.08333333333333333
0 0.794140625 0.4708333333333333 0.02890625 0.0375
1 0.102734375 0.4583333333333333 0.05703125 0.08333333333333333
2 0.834375 0.18072916666666666 0.0703125 0.090625
1 0.659765625 0.42291666666666666 0.05390625 0.08333333333333333
2 0.110546875 0.5729166666666666 0.07890625 0.08333333333333333
2 0.65546875 0.1984375 0.0921875 0.140625
1 0.789453125 0.9364583333333333 0.07109375 0.09375
2 0.37578125 0.8729166666666667 0.0921875 0.15416666666666667
1 0.834375 0.7557291666666667 0.0625 0.090625
1 0.14453125 0.1328125 0.0578125 0.090625
2 0.1515625 0.7697916666666667 0.071875 0.09375
1 0.794140625 0.5572916666666666 0.07109375 0.09166666666666666
2 0.21015625 0.09375 0.0734375 0.11458333333333333
1 0.047265625 0.044270833333333336 0.07109375 0.08645833333333333
1 0.90078125 0.4510416666666667 0.071875 0.0875
1 0.153125 0.26875 0.06875 0.08541666666666667
2 0.314453125 0.49375 0.11328125 0.1125
1 0.1296875 0.37447916666666664 0.0578125 0.11979166666666667
2 0.42734375 0.0984375 0.1109375 0.16145833333333334
1 0.9125 0.35885416666666664 0.071875 0.08645833333333333
2 0.54296875 0.08854166666666667 0.0984375 0.13958333333333334
2 0.325 0.35989583333333336 0.1125 0.13229166666666667
2 0.7234375 0.1234375 0.084375 0.109375
2 0.472265625 0.6598958333333333 0.13359375 0.22395833333333334
2 0.4640625 0.32760416666666664 0.11875 0.15104166666666666
2 0.5765625 0.4583333333333333 0.109375 0.16458333333333333
2 0.94296875 0.0625 0.1140625 0.12291666666666666
2 0.6875 0.53125 0.103125 0.14166666666666666
2 0.73671875 0.6729166666666667 0.1203125 0.19166666666666668
2 0.359375 0.23229166666666667 0.13125 0.16666666666666666
2 0.60390625 0.6864583333333333 0.1578125 0.26458333333333334
2 0.332421875 0.6447916666666667 0.16796875 0.23541666666666666