1 0.333984375 0.3953125 0.06015625 0.090625
1 0.98828125 0.7442708333333333 0.0234375 0.109375
1 0.2515625 0.9708333333333333 0.059375 0.058333333333333334
1 0.96875 0.2984375 0.0609375 0.09479166666666666
1 0.439453125 0.17135416666666667 0.07109375 0.09895833333333333
1 0.92734375 0.0625 0.0765625 0.09583333333333334
0 0.9921875 0.21354166666666666 0.015625 0.08958333333333333
0 0.281640625 0.4625 0.02421875 0.022916666666666665
2 0.0765625 0.8296875 0.0890625 0.09270833333333334
1 0.010546875 0.11822916666666666 0.02109375 0.09479166666666666
1 0.203125 0.35520833333333335 0.0625 0.09583333333333334
1 0.495703125 0.040625 0.07421875 0.08125
1 0.34609375 0.10677083333333333 0.0640625 0.096875
1 0.84140625 0.9828125 0.0796875 0.034375
1 0.01171875 0.43125 0.0234375 0.10833333333333334
1 0.746875 0.11458333333333333 0.0703125 0.0875
1 0.018359375 0.7125 0.03671875 0.09583333333333334
1 0.03515625 0.31145833333333334 0.0578125 0.08333333333333333
1 0.19921875 0.6291666666666667 0.0671875 0.1
1 0.76171875 0.33645833333333336 0.0640625 0.09375
1 0.08203125 0.45416666666666666 0.0640625 0.1
1 0.275390625 0.75625 0.07734375 0.1125
0 0.282421875 0.15052083333333333 0.02734375 0.036458333333333336
1 0.236328125 0.34322916666666664 0.06796875 0.09270833333333334
1 0.107421875 0.9239583333333333 0.06484375 0.10208333333333333
0 0.33203125 0.1921875 0.0328125 0.03854166666666667
1 0.019921875 0.9463541666666667 0.03984375 0.09270833333333334
1 0.94140625 0.740625 0.071875 0.08958333333333333
1 0.450390625 0.7135416666666666 0.07109375 0.09791666666666667
1 0.89453125 0.5390625 0.0625 0.08229166666666667
1 0.9015625 0.13958333333333334 0.06875 0.08333333333333333
1 0.655078125 0.5526041666666667 0.07265625 0.07604166666666666
1 0.075390625 0.8291666666666667 0.09140625 0.09166666666666666
1 0.62265625 0.975 0.0765625 0.04583333333333333
2 0.197265625 0.7421875 0.08359375 0.115625
1 0.59609375 0.7072916666666667 0.0671875 0.09375
1 0.5765625 0.7921875 0.075 0.08645833333333333
1 0.890625 0.678125 0.06875 0.08958333333333333
0 0.42734375 0.4671875 0.0296875 0.034375
1 0.71953125 0.044270833333333336 0.075 0.084375
1 0.336328125 0.5802083333333333 0.07265625 0.07708333333333334
1 0.9796875 0.5697916666666667 0.040625 0.09375
1 0.6359375 0.034375 0.0640625 0.06875
1 0.87734375 0.7635416666666667 0.06875 0.08541666666666667
1 0.782421875 0.03177083333333333 0.07734375 0.06354166666666666
1 0.88515625 0.8619791666666666 0.06875 0.096875
1 0.83359375 0.721875 0.0671875 0.09583333333333334
1 0.5109375 0.353125 0.08125 0.12708333333333333
1 0.76171875 0.971875 0.0765625 0.05416666666666667
1 0.8015625 0.2630208333333333 0.0625 0.084375
1 0.97734375 0.47708333333333336 0.0453125 0.1
1 0.175 0.9640625 0.06875 0.071875
1 0.775390625 0.4953125 0.06171875 0.096875
1 0.42421875 0.033854166666666664 0.0765625 0.06770833333333333
1 0.96640625 0.3953125 0.0625 0.08020833333333334
1 0.291796875 0.9697916666666667 0.07265625 0.06041666666666667
1 0.92109375 0.3859375 0.0671875 0.078125
1 0.6546875 0.15052083333333333 0.08125 0.10729166666666666
1 0.859375 0.23229166666666667 0.059375 0.08958333333333333
1 0.354296875 0.40572916666666664 0.07265625 0.08229166666666667
1 0.241796875 0.665625 0.06953125 0.08541666666666667
1 0.0796875 0.3223958333333333 0.0671875 0.096875
1 0.794140625 0.8364583333333333 0.07578125 0.08541666666666667
1 0.451171875 0.934375 0.07109375 0.10208333333333333
1 0.810546875 0.9302083333333333 0.07109375 0.09375
1 0.41328125 0.2609375 0.0828125 0.09270833333333334
1 0.58515625 0.37395833333333334 0.0703125 0.09166666666666666
1 0.0421875 0.4786458333333333 0.0609375 0.08229166666666667
1 0.8984375 0.959375 0.0734375 0.08125
1 0.196875 0.74375 0.084375 0.11666666666666667
1 0.135546875 0.0359375 0.07734375 0.071875
1 0.38359375 0.5130208333333334 0.0671875 0.08645833333333333
1 0.52265625 0.9036458333333334 0.0703125 0.10520833333333333
1 0.2703125 0.5260416666666666 0.06875 0.09791666666666667
1 0.247265625 0.25416666666666665 0.06015625 0.08125
1 0.95703125 0.8270833333333333 0.065625 0.0875
1 0.1296875 0.3421875 0.078125 0.08854166666666667
1 0.0390625 0.23229166666666667 0.075 0.08125
1 0.72109375 0.2630208333333333 0.0765625 0.090625
1 0.55546875 0.1578125 0.0671875 0.09270833333333334
1 0.334765625 0.6916666666666667 0.06953125 0.09166666666666666
1 0.4265625 0.7947916666666667 0.0765625 0.09375
1 0.64453125 0.7932291666666667 0.071875 0.10520833333333333
1 0.50859375 0.6770833333333334 0.0640625 0.09166666666666666
1 0.4109375 0.634375 0.0734375 0.08958333333333333
1 0.59375 0.6260416666666667 0.0625 0.08541666666666667
1 0.532421875 0.5854166666666667 0.07734375 0.09583333333333334
1 0.478125 0.5213541666666667 0.06875 0.09479166666666666
1 0.1953125 0.052083333333333336 0.065625 0.0875
1 0.82890625 0.45729166666666665 0.0671875 0.10416666666666667
1 0.7765625 0.5979166666666667 0.071875 0.09791666666666667
1 0.40625 0.35 0.0671875 0.09166666666666666
1 0.30078125 0.8572916666666667 0.078125 0.09791666666666667
1 0.209375 0.5276041666666667 0.0703125 0.08854166666666667
1 0.41171875 0.11354166666666667 0.075 0.08541666666666667
1 0.509375 0.240625 0.071875 0.09583333333333334
1 0.72734375 0.17291666666666666 0.0671875 0.08333333333333333
1 0.105859375 0.540625 0.07109375 0.08541666666666667
1 0.078125 0.7265625 0.0734375 0.09270833333333334
1 0.9046875 0.2359375 0.065625 0.09895833333333333
1 0.2734375 0.40729166666666666 0.0671875 0.08958333333333333
1 0.6890625 0.946875 0.0796875 0.08958333333333333
1 0.048046875 0.15364583333333334 0.07265625 0.09270833333333334
1 0.4921875 0.11927083333333334 0.059375 0.09479166666666666
1 0.395703125 0.8854166666666666 0.07734375 0.09166666666666666
1 0.30625 0.2630208333333333 0.0625 0.08854166666666667
1 0.7296875 0.6854166666666667 0.084375 0.09375
1 0.185546875 0.2 0.07421875 0.09791666666666667
1 0.84609375 0.6192708333333333 0.06875 0.08854166666666667
1 0.057421875 0.6260416666666667 0.07734375 0.11875
1 0.23671875 0.12708333333333333 0.0671875 0.0875
1 0.81953125 0.3572916666666667 0.0671875 0.09375
1 0.303515625 0.09583333333333334 0.06015625 0.09166666666666666
2 0.6875 0.4270833333333333 0.1578125 0.19583333333333333