2 0.028125 0.303125 0.05625 0.08958333333333333
1 0.36875 0.0140625 0.059375 0.028125
2 0.99140625 0.8958333333333334 0.015625 0.10416666666666667
2 0.059765625 0.5729166666666666 0.08828125 0.09166666666666666
1 0.25859375 0.4484375 0.0609375 0.09479166666666666
2 0.390625 0.215625 0.06875 0.08958333333333333
1 0.8734375 0.19010416666666666 0.0796875 0.08229166666666667
1 0.71953125 0.2140625 0.0703125 0.10104166666666667
0 0.005078125 0.23541666666666666 0.01015625 0.0625
1 0.45234375 0.1390625 0.0671875 0.096875
1 0.43515625 0.6416666666666667 0.0640625 0.0875
1 0.196484375 0.44947916666666665 0.07421875 0.10104166666666667
1 0.38984375 0.21875 0.0703125 0.08333333333333333
2 0.05546875 0.017708333333333333 0.0984375 0.035416666666666666
1 0.9796875 0.4322916666666667 0.040625 0.10208333333333333
2 0.0453125 0.13958333333333334 0.0765625 0.09375
1 0.194921875 0.5385416666666667 0.07265625 0.08125
0 0.00703125 0.9484375 0.0140625 0.084375
2 0.96171875 0.6229166666666667 0.0671875 0.09583333333333334
1 0.790625 0.8885416666666667 0.08125 0.08125
1 0.012890625 0.46197916666666666 0.02578125 0.10104166666666667
1 0.85703125 0.5182291666666666 0.0703125 0.09270833333333334
1 0.805859375 0.45 0.07421875 0.09791666666666667
2 0.674609375 0.1484375 0.07109375 0.11145833333333334
2 0.792578125 0.8848958333333333 0.08203125 0.096875
2 0.015625 0.05 0.03125 0.09583333333333334
1 0.45625 0.5026041666666666 0.08125 0.109375
1 0.9046875 0.6583333333333333 0.0703125 0.1
1 0.98515625 0.09375 0.028125 0.09583333333333334
1 0.7234375 0.11354166666666667 0.075 0.11041666666666666
1 0.89765625 0.03177083333333333 0.0859375 0.06354166666666666
2 0.85859375 0.9270833333333334 0.08125 0.09166666666666666
2 0.518359375 0.6255208333333333 0.08515625 0.09270833333333334
1 0.675390625 0.2630208333333333 0.07265625 0.090625
1 0.41484375 0.07083333333333333 0.0765625 0.08958333333333333
1 0.22890625 0.04583333333333333 0.0609375 0.08958333333333333
1 0.0953125 0.9755208333333333 0.0828125 0.046875
1 0.015234375 0.04895833333333333 0.03046875 0.09375
2 0.65546875 0.04635416666666667 0.0734375 0.08854166666666667
1 0.59375 0.253125 0.0734375 0.1125
1 0.424609375 0.0265625 0.06640625 0.051041666666666666
2 0.37734375 0.190625 0.109375 0.1375
1 0.027734375 0.7328125 0.05546875 0.10104166666666667
1 0.607421875 0.13645833333333332 0.06171875 0.09166666666666666
1 0.396484375 0.9734375 0.06953125 0.051041666666666666
1 0.06015625 0.48020833333333335 0.0671875 0.08541666666666667
1 0.15703125 0.05 0.0765625 0.1
1 0.3546875 0.4046875 0.0734375 0.08854166666666667
2 0.45703125 0.5 0.0828125 0.11458333333333333
1 0.047265625 0.13802083333333334 0.07421875 0.08854166666666667
1 0.51875 0.6208333333333333 0.0875 0.1
2 0.185546875 0.71875 0.07890625 0.1
1 0.252734375 0.016145833333333335 0.06953125 0.03229166666666667
2 0.49140625 0.044270833333333336 0.0765625 0.08645833333333333
2 0.56796875 0.9723958333333333 0.1390625 0.053125
2 0.89609375 0.033854166666666664 0.0828125 0.065625
2 0.2703125 0.6 0.078125 0.12083333333333333
1 0.028515625 0.3026041666666667 0.05703125 0.08645833333333333
1 0.661328125 0.725 0.07578125 0.1
1 0.1828125 0.7229166666666667 0.078125 0.08958333333333333
0 0.009375 0.5822916666666667 0.01875 0.08541666666666667
1 0.07734375 0.06666666666666667 0.0859375 0.1
1 0.1296875 0.371875 0.06875 0.08958333333333333
2 0.87578125 0.9760416666666667 0.1265625 0.04583333333333333
1 0.43828125 0.5979166666666667 0.065625 0.09166666666666666
1 0.316015625 0.0359375 0.08203125 0.06770833333333333
1 0.77265625 0.9609375 0.0734375 0.071875
2 0.1 0.7208333333333333 0.0765625 0.09583333333333334
1 0.96796875 0.7421875 0.0625 0.103125
2 0.157421875 0.049479166666666664 0.07734375 0.09895833333333333
1 0.84140625 0.803125 0.0859375 0.08958333333333333
2 0.735546875 0.771875 0.08203125 0.14375
1 0.48984375 0.04479166666666667 0.0765625 0.08541666666666667
1 0.1609375 0.9630208333333333 0.0625 0.071875
1 0.223046875 0.5895833333333333 0.05546875 0.09583333333333334
1 0.96640625 0.35885416666666664 0.0640625 0.090625
1 0.269140625 0.6015625 0.06953125 0.11770833333333333
1 0.19453125 0.6791666666666667 0.0640625 0.08958333333333333
1 0.5578125 0.036458333333333336 0.071875 0.06875
1 0.736328125 0.771875 0.08359375 0.14166666666666666
1 0.748828125 0.31875 0.07421875 0.10208333333333333
1 0.41796875 0.7130208333333333 0.071875 0.10520833333333333
1 0.62109375 0.7453125 0.0703125 0.09895833333333333
1 0.278125 0.346875 0.0828125 0.09166666666666666
1 0.1015625 0.7208333333333333 0.08125 0.09166666666666666
1 0.865625 0.1015625 0.0640625 0.103125
1 0.05078125 0.228125 0.078125 0.0875
1 0.9609375 0.95625 0.0703125 0.0875
2 0.27890625 0.8052083333333333 0.0828125 0.13125
1 0.934375 0.09166666666666666 0.0828125 0.10416666666666667
1 0.35078125 0.09375 0.0671875 0.08333333333333333
1 0.65546875 0.9692708333333333 0.0671875 0.057291666666666664
1 0.324609375 0.7255208333333333 0.06015625 0.08020833333333334
1 0.896875 0.734375 0.0703125 0.08541666666666667
1 0.29296875 0.16458333333333333 0.0640625 0.1
1 0.521484375 0.7182291666666667 0.07578125 0.096875
1 0.098046875 0.2875 0.07109375 0.09166666666666666
1 0.81796875 0.134375 0.0671875 0.08541666666666667
1 0.46171875 0.9614583333333333 0.071875 0.07708333333333334
1 0.21484375 0.8869791666666667 0.0734375 0.09270833333333334
1 0.60859375 0.296875 0.0609375 0.08125
1 0.094921875 0.8552083333333333 0.06015625 0.09583333333333334
1 0.8375 0.6145833333333334 0.0625 0.0875
1 0.6546875 0.04583333333333333 0.06875 0.08958333333333333
1 0.371484375 0.30364583333333334 0.06953125 0.09895833333333333
2 0.663671875 0.8567708333333334 0.09453125 0.165625
1 0.140234375 0.146875 0.07109375 0.09791666666666667
1 0.219140625 0.225 0.07734375 0.09166666666666666
1 0.71015625 0.9427083333333334 0.0640625 0.09583333333333334
1 0.505078125 0.3609375 0.06796875 0.090625
1 0.12109375 0.5166666666666667 0.075 0.08125
1 0.459375 0.8864583333333333 0.059375 0.09791666666666667
1 0.194921875 0.8 0.07421875 0.07083333333333333
1 0.830859375 0.7177083333333333 0.06484375 0.08125
1 0.0546875 0.7880208333333333 0.0828125 0.07604166666666666
1 0.0578125 0.5682291666666667 0.08125 0.084375
1 0.035546875 0.3890625 0.07109375 0.090625
1 0.790234375 0.23020833333333332 0.08515625 0.10416666666666667
1 0.26875 0.7083333333333334 0.0671875 0.09166666666666666
1 0.36640625 0.78125 0.0609375 0.0875
1 0.5875 0.6385416666666667 0.078125 0.09375
1 0.308203125 0.9234375 0.07421875 0.10520833333333333
1 0.520703125 0.24166666666666667 0.06953125 0.10208333333333333
1 0.13359375 0.5958333333333333 0.075 0.07916666666666666
1 0.786328125 0.540625 0.06953125 0.08958333333333333
1 0.59765625 0.5390625 0.0765625 0.10104166666666667
1 0.208203125 0.13489583333333333 0.07421875 0.090625
2 0.55625 0.8619791666666666 0.15 0.203125