2 0.485546875 0.7765625 0.13984375 0.16354166666666667
1 0.019140625 0.9838541666666667 0.03828125 0.03229166666666667
1 0.9875 0.6208333333333333 0.0234375 0.11458333333333333
0 0.4234375 0.12239583333333333 0.025 0.030208333333333334
2 0.9125 0.24375 0.1640625 0.22083333333333333
1 0.90859375 0.41875 0.0609375 0.08333333333333333
2 0.4421875 0.21302083333333333 0.065625 0.09895833333333333
2 0.69296875 0.83125 0.0546875 0.10625
0 0.840625 0.09947916666666666 0.0234375 0.021875
2 0.95 0.68125 0.059375 0.09166666666666666
2 0.534375 0.9630208333333333 0.196875 0.07395833333333333
2 0.88984375 0.8395833333333333 0.0578125 0.10416666666666667
2 0.27890625 0.9208333333333333 0.1328125 0.15625
1 0.4421875 0.21145833333333333 0.06875 0.09166666666666666
2 0.251171875 0.4083333333333333 0.06171875 0.09166666666666666
1 0.739453125 0.9703125 0.08515625 0.057291666666666664
1 0.16953125 0.8416666666666667 0.0609375 0.09583333333333334
1 0.02890625 0.9140625 0.0578125 0.109375
1 0.98671875 0.7229166666666667 0.0265625 0.09166666666666666
2 0.36328125 0.8010416666666667 0.1203125 0.2375
2 0.61171875 0.546875 0.1734375 0.16875
0 0.65078125 0.2625 0.0546875 0.10416666666666667
2 0.126953125 0.9520833333333333 0.16953125 0.09583333333333334
0 0.26796875 0.48541666666666666 0.01875 0.029166666666666667
1 0.69296875 0.8302083333333333 0.0546875 0.10625
2 0.636328125 0.0265625 0.11953125 0.053125
2 0.0296875 0.9140625 0.059375 0.109375
1 0.75625 0.8932291666666666 0.05625 0.08645833333333333
1 0.251171875 0.4083333333333333 0.06171875 0.0875
1 0.025 0.7567708333333333 0.0484375 0.078125
1 0.95 0.6822916666666666 0.059375 0.08958333333333333
2 0.5546875 0.2630208333333333 0.1609375 0.19479166666666667
1 0.207421875 0.35833333333333334 0.07421875 0.08958333333333333
1 0.105859375 0.7833333333333333 0.05703125 0.06875
2 0.438671875 0.04791666666666667 0.20078125 0.09583333333333334
1 0.217578125 0.6052083333333333 0.06484375 0.08125
1 0.29921875 0.22291666666666668 0.0671875 0.07916666666666666
2 0.96171875 0.21822916666666667 0.0765625 0.20520833333333333
2 0.9171875 0.07135416666666666 0.0625 0.08645833333333333
1 0.758984375 0.778125 0.06484375 0.08958333333333333
1 0.821875 0.8401041666666667 0.06875 0.090625
2 0.9140625 0.578125 0.0859375 0.11875
2 0.61015625 0.8520833333333333 0.1328125 0.19166666666666668
1 0.14375 0.6057291666666667 0.071875 0.071875
2 0.969140625 0.85 0.06171875 0.12916666666666668
1 0.251953125 0.7 0.06640625 0.0875
1 0.30234375 0.14322916666666666 0.0859375 0.06979166666666667
2 0.81328125 0.3921875 0.1453125 0.19895833333333332
1 0.8890625 0.840625 0.0578125 0.10208333333333333
1 0.9390625 0.490625 0.065625 0.06875
1 0.7421875 0.6708333333333333 0.059375 0.0875
1 0.9671875 0.415625 0.0625 0.08541666666666667
2 0.365625 0.4265625 0.153125 0.21145833333333333
2 0.83359375 0.5744791666666667 0.090625 0.13229166666666667
1 0.158984375 0.43125 0.08203125 0.07916666666666666
1 0.198828125 0.5130208333333334 0.07265625 0.08645833333333333
1 0.79453125 0.2598958333333333 0.078125 0.08229166666666667
1 0.072265625 0.7083333333333334 0.06484375 0.0875
1 0.217578125 0.7901041666666667 0.06015625 0.090625
2 0.6015625 0.6854166666666667 0.18125 0.17291666666666666
1 0.119140625 0.5015625 0.08671875 0.09270833333333334
2 0.7140625 0.4453125 0.15625 0.19270833333333334