1 0.9640625 0.39479166666666665 0.0609375 0.10208333333333333
1 0.519921875 0.053125 0.09296875 0.10416666666666667
1 0.011328125 0.684375 0.02109375 0.1125
1 0.5765625 0.546875 0.05625 0.09375
0 0.01796875 0.28854166666666664 0.03125 0.041666666666666664
1 0.12109375 0.8354166666666667 0.0546875 0.08125
1 0.9515625 0.5947916666666667 0.071875 0.10625
1 0.612109375 0.011979166666666667 0.07890625 0.023958333333333335
1 0.445703125 0.07447916666666667 0.07421875 0.103125
1 0.85078125 0.0140625 0.0796875 0.028125
1 0.020703125 0.040625 0.04140625 0.08125
1 0.23125 0.8677083333333333 0.059375 0.09583333333333334
1 0.246875 0.017708333333333333 0.08125 0.035416666666666666
1 0.450390625 0.029166666666666667 0.07734375 0.058333333333333334
1 0.984375 0.5401041666666667 0.0296875 0.10104166666666667
1 0.81640625 0.7786458333333334 0.065625 0.08854166666666667
0 0.325390625 0.9541666666666667 0.02265625 0.03333333333333333
1 0.638671875 0.7380208333333333 0.05859375 0.09270833333333334
1 0.98203125 0.36875 0.034375 0.10208333333333333
0 0.203515625 0.8125 0.03046875 0.04375
0 0.52578125 0.13958333333333334 0.0203125 0.029166666666666667
1 0.023828125 0.7864583333333334 0.04765625 0.1125
0 0.81328125 0.1921875 0.0234375 0.026041666666666668
0 0.991015625 0.11197916666666667 0.01796875 0.042708333333333334
0 0.84453125 0.36302083333333335 0.0234375 0.034375
1 0.97109375 0.0328125 0.0578125 0.065625
1 0.962890625 0.9411458333333333 0.07421875 0.084375
1 0.267578125 0.5625 0.08046875 0.09791666666666667
0 0.33203125 0.9875 0.0234375 0.025
1 0.90859375 0.9760416666666667 0.071875 0.04375
1 0.3734375 0.0359375 0.0953125 0.071875
0 0.52421875 0.7885416666666667 0.0296875 0.035416666666666666
1 0.72265625 0.7958333333333333 0.0671875 0.1125
1 0.80390625 0.9729166666666667 0.0734375 0.05
1 0.74453125 0.6197916666666666 0.0734375 0.09583333333333334
1 0.4203125 0.425 0.0703125 0.09166666666666666
1 0.9015625 0.896875 0.0703125 0.09583333333333334
1 0.100390625 0.23854166666666668 0.07578125 0.09375
1 0.614453125 0.2984375 0.06953125 0.08229166666666667
1 0.79140625 0.8791666666666667 0.08125 0.10416666666666667
1 0.622265625 0.36302083333333335 0.06640625 0.08645833333333333
1 0.975 0.8546875 0.05 0.10104166666666667
1 0.69609375 0.0265625 0.0828125 0.053125
1 0.431640625 0.5598958333333334 0.07421875 0.096875
1 0.84921875 0.7677083333333333 0.0703125 0.09791666666666667
0 0.84375 0.15260416666666668 0.034375 0.03854166666666667
1 0.149609375 0.8119791666666667 0.06171875 0.09895833333333333
1 0.83671875 0.478125 0.065625 0.07708333333333334
1 0.44921875 0.9609375 0.0609375 0.078125
1 0.074609375 0.65 0.07578125 0.09583333333333334
1 0.34375 0.4921875 0.0734375 0.08229166666666667
1 0.9453125 0.7776041666666667 0.0671875 0.08229166666666667
1 0.79609375 0.13489583333333333 0.0671875 0.096875
1 0.02734375 0.22760416666666666 0.0546875 0.08854166666666667
1 0.2578125 0.96875 0.06875 0.0625
1 0.797265625 0.0390625 0.06640625 0.078125
1 0.035546875 0.14114583333333333 0.07109375 0.078125
1 0.799609375 0.5515625 0.07109375 0.10104166666666667
1 0.07734375 0.7666666666666667 0.0625 0.10416666666666667
1 0.28671875 0.16458333333333333 0.0703125 0.1
1 0.32421875 0.25052083333333336 0.0796875 0.09479166666666666
1 0.61171875 0.23177083333333334 0.0734375 0.090625
1 0.61015625 0.5489583333333333 0.0625 0.09375
1 0.255078125 0.07760416666666667 0.06796875 0.08645833333333333
1 0.06640625 0.2916666666666667 0.0734375 0.1
1 0.802734375 0.3458333333333333 0.05859375 0.09375
1 0.19296875 0.11354166666666667 0.06875 0.08958333333333333
1 0.87265625 0.5661458333333333 0.08125 0.10104166666666667
1 0.340234375 0.671875 0.07578125 0.1
1 0.141015625 0.046875 0.07578125 0.09166666666666666
1 0.525 0.8760416666666667 0.071875 0.09166666666666666
1 0.126171875 0.14791666666666667 0.06796875 0.09166666666666666
1 0.576953125 0.9614583333333333 0.06953125 0.07708333333333334
1 0.426953125 0.17083333333333334 0.06796875 0.09583333333333334
1 0.464453125 0.4979166666666667 0.07734375 0.09583333333333334
1 0.030859375 0.884375 0.06171875 0.08958333333333333
1 0.47109375 0.24895833333333334 0.0765625 0.10208333333333333
1 0.20625 0.4947916666666667 0.078125 0.10208333333333333
1 0.470703125 0.8114583333333333 0.06796875 0.08958333333333333
1 0.59140625 0.6302083333333334 0.059375 0.07708333333333334
1 0.323046875 0.7979166666666667 0.06640625 0.1
1 0.15234375 0.6338541666666667 0.08125 0.09479166666666666
1 0.241015625 0.24375 0.06328125 0.10833333333333334
1 0.657421875 0.6125 0.06484375 0.0875
1 0.718359375 0.9546875 0.07578125 0.08854166666666667
1 0.068359375 0.390625 0.07890625 0.09583333333333334
1 0.16171875 0.37864583333333335 0.0765625 0.10729166666666666
1 0.39921875 0.33697916666666666 0.0734375 0.09270833333333334
1 0.191015625 0.946875 0.07890625 0.09791666666666667
1 0.769140625 0.43020833333333336 0.07109375 0.09375
1 0.330859375 0.3770833333333333 0.07734375 0.10416666666666667
1 0.8890625 0.6833333333333333 0.075 0.09166666666666666
1 0.53984375 0.27708333333333335 0.075 0.08333333333333333
1 0.125390625 0.9604166666666667 0.06640625 0.07916666666666666
1 0.7109375 0.4859375 0.075 0.09479166666666666
1 0.67109375 0.7302083333333333 0.0625 0.09375
1 0.562890625 0.7359375 0.07265625 0.08854166666666667
1 0.640625 0.9270833333333334 0.071875 0.10833333333333334
1 0.64921875 0.13645833333333332 0.0796875 0.1
1 0.8625 0.30104166666666665 0.06875 0.10208333333333333
1 0.0421875 0.56875 0.084375 0.09166666666666666
1 0.23515625 0.34739583333333335 0.0796875 0.103125
1 0.134765625 0.725 0.06796875 0.07916666666666666
1 0.934375 0.303125 0.0671875 0.09791666666666667
1 0.266015625 0.7197916666666667 0.06640625 0.09583333333333334
1 0.96015625 0.6911458333333333 0.0734375 0.090625
1 0.584765625 0.8354166666666667 0.06796875 0.1
1 0.788671875 0.25416666666666665 0.07421875 0.09583333333333334
1 0.630859375 0.453125 0.07578125 0.10208333333333333
1 0.5234375 0.6052083333333333 0.0765625 0.10625
1 0.7265625 0.125 0.0703125 0.09583333333333334
1 0.57109375 0.14947916666666666 0.0765625 0.103125
1 0.091796875 0.4859375 0.08515625 0.096875
1 0.802734375 0.6822916666666666 0.07734375 0.10833333333333334
1 0.514453125 0.3609375 0.07734375 0.090625
1 0.7375 0.3145833333333333 0.0625 0.10416666666666667
1 0.38828125 0.8541666666666666 0.0734375 0.1
1 0.968359375 0.2015625 0.06328125 0.10729166666666666
1 0.26875 0.8572916666666667 0.075 0.10625
1 0.890625 0.209375 0.0703125 0.09375
1 0.88125 0.4140625 0.0625 0.09479166666666666