1 0.03046875 0.015625 0.0609375 0.03125
2 0.027734375 0.19791666666666666 0.05546875 0.1375
0 0.74765625 0.6270833333333333 0.078125 0.0875
1 0.4578125 0.6708333333333333 0.08125 0.09166666666666666
2 0.773046875 0.9671875 0.07421875 0.06145833333333333
2 0.74765625 0.625 0.0828125 0.08958333333333333
1 0.709765625 0.2526041666666667 0.06328125 0.09270833333333334
0 0.9890625 0.5979166666666667 0.021875 0.08541666666666667
2 0.036328125 0.015625 0.07265625 0.03125
0 0.458203125 0.6708333333333333 0.08359375 0.0875
1 0.298828125 0.89375 0.09296875 0.08333333333333333
0 0.72734375 0.0328125 0.0953125 0.06145833333333333
2 0.728125 0.03125 0.09375 0.06041666666666667
2 0.815234375 0.12239583333333333 0.07734375 0.109375
0 0.995703125 0.9760416666666667 0.00859375 0.04375
1 0.02265625 0.228125 0.04375 0.09375
2 0.3828125 0.050520833333333334 0.08125 0.09270833333333334
1 0.383984375 0.050520833333333334 0.07890625 0.09479166666666666
2 0.037890625 0.0796875 0.07265625 0.08645833333333333
0 0.83359375 0.8125 0.071875 0.0875
0 0.4984375 0.08489583333333334 0.034375 0.04895833333333333
2 0.82265625 0.31666666666666665 0.0609375 0.0875
1 0.44453125 0.5645833333333333 0.0734375 0.11041666666666666
1 0.8296875 0.39427083333333335 0.0796875 0.078125
2 0.91640625 0.9109375 0.0796875 0.10104166666666667
2 0.834375 0.8114583333333333 0.0703125 0.08958333333333333
1 0.984375 0.9015625 0.03125 0.11145833333333334
0 0.44765625 0.73125 0.0171875 0.03333333333333333
1 0.39140625 0.2984375 0.0953125 0.11354166666666667
1 0.4953125 0.036458333333333336 0.0859375 0.07083333333333333
1 0.82265625 0.31614583333333335 0.0640625 0.08229166666666667
1 0.015625 0.7015625 0.03125 0.10520833333333333
0 0.9171875 0.09427083333333333 0.071875 0.10104166666666667
1 0.440625 0.8489583333333334 0.0859375 0.10833333333333334
2 0.3875 0.2953125 0.09375 0.10104166666666667
0 0.6375 0.990625 0.04375 0.01875
1 0.733984375 0.09635416666666667 0.08359375 0.096875
1 0.91484375 0.9130208333333333 0.075 0.096875
2 0.67265625 0.9385416666666667 0.0796875 0.10208333333333333
2 0.91796875 0.09479166666666666 0.0734375 0.10625
2 0.865625 0.9807291666666667 0.1 0.034375
1 0.134765625 0.9604166666666667 0.08671875 0.07916666666666666
0 0.5515625 0.4390625 0.06875 0.096875
2 0.476953125 0.16614583333333333 0.06796875 0.10729166666666666
1 0.834375 0.8125 0.071875 0.0875
1 0.7109375 0.8677083333333333 0.071875 0.0875
0 0.978125 0.09947916666666666 0.04375 0.10104166666666667
0 0.9640625 0.9885416666666667 0.05625 0.022916666666666665
0 0.094140625 0.13958333333333334 0.06328125 0.07291666666666667
1 0.775 0.9677083333333333 0.0734375 0.06458333333333334
2 0.30078125 0.89375 0.0921875 0.07916666666666666
2 0.544921875 0.9015625 0.06796875 0.09479166666666666
1 0.67265625 0.9385416666666667 0.0796875 0.09791666666666667
2 0.225390625 0.975 0.15859375 0.04791666666666667
1 0.361328125 0.41302083333333334 0.07421875 0.08854166666666667
1 0.2484375 0.6083333333333333 0.0578125 0.09166666666666666
2 0.459375 0.66875 0.08125 0.0875
2 0.44375 0.5651041666666666 0.071875 0.109375
0 0.98671875 0.1953125 0.025 0.084375
1 0.4046875 0.14479166666666668 0.0734375 0.09375
2 0.737109375 0.7822916666666667 0.07421875 0.08958333333333333
1 0.477734375 0.16510416666666666 0.07109375 0.10104166666666667
1 0.09375 0.13958333333333334 0.0625 0.075
2 0.733984375 0.0953125 0.08515625 0.09479166666666666
1 0.54375 0.07083333333333333 0.0625 0.10416666666666667
1 0.03515625 0.18072916666666666 0.0671875 0.09895833333333333
2 0.0578125 0.50625 0.115625 0.23333333333333334
2 0.315625 0.728125 0.1359375 0.16458333333333333
1 0.22734375 0.2989583333333333 0.0703125 0.08125
1 0.22578125 0.12864583333333332 0.078125 0.084375
1 0.8140625 0.1234375 0.075 0.10520833333333333
1 0.195703125 0.049479166666666664 0.07734375 0.09270833333333334
2 0.131640625 0.5791666666666667 0.19140625 0.21875
1 0.202734375 0.7020833333333333 0.06484375 0.09166666666666666
2 0.44140625 0.8489583333333334 0.0890625 0.11041666666666666
1 0.93125 0.38125 0.0671875 0.09166666666666666
1 0.66171875 0.1890625 0.0734375 0.084375
1 0.959375 0.2911458333333333 0.071875 0.096875
2 0.3125 0.18229166666666666 0.090625 0.15208333333333332
2 0.64921875 0.6604166666666667 0.0953125 0.24375
1 0.88984375 0.24114583333333334 0.0875 0.10729166666666666
1 0.580078125 0.20520833333333333 0.07890625 0.08333333333333333
1 0.165234375 0.20989583333333334 0.06640625 0.096875
1 0.775 0.89375 0.0671875 0.08333333333333333
1 0.155859375 0.3125 0.06796875 0.09583333333333334
1 0.03671875 0.08020833333333334 0.0703125 0.0875
1 0.2265625 0.21354166666666666 0.075 0.08541666666666667
1 0.6078125 0.11979166666666667 0.075 0.09583333333333334
1 0.35546875 0.615625 0.08125 0.09791666666666667
1 0.75703125 0.19114583333333332 0.0859375 0.09479166666666666
2 0.81953125 0.6677083333333333 0.0875 0.11458333333333333
2 0.063671875 0.8411458333333334 0.12734375 0.21770833333333334
2 0.768359375 0.4979166666666667 0.13984375 0.19166666666666668
2 0.511328125 0.3171875 0.14296875 0.18020833333333333
2 0.92109375 0.709375 0.1578125 0.22708333333333333
2 0.1828125 0.8447916666666667 0.1359375 0.1875
2 0.6546875 0.4119791666666667 0.15625 0.20729166666666668
2 0.896875 0.5166666666666667 0.1609375 0.2125
2 0.216015625 0.43072916666666666 0.14765625 0.184375