0 0.97734375 0.7760416666666666 0.015625 0.025
0 0.294921875 0.546875 0.01171875 0.01875
0 0.6546875 0.4015625 0.015625 0.023958333333333335
1 0.25234375 0.96875 0.071875 0.0625
0 0.8125 0.057291666666666664 0.0125 0.016666666666666666
0 0.9890625 0.6046875 0.01875 0.026041666666666668
0 0.7828125 0.9927083333333333 0.0140625 0.014583333333333334
0 0.6046875 0.019791666666666666 0.075 0.03958333333333333
0 0.9390625 0.5197916666666667 0.01875 0.025
1 0.024609375 0.5692708333333333 0.04921875 0.09895833333333333
1 0.98515625 0.746875 0.0296875 0.09791666666666667
1 0.006640625 0.6932291666666667 0.01328125 0.10520833333333333
1 0.18359375 0.5713541666666667 0.0453125 0.06979166666666667
1 0.183203125 0.8770833333333333 0.05078125 0.058333333333333334
1 0.009765625 0.871875 0.01953125 0.1
2 0.0875 0.24166666666666667 0.0765625 0.09791666666666667
0 0.8703125 0.2635416666666667 0.0203125 0.020833333333333332
1 0.91484375 0.9333333333333333 0.053125 0.0625
1 0.803515625 0.34270833333333334 0.05703125 0.07083333333333333
1 0.98984375 0.19479166666666667 0.01875 0.09791666666666667
0 0.6234375 0.4005208333333333 0.01875 0.03229166666666667
0 0.9890625 0.853125 0.021875 0.035416666666666666
1 0.92890625 0.978125 0.084375 0.03958333333333333
1 0.211328125 0.19947916666666668 0.04921875 0.071875
1 0.31171875 0.0234375 0.0546875 0.046875
1 0.19296875 0.8369791666666667 0.0546875 0.11354166666666667
1 0.015625 0.11197916666666667 0.03125 0.10520833333333333
0 0.52578125 0.3703125 0.0296875 0.03854166666666667
1 0.1453125 0.17864583333333334 0.078125 0.08854166666666667
1 0.700390625 0.49270833333333336 0.03671875 0.06458333333333334
1 0.18515625 0.4192708333333333 0.05 0.051041666666666666
1 0.042578125 0.5640625 0.05390625 0.084375
1 0.16796875 0.0640625 0.0421875 0.059375
1 0.83125 0.7833333333333333 0.0515625 0.10625
1 0.40390625 0.40677083333333336 0.046875 0.057291666666666664
1 0.011328125 0.4359375 0.02265625 0.09479166666666666
1 0.5984375 0.703125 0.059375 0.07083333333333333
0 0.625 0.6375 0.025 0.041666666666666664
1 0.18984375 0.12395833333333334 0.0375 0.07708333333333334
1 0.52265625 0.0890625 0.0421875 0.065625
1 0.07421875 0.6322916666666667 0.0703125 0.07708333333333334
1 0.15546875 0.575 0.0546875 0.075
1 0.8671875 0.9567708333333333 0.059375 0.08020833333333334
1 0.808203125 0.022916666666666665 0.07578125 0.04583333333333333
1 0.16484375 0.7546875 0.05625 0.10104166666666667
2 0.5453125 0.8635416666666667 0.0875 0.10833333333333334
1 0.475 0.8395833333333333 0.05625 0.09166666666666666
0 0.93671875 0.1859375 0.0390625 0.051041666666666666
1 0.9828125 0.6541666666666667 0.034375 0.09583333333333334
1 0.228125 0.3770833333333333 0.08125 0.08333333333333333
1 0.471875 0.140625 0.0578125 0.0875
1 0.3625 0.43125 0.046875 0.075
1 0.343359375 0.503125 0.05390625 0.07291666666666667
1 0.3671875 0.6822916666666666 0.05 0.11458333333333333
1 0.13828125 0.8645833333333334 0.0546875 0.08333333333333333
1 0.49140625 0.4552083333333333 0.0671875 0.10208333333333333
1 0.6546875 0.7958333333333333 0.059375 0.06458333333333334
1 0.24921875 0.5854166666666667 0.0421875 0.058333333333333334
1 0.713671875 0.5515625 0.07890625 0.065625
1 0.1015625 0.7697916666666667 0.0796875 0.10208333333333333
1 0.789453125 0.5947916666666667 0.05234375 0.07291666666666667
1 0.558984375 0.959375 0.06484375 0.07708333333333334
1 0.02421875 0.16197916666666667 0.0484375 0.09479166666666666
1 0.7015625 0.8473958333333333 0.059375 0.084375
1 0.7671875 0.09010416666666667 0.05625 0.090625
1 0.446484375 0.6619791666666667 0.04765625 0.06979166666666667
1 0.296875 0.95 0.0640625 0.1
1 0.46171875 0.240625 0.075 0.09791666666666667
1 0.46796875 0.41354166666666664 0.065625 0.08958333333333333
1 0.97421875 0.38125 0.05 0.07916666666666666
1 0.0921875 0.95625 0.0609375 0.075
1 0.45703125 0.74375 0.0734375 0.0875
1 0.1265625 0.6802083333333333 0.06875 0.07291666666666667
1 0.05078125 0.42083333333333334 0.053125 0.1
1 0.393359375 0.5479166666666667 0.04453125 0.075
1 0.424609375 0.48125 0.06640625 0.08125
1 0.5875 0.3625 0.0625 0.0625
1 0.60390625 0.17395833333333333 0.053125 0.075
1 0.21953125 0.6411458333333333 0.05 0.06770833333333333
1 0.76015625 0.39947916666666666 0.0640625 0.07395833333333333
1 0.97265625 0.29583333333333334 0.053125 0.09166666666666666
1 0.803125 0.9458333333333333 0.0640625 0.08541666666666667
1 0.43046875 0.29270833333333335 0.071875 0.09791666666666667
1 0.543359375 0.8614583333333333 0.08671875 0.11041666666666666
1 0.11328125 0.0859375 0.0625 0.08645833333333333
1 0.48125 0.9479166666666666 0.065625 0.08958333333333333
1 0.540625 0.721875 0.0796875 0.07708333333333334
1 0.676953125 0.26875 0.06015625 0.0875
1 0.2546875 0.7979166666666667 0.065625 0.07916666666666666
1 0.240625 0.4635416666666667 0.053125 0.07291666666666667
1 0.051171875 0.035416666666666666 0.07109375 0.07083333333333333
1 0.3265625 0.07135416666666666 0.0640625 0.08645833333333333
1 0.8625 0.8682291666666667 0.059375 0.090625
1 0.661328125 0.9145833333333333 0.06484375 0.09375
1 0.55234375 0.5041666666666667 0.05625 0.075
1 0.7421875 0.846875 0.0625 0.09375
1 0.5015625 0.6260416666666667 0.046875 0.06875
1 0.3296875 0.8145833333333333 0.065625 0.09583333333333334
1 0.563671875 0.6458333333333334 0.05546875 0.07916666666666666
1 0.86171875 0.68125 0.0796875 0.1
1 0.90625 0.7229166666666667 0.06875 0.09583333333333334
1 0.90546875 0.04114583333333333 0.0796875 0.08020833333333334
1 0.2078125 0.2833333333333333 0.075 0.09166666666666666
1 0.83515625 0.175 0.0640625 0.09583333333333334
1 0.08984375 0.24322916666666666 0.078125 0.09270833333333334
1 0.49609375 0.32447916666666665 0.0546875 0.071875
1 0.728125 0.209375 0.065625 0.09791666666666667
1 0.95703125 0.10208333333333333 0.071875 0.08333333333333333
1 0.5375 0.17239583333333333 0.0703125 0.096875
1 0.2515625 0.057291666666666664 0.0671875 0.09583333333333334
1 0.6109375 0.46197916666666666 0.065625 0.07604166666666666
1 0.069140625 0.8708333333333333 0.07421875 0.1
1 0.15390625 0.3494791666666667 0.0765625 0.08854166666666667
1 0.185546875 0.9541666666666667 0.07578125 0.08958333333333333
1 0.75390625 0.478125 0.0703125 0.08125
1 0.40078125 0.17864583333333334 0.0765625 0.103125
1 0.721875 0.7229166666666667 0.059375 0.0875
1 0.659375 0.7270833333333333 0.0578125 0.07916666666666666
1 0.79765625 0.25677083333333334 0.0859375 0.09479166666666666
1 0.60859375 0.5510416666666667 0.0671875 0.09375
1 0.369921875 0.9125 0.06484375 0.1
1 0.15703125 0.48333333333333334 0.071875 0.09375
1 0.32578125 0.23697916666666666 0.0703125 0.09479166666666666
1 0.9203125 0.815625 0.0625 0.09375
1 0.8546875 0.4234375 0.0625 0.090625
1 0.361328125 0.34375 0.07265625 0.1
1 0.8921875 0.13333333333333333 0.0609375 0.09375
1 0.66640625 0.11927083333333334 0.0515625 0.09479166666666666
1 0.78046875 0.684375 0.0703125 0.10625
1 0.02890625 0.7859375 0.0578125 0.09895833333333333