1 0.5984375 0.496875 0.0890625 0.04791666666666667
1 0.134765625 0.9854166666666667 0.08515625 0.029166666666666667
1 0.23515625 0.011458333333333333 0.0703125 0.022916666666666665
0 0.434375 0.06354166666666666 0.0109375 0.01875
2 0.67109375 0.5958333333333333 0.1015625 0.1
1 0.05625 0.9822916666666667 0.0734375 0.035416666666666666
0 0.3640625 0.9583333333333334 0.0140625 0.016666666666666666
1 0.6796875 0.5927083333333333 0.0859375 0.08958333333333333
1 0.40859375 0.3854166666666667 0.0578125 0.06041666666666667
1 0.465625 0.6739583333333333 0.03125 0.075
1 0.0203125 0.3260416666666667 0.040625 0.08125
1 0.731640625 0.4041666666666667 0.06484375 0.08333333333333333
0 0.6328125 0.8151041666666666 0.03125 0.04895833333333333
1 0.51796875 0.3203125 0.0453125 0.06145833333333333
1 0.01171875 0.60625 0.0234375 0.09583333333333334
0 0.375 0.013020833333333334 0.025 0.023958333333333335
1 0.773828125 0.46145833333333336 0.07265625 0.1125
1 0.42265625 0.3182291666666667 0.0453125 0.06770833333333333
0 0.3125 0.28802083333333334 0.021875 0.030208333333333334
1 0.052734375 0.56875 0.07109375 0.10208333333333333
0 0.43203125 0.014583333333333334 0.0265625 0.029166666666666667
1 0.9046875 0.96875 0.0859375 0.0625
1 0.771875 0.03229166666666667 0.075 0.06458333333333334
1 0.984375 0.9 0.03125 0.10416666666666667
1 0.983203125 0.14791666666666667 0.03359375 0.09791666666666667
1 0.01953125 0.48020833333333335 0.0390625 0.07708333333333334
1 0.94921875 0.027083333333333334 0.078125 0.05416666666666667
1 0.068359375 0.5151041666666667 0.06328125 0.09270833333333334
1 0.597265625 0.73125 0.06015625 0.11666666666666667
1 0.86796875 0.6963541666666667 0.059375 0.06354166666666666
1 0.769921875 0.0703125 0.07734375 0.08229166666666667
1 0.327734375 0.7536458333333333 0.05078125 0.11145833333333334
1 0.29921875 0.2 0.075 0.09791666666666667
1 0.023828125 0.11979166666666667 0.04765625 0.08541666666666667
1 0.58125 0.9697916666666667 0.0625 0.06041666666666667
1 0.5421875 0.029166666666666667 0.0640625 0.058333333333333334
1 0.278515625 0.8369791666666667 0.05390625 0.10729166666666666
1 0.3546875 0.43697916666666664 0.08125 0.084375
1 0.025390625 0.784375 0.05078125 0.09791666666666667
1 0.6734375 0.9177083333333333 0.0765625 0.09791666666666667
1 0.2578125 0.0546875 0.06875 0.07604166666666666
1 0.158203125 0.5796875 0.06484375 0.078125
1 0.652734375 0.03229166666666667 0.06796875 0.06458333333333334
1 0.517578125 0.6046875 0.04765625 0.109375
1 0.84375 0.24479166666666666 0.0609375 0.09583333333333334
1 0.4375 0.45260416666666664 0.071875 0.10104166666666667
1 0.38828125 0.7052083333333333 0.0671875 0.08125
1 0.478125 0.0265625 0.059375 0.053125
1 0.87890625 0.88125 0.053125 0.08333333333333333
1 0.12734375 0.490625 0.0546875 0.0875
1 0.9 0.7552083333333334 0.046875 0.06458333333333334
1 0.4265625 0.9354166666666667 0.08125 0.10208333333333333
1 0.5 0.41458333333333336 0.0625 0.1125
1 0.5171875 0.17447916666666666 0.0421875 0.09479166666666666
1 0.186328125 0.503125 0.06484375 0.08958333333333333
1 0.88984375 0.16979166666666667 0.071875 0.09791666666666667
1 0.071484375 0.0640625 0.07890625 0.10520833333333333
1 0.0921875 0.8786458333333333 0.0546875 0.084375
1 0.465625 0.7697916666666667 0.06875 0.07291666666666667
1 0.73046875 0.9541666666666667 0.075 0.09166666666666666
1 0.61796875 0.12239583333333333 0.046875 0.07604166666666666
1 0.97109375 0.64375 0.05625 0.1
1 0.150390625 0.09583333333333334 0.06796875 0.11666666666666667
1 0.8890625 0.5708333333333333 0.0734375 0.07916666666666666
1 0.5546875 0.1015625 0.075 0.08020833333333334
1 0.790234375 0.55 0.06796875 0.09166666666666666
1 0.96015625 0.7791666666666667 0.0734375 0.08333333333333333
1 0.36171875 0.3177083333333333 0.0671875 0.09791666666666667
1 0.18984375 0.775 0.06875 0.09583333333333334
1 0.70546875 0.5104166666666666 0.0734375 0.1
1 0.062890625 0.196875 0.06953125 0.08958333333333333
1 0.72578125 0.17916666666666667 0.0734375 0.08333333333333333
1 0.26171875 0.7411458333333333 0.0734375 0.084375
1 0.240234375 0.2994791666666667 0.06328125 0.08645833333333333
1 0.58828125 0.5661458333333333 0.0734375 0.09895833333333333
1 0.214453125 0.10729166666666666 0.05546875 0.07708333333333334
1 0.42265625 0.5416666666666666 0.071875 0.08333333333333333
1 0.66171875 0.4348958333333333 0.0671875 0.096875
1 0.162109375 0.9208333333333333 0.06640625 0.09583333333333334
1 0.65625 0.7 0.065625 0.1
1 0.8703125 0.475 0.0828125 0.10833333333333334
1 0.534375 0.7447916666666666 0.06875 0.09791666666666667
1 0.584375 0.3494791666666667 0.065625 0.090625
1 0.92734375 0.2625 0.075 0.10416666666666667
1 0.1640625 0.2890625 0.08125 0.10729166666666666
1 0.477734375 0.11666666666666667 0.07578125 0.11041666666666666
1 0.391796875 0.790625 0.06640625 0.08958333333333333
1 0.294921875 0.34270833333333334 0.06328125 0.075
1 0.291796875 0.9604166666666667 0.08203125 0.07916666666666666
1 0.342578125 0.06770833333333333 0.07890625 0.09583333333333334
1 0.953125 0.5072916666666667 0.0703125 0.10208333333333333
1 0.64375 0.19270833333333334 0.059375 0.08125
1 0.078125 0.35885416666666664 0.0734375 0.09479166666666666
1 0.564453125 0.43854166666666666 0.07109375 0.09375
1 0.68359375 0.8270833333333333 0.0640625 0.07916666666666666
1 0.656640625 0.29322916666666665 0.07578125 0.09270833333333334
1 0.55859375 0.23958333333333334 0.0828125 0.09583333333333334
1 0.290234375 0.43125 0.07578125 0.09583333333333334
1 0.280859375 0.5614583333333333 0.07265625 0.09791666666666667
1 0.828125 0.3875 0.078125 0.1
1 0.385546875 0.15572916666666667 0.07109375 0.09479166666666666
1 0.8859375 0.05520833333333333 0.06875 0.1
1 0.83671875 0.6229166666666667 0.0671875 0.09166666666666666
1 0.152734375 0.6854166666666667 0.06640625 0.09166666666666666
1 0.9109375 0.3640625 0.078125 0.090625
1 0.359375 0.6203125 0.071875 0.09895833333333333
1 0.136328125 0.809375 0.06796875 0.09791666666666667
1 0.815625 0.7395833333333334 0.065625 0.0875