2 0.7359375 0.1375 0.4984375 0.275
1 0.89375 0.37135416666666665 0.203125 0.4635416666666667
2 0.95625 0.1828125 0.084375 0.109375
2 0.178125 0.44375 0.0859375 0.10416666666666667
0 0.736328125 0.9875 0.08359375 0.025
2 0.89609375 0.0171875 0.1234375 0.034375
2 0.16875 0.984375 0.140625 0.03125
2 0.06015625 0.7583333333333333 0.0828125 0.13333333333333333
1 0.791015625 0.3578125 0.06328125 0.09270833333333334
1 0.5515625 0.5442708333333334 0.075 0.103125
1 0.734375 0.24270833333333333 0.096875 0.11875
2 0.476171875 0.24114583333333334 0.56484375 0.4822916666666667
1 0.987890625 0.096875 0.02421875 0.13541666666666666
1 0.20625 0.08020833333333334 0.078125 0.09583333333333334
1 0.60859375 0.8729166666666667 0.0703125 0.09791666666666667
1 0.96015625 0.18229166666666666 0.0796875 0.10625
2 0.9359375 0.08697916666666666 0.0859375 0.10104166666666667
1 0.01171875 0.6416666666666667 0.0234375 0.11666666666666667
0 0.63671875 0.990625 0.0453125 0.01875
2 0.91328125 0.915625 0.171875 0.16875
2 0.058203125 0.48489583333333336 0.07578125 0.10729166666666666
1 0.67578125 0.9255208333333333 0.084375 0.10520833333333333
2 0.965625 0.6786458333333333 0.06875 0.3302083333333333
1 0.0296875 0.6260416666666667 0.059375 0.11666666666666667
2 0.96953125 0.6104166666666667 0.0609375 0.1375
2 0.221484375 0.11822916666666666 0.44296875 0.23645833333333333
1 0.3125 0.16197916666666667 0.0875 0.10520833333333333
2 0.9203125 0.14739583333333334 0.159375 0.2947916666666667
1 0.2515625 0.70625 0.071875 0.09791666666666667
1 0.065625 0.2734375 0.0890625 0.11145833333333334
1 0.119140625 0.01875 0.09140625 0.0375
1 0.396484375 0.5760416666666667 0.07890625 0.09791666666666667
1 0.434375 0.0484375 0.096875 0.096875
1 0.300390625 0.6114583333333333 0.08203125 0.125
1 0.046484375 0.9609375 0.09296875 0.07604166666666666
1 0.3 0.8791666666666667 0.0953125 0.10416666666666667
1 0.477734375 0.5510416666666667 0.06015625 0.10625
2 0.5796875 0.5848958333333333 0.184375 0.29270833333333335
1 0.17578125 0.4401041666666667 0.0859375 0.10104166666666667
1 0.376953125 0.26927083333333335 0.06484375 0.09270833333333334
2 0.425 0.20416666666666666 0.071875 0.1
1 0.201953125 0.9291666666666667 0.09453125 0.1125
2 0.79296875 0.018229166666666668 0.1578125 0.036458333333333336
1 0.425 0.203125 0.071875 0.09791666666666667
2 0.4171875 0.909375 0.109375 0.16666666666666666
2 0.68671875 0.76875 0.0828125 0.11458333333333333
1 0.7359375 0.8260416666666667 0.078125 0.11666666666666667
2 0.046875 0.9625 0.09375 0.075
1 0.91796875 0.5307291666666667 0.0828125 0.109375
0 0.305859375 0.2598958333333333 0.02734375 0.03229166666666667
2 0.67734375 0.9244791666666666 0.0859375 0.10520833333333333
1 0.8015625 0.45 0.09375 0.1125
2 0.203515625 0.9291666666666667 0.10078125 0.11458333333333333
2 0.73671875 0.24375 0.0953125 0.12083333333333333
2 0.4359375 0.051041666666666666 0.1 0.09791666666666667
1 0.84765625 0.30104166666666665 0.0671875 0.1125
0 0.21640625 0.3307291666666667 0.0671875 0.08020833333333334
1 0.06015625 0.0546875 0.0734375 0.109375
1 0.87734375 0.43802083333333336 0.0703125 0.090625
1 0.2625 0.4875 0.0828125 0.11041666666666666
1 0.93046875 0.4276041666666667 0.0640625 0.109375
1 0.05859375 0.484375 0.0765625 0.10208333333333333
2 0.215625 0.596875 0.0875 0.14375
1 0.28359375 0.08333333333333333 0.0703125 0.1125
1 0.71953125 0.140625 0.08125 0.09375
1 0.03828125 0.8421875 0.0765625 0.096875
1 0.51875 0.25104166666666666 0.065625 0.10208333333333333
0 0.12265625 0.8598958333333333 0.0328125 0.051041666666666666
2 0.299609375 0.6104166666666667 0.08515625 0.12916666666666668
2 0.70390625 0.4890625 0.0921875 0.13854166666666667
2 0.418359375 0.4671875 0.08203125 0.12604166666666666
2 0.455859375 0.30104166666666665 0.08671875 0.12708333333333333
2 0.770703125 0.08645833333333333 0.09765625 0.10208333333333333
1 0.09921875 0.18802083333333333 0.0859375 0.103125
2 0.14453125 0.7578125 0.1171875 0.153125
2 0.2984375 0.8802083333333334 0.096875 0.10625
2 0.84765625 0.6213541666666667 0.1671875 0.21145833333333333