1 0.646484375 0.7765625 0.05859375 0.09479166666666666
1 0.89765625 0.9770833333333333 0.0703125 0.04375
1 0.58828125 0.38125 0.0734375 0.09166666666666666
1 0.48515625 0.8052083333333333 0.0640625 0.08125
1 0.85625 0.19166666666666668 0.2875 0.38333333333333336
1 0.8296875 0.515625 0.0609375 0.10416666666666667
1 0.73359375 0.0171875 0.0890625 0.034375
1 0.825390625 0.019270833333333334 0.09140625 0.03854166666666667
1 0.569921875 0.21979166666666666 0.05703125 0.1
0 0.477734375 0.04583333333333333 0.06796875 0.08333333333333333
1 0.896875 0.359375 0.0765625 0.1
1 0.978125 0.48802083333333335 0.04375 0.13645833333333332
1 0.572265625 0.7760416666666666 0.06953125 0.09375
1 0.7015625 0.036458333333333336 0.0625 0.07291666666666667
1 0.585546875 0.93125 0.07421875 0.0875
0 0.6875 0.12552083333333333 0.071875 0.078125
1 0.3015625 0.03333333333333333 0.0734375 0.06666666666666667
1 0.92265625 0.5739583333333333 0.071875 0.08125
1 0.47890625 0.04583333333333333 0.0640625 0.0875
1 0.309765625 0.29375 0.06796875 0.075
1 0.0171875 0.8921875 0.034375 0.090625
1 0.14921875 0.54375 0.0765625 0.09375
1 0.57890625 0.6552083333333333 0.071875 0.08958333333333333
1 0.6171875 0.33697916666666666 0.078125 0.084375
1 0.287890625 0.221875 0.06953125 0.09375
1 0.026953125 0.4296875 0.05390625 0.09895833333333333
0 0.590625 0.9885416666666667 0.0609375 0.022916666666666665
1 0.74140625 0.221875 0.0703125 0.09375
0 0.97421875 0.9885416666666667 0.0515625 0.022916666666666665
1 0.15859375 0.8854166666666666 0.0640625 0.0875
1 0.7046875 0.9630208333333333 0.08125 0.06979166666666667
1 0.412109375 0.7234375 0.07890625 0.10520833333333333
1 0.6546875 0.4140625 0.0671875 0.08645833333333333
1 0.229296875 0.8885416666666667 0.06640625 0.0875
1 0.515234375 0.9302083333333333 0.06015625 0.11666666666666667
1 0.019140625 0.5208333333333334 0.03828125 0.07916666666666666
1 0.339453125 0.3770833333333333 0.07734375 0.07916666666666666
1 0.209765625 0.96875 0.06796875 0.06041666666666667
1 0.98046875 0.9208333333333333 0.0375 0.10416666666666667
1 0.662890625 0.2734375 0.06015625 0.08229166666666667
1 0.29375 0.7729166666666667 0.084375 0.10833333333333334
1 0.978125 0.23958333333333334 0.0421875 0.09583333333333334
1 0.9765625 0.34270833333333334 0.046875 0.09375
1 0.6984375 0.8177083333333334 0.075 0.0875
1 0.73125 0.8890625 0.075 0.08229166666666667
1 0.91171875 0.051041666666666666 0.075 0.08958333333333333
1 0.65234375 0.6786458333333333 0.0828125 0.09479166666666666
0 0.98203125 0.7598958333333333 0.0359375 0.08020833333333334
1 0.022265625 0.615625 0.04296875 0.10208333333333333
1 0.8140625 0.06614583333333333 0.06875 0.090625
1 0.8671875 0.5192708333333333 0.06875 0.09479166666666666
1 0.519140625 0.13854166666666667 0.07890625 0.09583333333333334
1 0.145703125 0.39947916666666666 0.06796875 0.11145833333333334
1 0.595703125 0.08541666666666667 0.06953125 0.10208333333333333
1 0.1234375 0.9578125 0.078125 0.08020833333333334
1 0.100390625 0.7692708333333333 0.07578125 0.08854166666666667
1 0.97109375 0.6697916666666667 0.0546875 0.08958333333333333
1 0.203125 0.3963541666666667 0.0546875 0.10729166666666666
1 0.76171875 0.403125 0.071875 0.09791666666666667
1 0.93125 0.7963541666666667 0.065625 0.090625
1 0.20078125 0.1421875 0.0625 0.090625
1 0.6609375 0.5088541666666667 0.0765625 0.10104166666666667
1 0.84453125 0.9354166666666667 0.0734375 0.1
1 0.18828125 0.6270833333333333 0.0734375 0.09583333333333334
1 0.098828125 0.2760416666666667 0.06015625 0.09166666666666666
1 0.092578125 0.6583333333333333 0.07265625 0.09791666666666667
1 0.076953125 0.3802083333333333 0.06640625 0.10833333333333334
1 0.034375 0.23802083333333332 0.06875 0.109375
1 0.8421875 0.38333333333333336 0.0734375 0.0875
1 0.1015625 0.17395833333333333 0.059375 0.09375
2 0.232421875 0.05572916666666667 0.09140625 0.096875
1 0.87109375 0.2109375 0.08125 0.10104166666666667
1 0.8546875 0.803125 0.075 0.10416666666666667
1 0.86015625 0.6229166666666667 0.08125 0.08333333333333333
2 0.528125 0.5010416666666667 0.1796875 0.21875
2 0.473828125 0.2760416666666667 0.15546875 0.19375
2 0.34375 0.5223958333333333 0.18125 0.23645833333333333
2 0.41015625 0.9208333333333333 0.1609375 0.15833333333333333