1 0.021484375 0.9760416666666667 0.04296875 0.04375
1 0.89609375 0.5645833333333333 0.0734375 0.10625
1 0.88515625 0.9078125 0.0765625 0.090625
0 0.055859375 0.7713541666666667 0.05234375 0.057291666666666664
1 0.49921875 0.09166666666666666 0.06875 0.1
1 0.990625 0.37083333333333335 0.01875 0.12916666666666668
1 0.4609375 0.8697916666666666 0.075 0.09375
1 0.478125 0.625 0.06875 0.10625
1 0.859375 0.8083333333333333 0.0921875 0.1
1 0.082421875 0.5822916666666667 0.06640625 0.07291666666666667
1 0.98984375 0.8208333333333333 0.0203125 0.11875
1 0.286328125 0.36822916666666666 0.07734375 0.08229166666666667
1 0.04609375 0.68125 0.065625 0.1125
1 0.5390625 0.0890625 0.071875 0.096875
1 0.05390625 0.49270833333333336 0.0671875 0.09791666666666667
1 0.578515625 0.8927083333333333 0.07265625 0.1125
1 0.98125 0.5072916666666667 0.0359375 0.10208333333333333
1 0.17109375 0.07395833333333333 0.0515625 0.0875
1 0.301953125 0.5864583333333333 0.05703125 0.08958333333333333
1 0.3390625 0.9255208333333333 0.0625 0.11145833333333334
1 0.542578125 0.4453125 0.06796875 0.115625
1 0.96640625 0.0265625 0.0625 0.053125
1 0.108984375 0.015625 0.08203125 0.03125
1 0.734375 0.4546875 0.09375 0.09895833333333333
1 0.34296875 0.971875 0.0859375 0.052083333333333336
1 0.517578125 0.0203125 0.07890625 0.040625
1 0.019921875 0.8760416666666667 0.03828125 0.12708333333333333
1 0.205859375 0.021354166666666667 0.07578125 0.042708333333333334
1 0.232421875 0.5927083333333333 0.07578125 0.1
1 0.380859375 0.1109375 0.06484375 0.09479166666666666
1 0.97890625 0.9286458333333333 0.040625 0.121875
1 0.344140625 0.40208333333333335 0.06171875 0.1
1 0.70390625 0.03229166666666667 0.0734375 0.0625
1 0.80703125 0.2630208333333333 0.08125 0.08020833333333334
1 0.5328125 0.8588541666666667 0.071875 0.09270833333333334
1 0.84375 0.5947916666666667 0.0765625 0.09791666666666667
1 0.6390625 0.7770833333333333 0.078125 0.09583333333333334
1 0.865625 0.8520833333333333 0.08125 0.10625
1 0.316015625 0.8286458333333333 0.06171875 0.08020833333333334
1 0.022265625 0.25104166666666666 0.04453125 0.10625
1 0.098046875 0.8177083333333334 0.07109375 0.08333333333333333
1 0.89765625 0.046875 0.0671875 0.08958333333333333
1 0.075390625 0.4359375 0.07578125 0.08645833333333333
1 0.7109375 0.3625 0.08125 0.0875
1 0.925 0.5213541666666667 0.0671875 0.090625
1 0.378125 0.7229166666666667 0.065625 0.06666666666666667
1 0.8171875 0.9614583333333333 0.075 0.07291666666666667
1 0.426171875 0.042708333333333334 0.07109375 0.08125
1 0.96484375 0.6098958333333333 0.0671875 0.090625
1 0.51953125 0.7119791666666667 0.0796875 0.096875
1 0.45 0.9598958333333333 0.06875 0.08020833333333334
1 0.403515625 0.6291666666666667 0.07421875 0.10416666666666667
1 0.8734375 0.16041666666666668 0.075 0.10833333333333334
1 0.46328125 0.4510416666666667 0.065625 0.09375
1 0.5265625 0.6135416666666667 0.071875 0.08958333333333333
1 0.4578125 0.7651041666666667 0.0625 0.08854166666666667
1 0.221875 0.42552083333333335 0.0703125 0.090625
1 0.1984375 0.18333333333333332 0.071875 0.08958333333333333
1 0.07890625 0.16302083333333334 0.0890625 0.10729166666666666
2 0.732421875 0.16666666666666666 0.10078125 0.13333333333333333
1 0.63125 0.40208333333333335 0.084375 0.10625
1 0.259375 0.6635416666666667 0.0703125 0.09791666666666667
1 0.555078125 0.7677083333333333 0.07890625 0.10625
1 0.67421875 0.7255208333333333 0.0765625 0.09895833333333333
2 0.54296875 0.21197916666666666 0.090625 0.146875
1 0.103515625 0.07395833333333333 0.07890625 0.08125
1 0.491796875 0.5296875 0.07421875 0.08020833333333334
2 0.63359375 0.21302083333333333 0.1078125 0.15729166666666666
2 0.26171875 0.9244791666666666 0.1015625 0.140625
1 0.705078125 0.2760416666666667 0.08671875 0.08958333333333333
1 0.584375 0.509375 0.071875 0.09791666666666667
1 0.687890625 0.5421875 0.07109375 0.10104166666666667
2 0.121484375 0.6739583333333333 0.09921875 0.12708333333333333
1 0.237109375 0.10104166666666667 0.08359375 0.10625
2 0.163671875 0.31927083333333334 0.14296875 0.190625
2 0.2625 0.2755208333333333 0.103125 0.128125
1 0.715625 0.6369791666666667 0.090625 0.09479166666666666
1 0.646484375 0.9197916666666667 0.07421875 0.09791666666666667
2 0.097265625 0.9255208333333333 0.13359375 0.146875
1 0.594921875 0.6333333333333333 0.06171875 0.1
2 0.81953125 0.7036458333333333 0.1203125 0.14479166666666668
2 0.50234375 0.34322916666666664 0.1171875 0.159375
2 0.1859375 0.7770833333333333 0.125 0.1625
2 0.80625 0.075 0.11875 0.14791666666666667
2 0.368359375 0.23541666666666666 0.11640625 0.14166666666666666
2 0.37109375 0.5229166666666667 0.1203125 0.15
2 0.953125 0.184375 0.09375 0.14375
2 0.85625 0.44635416666666666 0.128125 0.140625
2 0.73046875 0.846875 0.1078125 0.12708333333333333