1 0.747265625 0.3734375 0.03984375 0.053125
0 0.74140625 0.22135416666666666 0.0140625 0.023958333333333335
0 0.97109375 0.990625 0.040625 0.01875
0 0.74765625 0.040625 0.0203125 0.01875
0 0.71171875 0.5802083333333333 0.0125 0.01875
0 0.2875 0.871875 0.025 0.03125
1 0.551953125 0.9848958333333333 0.06796875 0.030208333333333334
0 0.715625 0.5760416666666667 0.015625 0.01875
0 0.59921875 0.03802083333333333 0.0140625 0.021875
1 0.9859375 0.22395833333333334 0.0265625 0.07708333333333334
0 0.75546875 0.821875 0.0203125 0.035416666666666666
1 0.4828125 0.015104166666666667 0.053125 0.028125
0 0.50078125 0.2520833333333333 0.0390625 0.04375
0 0.4390625 0.28229166666666666 0.028125 0.0375
0 0.0625 0.22395833333333334 0.0234375 0.03333333333333333
1 0.708203125 0.9661458333333334 0.06015625 0.06770833333333333
1 0.73828125 0.9713541666666666 0.0734375 0.05520833333333333
1 0.6859375 0.678125 0.053125 0.07291666666666667
1 0.290625 0.3880208333333333 0.0625 0.11770833333333333
1 0.04765625 0.8598958333333333 0.0734375 0.08645833333333333
0 0.53125 0.010416666666666666 0.0296875 0.01875
1 0.1875 0.975 0.08125 0.04791666666666667
0 0.323046875 0.2296875 0.02578125 0.036458333333333336
0 0.65546875 0.178125 0.0234375 0.03125
0 0.7421875 0.0109375 0.025 0.019791666666666666
0 0.4640625 0.8927083333333333 0.025 0.03333333333333333
1 0.259375 0.9609375 0.0625 0.07604166666666666
1 0.260546875 0.9114583333333334 0.07265625 0.07708333333333334
1 0.98515625 0.8927083333333333 0.028125 0.08958333333333333
1 0.78984375 0.7135416666666666 0.0640625 0.08958333333333333
1 0.280078125 0.020833333333333332 0.08203125 0.041666666666666664
1 0.97890625 0.6541666666666667 0.0421875 0.10208333333333333
1 0.98203125 0.46770833333333334 0.0359375 0.07916666666666666
1 0.85390625 0.03125 0.065625 0.0625
1 0.133203125 0.95625 0.06953125 0.0875
1 0.5078125 0.7802083333333333 0.0546875 0.08541666666666667
1 0.98046875 0.3572916666666667 0.0390625 0.09166666666666666
1 0.52421875 0.5510416666666667 0.0421875 0.11875
1 0.634375 0.8427083333333333 0.0625 0.07708333333333334
0 0.639453125 0.546875 0.02734375 0.035416666666666666
1 0.214453125 0.8296875 0.06171875 0.06770833333333333
1 0.021875 0.08489583333333334 0.04375 0.08645833333333333
1 0.35703125 0.6875 0.059375 0.06875
1 0.96796875 0.5645833333333333 0.0609375 0.09583333333333334
1 0.29453125 0.7348958333333333 0.078125 0.07604166666666666
1 0.08046875 0.5166666666666667 0.0625 0.08958333333333333
1 0.575390625 0.528125 0.05234375 0.08125
1 0.639453125 0.041666666666666664 0.05859375 0.06666666666666667
1 0.58984375 0.43697916666666664 0.0640625 0.09270833333333334
1 0.77421875 0.5994791666666667 0.0578125 0.078125
1 0.065234375 0.03697916666666667 0.06796875 0.07395833333333333
1 0.140625 0.28958333333333336 0.065625 0.075
1 0.87421875 0.3098958333333333 0.0640625 0.08645833333333333
1 0.02421875 0.7791666666666667 0.0484375 0.09166666666666666
1 0.025 0.6104166666666667 0.05 0.10416666666666667
1 0.052734375 0.6979166666666666 0.06171875 0.0875
1 0.721484375 0.7885416666666667 0.05703125 0.08958333333333333
1 0.202734375 0.7453125 0.05859375 0.08229166666666667
1 0.02734375 0.46197916666666666 0.053125 0.096875
1 0.494140625 0.3338541666666667 0.05234375 0.096875
1 0.721875 0.6796875 0.065625 0.08020833333333334
1 0.796875 0.8604166666666667 0.0625 0.0875
1 0.76796875 0.390625 0.0546875 0.07916666666666666
1 0.37578125 0.9395833333333333 0.059375 0.08958333333333333
1 0.021484375 0.215625 0.04296875 0.08958333333333333
1 0.102734375 0.8927083333333333 0.07421875 0.0875
1 0.85546875 0.6125 0.053125 0.075
1 0.50546875 0.940625 0.0890625 0.07708333333333334
1 0.475 0.7697916666666667 0.0625 0.09583333333333334
1 0.036328125 0.9609375 0.07265625 0.071875
1 0.171875 0.5494791666666666 0.065625 0.090625
1 0.2546875 0.5895833333333333 0.071875 0.08333333333333333
1 0.56640625 0.23958333333333334 0.053125 0.1
1 0.601953125 0.7427083333333333 0.07109375 0.08125
1 0.6390625 0.9177083333333333 0.078125 0.07291666666666667
1 0.45 0.5197916666666667 0.075 0.11666666666666667
1 0.85859375 0.9625 0.08125 0.07291666666666667
1 0.94296875 0.28072916666666664 0.06875 0.078125
1 0.90703125 0.7145833333333333 0.0625 0.09166666666666666
1 0.7078125 0.04479166666666667 0.0546875 0.08958333333333333
1 0.095703125 0.6239583333333333 0.06484375 0.08958333333333333
1 0.79140625 0.30885416666666665 0.053125 0.08229166666666667
1 0.4625 0.1 0.06875 0.08541666666666667
1 0.2375 0.5046875 0.071875 0.090625
1 0.119140625 0.40625 0.07109375 0.0875
1 0.7078125 0.88125 0.065625 0.0875
1 0.57421875 0.3625 0.071875 0.06875
1 0.17421875 0.36302083333333335 0.0734375 0.096875
1 0.3328125 0.14635416666666667 0.06875 0.090625
1 0.39609375 0.3385416666666667 0.0671875 0.08958333333333333
1 0.8609375 0.20833333333333334 0.06875 0.09166666666666666
1 0.946875 0.7875 0.071875 0.0875
1 0.65859375 0.6072916666666667 0.0640625 0.07708333333333334
1 0.222265625 0.4276041666666667 0.05078125 0.07604166666666666
1 0.86328125 0.8739583333333333 0.0609375 0.10208333333333333
1 0.692578125 0.15260416666666668 0.06796875 0.08645833333333333
1 0.3359375 0.5708333333333333 0.053125 0.10416666666666667
1 0.52890625 0.43645833333333334 0.0546875 0.09375
1 0.771875 0.09270833333333334 0.065625 0.07916666666666666
1 0.746875 0.525 0.0625 0.0875
1 0.39375 0.18697916666666667 0.05625 0.109375
1 0.46640625 0.6510416666666666 0.0546875 0.08958333333333333
1 0.9359375 0.1703125 0.0859375 0.109375
2 0.89609375 0.46145833333333336 0.1359375 0.17083333333333334
1 0.6109375 0.10989583333333333 0.075 0.08645833333333333
1 0.091796875 0.18385416666666668 0.06171875 0.09270833333333334
1 0.5328125 0.6791666666666667 0.0609375 0.09166666666666666
1 0.61796875 0.2109375 0.0578125 0.09270833333333334
1 0.343359375 0.05260416666666667 0.06328125 0.090625
1 0.3859375 0.459375 0.06875 0.08958333333333333
1 0.115234375 0.7265625 0.05703125 0.109375
1 0.798046875 0.4734375 0.05703125 0.09479166666666666
1 0.81796875 0.6859375 0.0625 0.09479166666666666