1 0.797265625 0.9890625 0.08671875 0.021875
1 0.04453125 0.9838541666666667 0.0890625 0.03229166666666667
1 0.309375 0.209375 0.071875 0.08541666666666667
1 0.96796875 0.3765625 0.0625 0.08645833333333333
1 0.625 0.2609375 0.0578125 0.08854166666666667
0 0.421875 0.45364583333333336 0.015625 0.026041666666666668
1 0.52734375 0.45416666666666666 0.0609375 0.0875
1 0.268359375 0.409375 0.07109375 0.09375
1 0.73828125 0.5072916666666667 0.0640625 0.08541666666666667
0 0.011328125 0.8 0.02109375 0.029166666666666667
1 0.63359375 0.6677083333333333 0.0625 0.08958333333333333
1 0.67578125 0.021875 0.0796875 0.04375
1 0.18984375 0.9828125 0.0890625 0.034375
1 0.390625 0.3494791666666667 0.06875 0.10520833333333333
1 0.44921875 0.8463541666666666 0.0640625 0.090625
1 0.46796875 0.7 0.0640625 0.08333333333333333
1 0.96484375 0.821875 0.0671875 0.08541666666666667
1 0.125 0.871875 0.0671875 0.08541666666666667
1 0.033984375 0.018229166666666668 0.06796875 0.036458333333333336
0 0.7640625 0.2838541666666667 0.025 0.036458333333333336
0 0.10625 0.3072916666666667 0.01875 0.022916666666666665
1 0.86328125 0.7114583333333333 0.071875 0.07291666666666667
1 0.042578125 0.22604166666666667 0.06796875 0.09375
1 0.4484375 0.12395833333333334 0.0625 0.09583333333333334
1 0.903125 0.7739583333333333 0.065625 0.08958333333333333
1 0.03984375 0.13072916666666667 0.065625 0.096875
1 0.971484375 0.9854166666666667 0.05703125 0.029166666666666667
1 0.59765625 0.17083333333333334 0.0578125 0.09583333333333334
0 0.85859375 0.8067708333333333 0.015625 0.028125
1 0.98359375 0.44895833333333335 0.0328125 0.09375
1 0.45390625 0.9744791666666667 0.0734375 0.04895833333333333
1 0.68984375 0.8822916666666667 0.06875 0.08541666666666667
0 0.7765625 0.08802083333333334 0.0234375 0.034375
1 0.58125 0.3078125 0.084375 0.09270833333333334
1 0.790625 0.9322916666666666 0.0765625 0.10625
1 0.027734375 0.5651041666666666 0.05546875 0.115625
1 0.805078125 0.6916666666666667 0.05703125 0.09583333333333334
1 0.98046875 0.06041666666666667 0.0390625 0.10208333333333333
1 0.14296875 0.7739583333333333 0.0765625 0.09791666666666667
1 0.76015625 0.7260416666666667 0.0671875 0.08541666666666667
1 0.96953125 0.9166666666666666 0.0609375 0.1
1 0.60546875 0.016145833333333335 0.0796875 0.03229166666666667
1 0.373828125 0.2765625 0.06484375 0.09895833333333333
1 0.51796875 0.0171875 0.078125 0.034375
1 0.9609375 0.47291666666666665 0.075 0.09583333333333334
1 0.0359375 0.8776041666666666 0.071875 0.09895833333333333
1 0.8203125 0.46510416666666665 0.0640625 0.09270833333333334
1 0.676953125 0.7260416666666667 0.05859375 0.0875
1 0.84453125 0.9625 0.0671875 0.075
1 0.583203125 0.40208333333333335 0.07265625 0.10833333333333334
0 0.180859375 0.5036458333333333 0.02265625 0.03229166666666667
1 0.83515625 0.5515625 0.059375 0.08645833333333333
1 0.12734375 0.01875 0.0734375 0.0375
1 0.968359375 0.253125 0.06328125 0.09583333333333334
1 0.83046875 0.027604166666666666 0.065625 0.053125
1 0.90859375 0.9208333333333333 0.0640625 0.10833333333333334
1 0.385546875 0.978125 0.06953125 0.04375
1 0.52421875 0.978125 0.0734375 0.04375
1 0.117578125 0.47552083333333334 0.06328125 0.09270833333333334
0 0.77578125 0.6447916666666667 0.0203125 0.025
1 0.84921875 0.8895833333333333 0.0703125 0.09166666666666666
1 0.024609375 0.46458333333333335 0.04921875 0.09166666666666666
1 0.23203125 0.5885416666666666 0.0765625 0.09375
1 0.19609375 0.019791666666666666 0.0734375 0.03958333333333333
1 0.93671875 0.10364583333333334 0.065625 0.09270833333333334
1 0.178125 0.9171875 0.078125 0.09895833333333333
1 0.146875 0.27708333333333335 0.0671875 0.09791666666666667
1 0.26875 0.9020833333333333 0.0671875 0.09166666666666666
1 0.02734375 0.33125 0.053125 0.09166666666666666
1 0.18046875 0.421875 0.0765625 0.11875
1 0.290625 0.36822916666666666 0.0671875 0.09270833333333334
1 0.083203125 0.23697916666666666 0.07421875 0.09479166666666666
1 0.35625 0.036458333333333336 0.071875 0.07083333333333333
1 0.748046875 0.023958333333333335 0.06328125 0.04791666666666667
1 0.06875 0.05 0.08125 0.08958333333333333
1 0.4921875 0.240625 0.06875 0.08958333333333333
1 0.55390625 0.6828125 0.0640625 0.08854166666666667
1 0.1609375 0.1640625 0.059375 0.09270833333333334
1 0.56875 0.8885416666666667 0.0625 0.08958333333333333
1 0.97109375 0.5760416666666667 0.05625 0.09791666666666667
1 0.83828125 0.10625 0.0734375 0.09791666666666667
1 0.113671875 0.953125 0.06015625 0.08958333333333333
1 0.773046875 0.165625 0.06484375 0.09166666666666666
1 0.655859375 0.26197916666666665 0.06484375 0.084375
1 0.217578125 0.24114583333333334 0.06015625 0.090625
1 0.35 0.40208333333333335 0.06875 0.09375
1 0.62890625 0.940625 0.0859375 0.09791666666666667
1 0.94921875 0.6546875 0.075 0.09479166666666666
1 0.71953125 0.9489583333333333 0.0734375 0.09375
1 0.191796875 0.6567708333333333 0.06796875 0.09895833333333333
1 0.70859375 0.16510416666666666 0.0640625 0.084375
1 0.8765625 0.5322916666666667 0.0765625 0.09375
1 0.4109375 0.12604166666666666 0.0609375 0.08125
1 0.244921875 0.7046875 0.07265625 0.09479166666666666
1 0.6640625 0.48125 0.0609375 0.09166666666666666
1 0.642578125 0.7604166666666666 0.06328125 0.0875
1 0.40390625 0.5135416666666667 0.0703125 0.08958333333333333
1 0.58125 0.7739583333333333 0.0625 0.07916666666666666
1 0.761328125 0.34322916666666664 0.07734375 0.09895833333333333
1 0.558984375 0.45729166666666665 0.06328125 0.08958333333333333
1 0.6625 0.09791666666666667 0.06875 0.0875
1 0.03671875 0.6703125 0.0734375 0.103125
1 0.6 0.5421875 0.075 0.109375
1 0.10859375 0.6890625 0.0796875 0.09479166666666666
1 0.12734375 0.6104166666666667 0.0703125 0.08541666666666667
1 0.508984375 0.36875 0.07109375 0.08333333333333333
1 0.053515625 0.7677083333333333 0.07890625 0.11041666666666666
1 0.64453125 0.6151041666666667 0.0640625 0.096875
1 0.247265625 0.5098958333333333 0.06640625 0.08854166666666667
1 0.70546875 0.809375 0.0734375 0.08958333333333333
1 0.407421875 0.5932291666666667 0.06640625 0.08645833333333333
1 0.9046875 0.22291666666666668 0.0734375 0.1125
1 0.3359375 0.5817708333333333 0.075 0.09479166666666666
1 0.296875 0.05 0.071875 0.09166666666666666
1 0.50234375 0.603125 0.071875 0.09375
1 0.665625 0.37447916666666664 0.065625 0.08854166666666667
1 0.721875 0.6307291666666667 0.075 0.09895833333333333
1 0.119140625 0.38177083333333334 0.06328125 0.090625
1 0.5109375 0.14739583333333334 0.0703125 0.08020833333333334
1 0.535546875 0.06822916666666666 0.07265625 0.08854166666666667
1 0.423828125 0.9208333333333333 0.06484375 0.08333333333333333
1 0.80703125 0.24635416666666668 0.0734375 0.090625
1 0.222265625 0.07916666666666666 0.06953125 0.09375
1 0.4421875 0.043229166666666666 0.075 0.08645833333333333
1 0.825 0.38385416666666666 0.078125 0.09270833333333334
1 0.63046875 0.17239583333333333 0.0640625 0.09479166666666666
1 0.322265625 0.12447916666666667 0.06015625 0.07395833333333333
1 0.8046875 0.8229166666666666 0.065625 0.09166666666666666
1 0.2140625 0.7885416666666667 0.075 0.09791666666666667
1 0.46953125 0.5020833333333333 0.0734375 0.10833333333333334
1 0.8984375 0.3609375 0.06875 0.09479166666666666
1 0.49453125 0.7677083333333333 0.0609375 0.0875
2 0.88046875 0.6333333333333333 0.071875 0.09166666666666666
1 0.13984375 0.5229166666666667 0.0578125 0.09166666666666666
2 0.36953125 0.721875 0.1171875 0.15625
1 0.7828125 0.584375 0.059375 0.08958333333333333