2 0.216796875 0.4640625 0.10234375 0.12604166666666666
1 0.81484375 0.7640625 0.0734375 0.115625
1 0.019140625 0.146875 0.03828125 0.1125
2 0.60390625 0.978125 0.0859375 0.041666666666666664
2 0.0140625 0.121875 0.0265625 0.16875
1 0.126953125 0.48854166666666665 0.06171875 0.0875
2 0.7265625 0.9401041666666666 0.06875 0.084375
1 0.191796875 0.171875 0.07109375 0.12708333333333333
2 0.8578125 0.019270833333333334 0.06875 0.03854166666666667
1 0.95 0.9697916666666667 0.08125 0.05625
1 0.0671875 0.7479166666666667 0.071875 0.1
1 0.446484375 0.49583333333333335 0.06953125 0.08958333333333333
1 0.7125 0.5713541666666667 0.078125 0.121875
1 0.89296875 0.9145833333333333 0.0625 0.08333333333333333
2 0.017578125 0.028125 0.03515625 0.05416666666666667
2 0.4734375 0.6973958333333333 0.065625 0.12604166666666666
1 0.973828125 0.036458333333333336 0.05234375 0.07083333333333333
0 0.008203125 0.10208333333333333 0.01640625 0.08958333333333333
1 0.91484375 0.019791666666666666 0.075 0.03958333333333333
1 0.614453125 0.052083333333333336 0.07109375 0.09791666666666667
1 0.92421875 0.3885416666666667 0.0625 0.10625
2 0.540625 0.022916666666666665 0.090625 0.04583333333333333
1 0.92421875 0.19375 0.059375 0.11875
1 0.934375 0.8927083333333333 0.06875 0.09375
1 0.25703125 0.959375 0.0703125 0.07708333333333334
1 0.8734375 0.44895833333333335 0.06875 0.10208333333333333
2 0.81796875 0.7614583333333333 0.0859375 0.12291666666666666
1 0.8375 0.6895833333333333 0.0671875 0.09791666666666667
1 0.88671875 0.18229166666666666 0.0578125 0.08125
1 0.97734375 0.22604166666666667 0.0453125 0.14791666666666667
1 0.740625 0.8833333333333333 0.0640625 0.1
1 0.93359375 0.5057291666666667 0.071875 0.115625
1 0.017578125 0.027083333333333334 0.03515625 0.052083333333333336
1 0.813671875 0.01875 0.07421875 0.0375
0 0.222265625 0.3640625 0.06328125 0.078125
1 0.4625 0.7677083333333333 0.065625 0.09791666666666667
1 0.606640625 0.978125 0.07421875 0.04375
1 0.36015625 0.014583333333333334 0.0734375 0.029166666666666667
2 0.204296875 0.16979166666666667 0.09609375 0.13541666666666666
1 0.982421875 0.9572916666666667 0.03515625 0.08333333333333333
1 0.25234375 0.8817708333333333 0.059375 0.08854166666666667
0 0.31796875 0.09010416666666667 0.0671875 0.08020833333333334
1 0.940625 0.7479166666666667 0.078125 0.1125
0 0.741015625 0.9890625 0.06015625 0.021875
1 0.8640625 0.3177083333333333 0.065625 0.08333333333333333
2 0.978125 0.2234375 0.04375 0.15104166666666666
2 0.98828125 0.5291666666666667 0.0234375 0.1625
1 0.46875 0.27708333333333335 0.0640625 0.08333333333333333
1 0.83515625 0.8833333333333333 0.0546875 0.09583333333333334
2 0.50390625 0.35572916666666665 0.0890625 0.08854166666666667
1 0.53515625 0.4864583333333333 0.06875 0.09375
1 0.41875 0.3671875 0.065625 0.08854166666666667
1 0.504296875 0.35572916666666665 0.08984375 0.08645833333333333
1 0.421875 0.8791666666666667 0.06875 0.10833333333333334
1 0.008984375 0.30520833333333336 0.01796875 0.08958333333333333
1 0.54609375 0.7052083333333333 0.059375 0.07083333333333333
1 0.602734375 0.9380208333333333 0.06171875 0.09479166666666666
1 0.7890625 0.46875 0.0734375 0.10833333333333334
1 0.6609375 0.890625 0.059375 0.09375
0 0.48359375 0.06510416666666667 0.0203125 0.026041666666666668
1 0.39296875 0.753125 0.0671875 0.10625
2 0.9765625 0.8197916666666667 0.046875 0.13958333333333334
2 0.469140625 0.27760416666666665 0.06328125 0.08645833333333333
0 0.1203125 0.16302083333333334 0.021875 0.03229166666666667
2 0.58984375 0.17916666666666667 0.0734375 0.10833333333333334
1 0.14609375 0.7625 0.0640625 0.09583333333333334
1 0.93046875 0.60625 0.075 0.07916666666666666
1 0.6640625 0.18229166666666666 0.06875 0.10833333333333334
1 0.70859375 0.7401041666666667 0.0765625 0.128125
1 0.137890625 0.9354166666666667 0.07890625 0.11666666666666667
2 0.93125 0.6072916666666667 0.075 0.08125
2 0.198828125 0.034895833333333334 0.08671875 0.06770833333333333
1 0.28515625 0.8697916666666666 0.0578125 0.08541666666666667
1 0.7578125 0.19114583333333332 0.065625 0.07604166666666666
2 0.61015625 0.30625 0.0765625 0.13333333333333333
2 0.40625 0.6473958333333333 0.06875 0.09895833333333333
1 0.77890625 0.6104166666666667 0.0703125 0.0875
2 0.6640625 0.1828125 0.06875 0.11354166666666667
2 0.6171875 0.7213541666666666 0.08125 0.090625
2 0.8640625 0.10208333333333333 0.103125 0.1375
1 0.0515625 0.9697916666666667 0.075 0.058333333333333334
1 0.098828125 0.019791666666666666 0.07109375 0.03958333333333333
2 0.53515625 0.48385416666666664 0.0671875 0.10104166666666667
1 0.163671875 0.3848958333333333 0.05859375 0.08854166666666667
1 0.61640625 0.7213541666666666 0.0828125 0.084375
1 0.8671875 0.8192708333333333 0.0625 0.08229166666666667
1 0.97890625 0.39947916666666666 0.040625 0.128125
1 0.104296875 0.440625 0.06015625 0.07916666666666666
2 0.780078125 0.46979166666666666 0.09296875 0.11458333333333333
1 0.483203125 0.17447916666666666 0.06171875 0.09270833333333334
1 0.3765625 0.9697916666666667 0.071875 0.05625
1 0.708203125 0.4359375 0.06953125 0.08645833333333333
1 0.98125 0.646875 0.0375 0.09791666666666667
2 0.53671875 0.7927083333333333 0.0828125 0.08958333333333333
1 0.53515625 0.7916666666666666 0.0828125 0.09166666666666666
1 0.22421875 0.3609375 0.0640625 0.078125
1 0.294140625 0.4744791666666667 0.06015625 0.07395833333333333
2 0.69453125 0.03333333333333333 0.0828125 0.0625
2 0.546875 0.7052083333333333 0.059375 0.075
1 0.61015625 0.3046875 0.0734375 0.13229166666666667
2 0.940625 0.7463541666666667 0.0828125 0.11145833333333334
1 0.23046875 0.5885416666666666 0.0609375 0.09166666666666666
2 0.323828125 0.6541666666666667 0.06953125 0.10416666666666667
2 0.616015625 0.04791666666666667 0.06953125 0.09583333333333334
1 0.448046875 0.1375 0.06015625 0.08125
1 0.685546875 0.09635416666666667 0.06484375 0.08020833333333334
2 0.422265625 0.878125 0.06953125 0.11041666666666666
1 0.07734375 0.6072916666666667 0.0609375 0.08125
1 0.590234375 0.63125 0.06484375 0.07916666666666666
2 0.392578125 0.7520833333333333 0.06796875 0.1125
2 0.128125 0.1078125 0.06875 0.08229166666666667
0 0.0390625 0.34270833333333334 0.028125 0.03958333333333333
1 0.066015625 0.2755208333333333 0.05703125 0.09895833333333333
2 0.6015625 0.8510416666666667 0.0875 0.11875
2 0.391015625 0.07239583333333334 0.07421875 0.096875
1 0.1375 0.65 0.071875 0.09166666666666666
1 0.47265625 0.6932291666666667 0.065625 0.121875
2 0.5296875 0.10052083333333334 0.0765625 0.11354166666666667
2 0.05703125 0.08958333333333333 0.071875 0.11666666666666667
1 0.3171875 0.08958333333333333 0.06875 0.08125
2 0.406640625 0.5421875 0.08515625 0.109375
2 0.93359375 0.5072916666666667 0.0734375 0.11458333333333333
1 0.78828125 0.3463541666666667 0.0765625 0.08854166666666667
1 0.54609375 0.2671875 0.0671875 0.096875
1 0.588671875 0.18020833333333333 0.07265625 0.10625
2 0.0484375 0.509375 0.0890625 0.09791666666666667
2 0.11015625 0.8395833333333333 0.1 0.09583333333333334
2 0.708984375 0.740625 0.07734375 0.12916666666666668
1 0.344921875 0.4010416666666667 0.07421875 0.0875
1 0.40546875 0.646875 0.0640625 0.10208333333333333
1 0.3296875 0.775 0.065625 0.09166666666666666
2 0.137109375 0.9354166666666667 0.07890625 0.11666666666666667
2 0.69296875 0.3333333333333333 0.1 0.13541666666666666
1 0.52578125 0.5869791666666667 0.0703125 0.090625
2 0.290234375 0.28854166666666664 0.11796875 0.14791666666666667
2 0.76875 0.09427083333333333 0.096875 0.128125
1 0.84921875 0.5838541666666667 0.0734375 0.096875
1 0.0296875 0.41822916666666665 0.0578125 0.08645833333333333
2 0.2375 0.7682291666666666 0.128125 0.14895833333333333