2 0.266796875 0.10729166666666666 0.53359375 0.21458333333333332
1 0.232421875 0.19427083333333334 0.07890625 0.103125
1 0.185546875 0.6958333333333333 0.05546875 0.08541666666666667
1 0.9734375 0.928125 0.0484375 0.05625
1 0.04140625 0.325 0.0578125 0.0875
1 0.151171875 0.5083333333333333 0.06171875 0.08333333333333333
2 0.273046875 0.63125 0.09765625 0.09583333333333334
2 0.09453125 0.7364583333333333 0.0953125 0.0875
0 0.994921875 0.5770833333333333 0.01015625 0.03958333333333333
1 0.8859375 0.11041666666666666 0.228125 0.22083333333333333
1 0.9078125 0.4088541666666667 0.0625 0.07604166666666666
0 0.006640625 0.9604166666666667 0.01328125 0.07916666666666666
1 0.9859375 0.5005208333333333 0.028125 0.103125
1 0.623828125 0.8802083333333334 0.06796875 0.07291666666666667
1 0.6484375 0.43385416666666665 0.059375 0.08645833333333333
0 0.085546875 0.9885416666666667 0.06328125 0.022916666666666665
0 0.3421875 0.8260416666666667 0.05625 0.08541666666666667
1 0.7390625 0.2557291666666667 0.05625 0.084375
1 0.1765625 0.946875 0.0578125 0.0875
1 0.342578125 0.8260416666666667 0.05390625 0.08541666666666667
0 0.26328125 0.9895833333333334 0.0546875 0.020833333333333332
2 0.73984375 0.2552083333333333 0.0578125 0.08541666666666667
1 0.93046875 0.5067708333333333 0.075 0.11145833333333334
2 0.062109375 0.8515625 0.08515625 0.11145833333333334
1 0.375 0.046875 0.05 0.08125
2 0.93046875 0.5072916666666667 0.075 0.11875
0 0.376171875 0.04635416666666667 0.05078125 0.078125
1 0.213671875 0.94375 0.06015625 0.08333333333333333
1 0.26953125 0.7916666666666666 0.0890625 0.0875
2 0.27109375 0.7916666666666666 0.0875 0.0875
0 0.52734375 0.9901041666666667 0.0390625 0.019791666666666666
1 0.98046875 0.35989583333333336 0.0390625 0.11145833333333334
0 0.646875 0.43333333333333335 0.059375 0.08333333333333333
1 0.07421875 0.3375 0.05625 0.09583333333333334
1 0.93359375 0.9427083333333334 0.05625 0.08958333333333333
2 0.76953125 0.9432291666666667 0.0703125 0.09479166666666666
1 0.770703125 0.6041666666666666 0.06484375 0.07916666666666666
1 0.298046875 0.13333333333333333 0.05859375 0.1
2 0.18984375 0.08802083333333334 0.2453125 0.17604166666666668
1 0.4109375 0.2671875 0.06875 0.09270833333333334
1 0.5296875 0.9328125 0.0640625 0.08854166666666667
1 0.758984375 0.5135416666666667 0.06796875 0.08541666666666667
1 0.706640625 0.96875 0.06796875 0.058333333333333334
1 0.141796875 0.6052083333333333 0.06484375 0.09166666666666666
2 0.51875 0.036458333333333336 0.13125 0.06875
1 0.6890625 0.3609375 0.06875 0.08229166666666667
2 0.33828125 0.5244791666666667 0.1390625 0.16354166666666667
2 0.88515625 0.8276041666666667 0.078125 0.10520833333333333
1 0.8890625 0.24635416666666668 0.0640625 0.08020833333333334
1 0.428515625 0.9171875 0.06640625 0.08854166666666667
1 0.96875 0.8640625 0.059375 0.06770833333333333
1 0.37109375 0.6541666666666667 0.0734375 0.0875
1 0.71015625 0.4505208333333333 0.0515625 0.084375
2 0.030859375 0.45 0.06171875 0.11875
1 0.798046875 0.04114583333333333 0.05859375 0.078125
1 0.0796875 0.65 0.053125 0.07291666666666667
1 0.96640625 0.26510416666666664 0.0640625 0.08020833333333334
1 0.47890625 0.3104166666666667 0.0640625 0.08541666666666667
1 0.160546875 0.7989583333333333 0.06171875 0.09791666666666667
1 0.499609375 0.11302083333333333 0.07265625 0.08229166666666667
1 0.79140625 0.2203125 0.0609375 0.084375
1 0.770703125 0.73125 0.06328125 0.1
1 0.225 0.3963541666666667 0.065625 0.08645833333333333
1 0.51640625 0.23333333333333334 0.06875 0.10416666666666667
1 0.60859375 0.9572916666666667 0.0640625 0.08125
1 0.3609375 0.9447916666666667 0.059375 0.08958333333333333
1 0.259765625 0.290625 0.07734375 0.08958333333333333
1 0.88359375 0.052083333333333336 0.071875 0.09166666666666666
1 0.02421875 0.7114583333333333 0.0484375 0.09375
1 0.44609375 0.1671875 0.0578125 0.09479166666666666
1 0.86015625 0.15 0.0671875 0.09583333333333334
1 0.94296875 0.18072916666666666 0.0578125 0.09270833333333334
2 0.5640625 0.559375 0.10625 0.16875
1 0.035546875 0.06041666666666667 0.07109375 0.09583333333333334
2 0.329296875 0.3802083333333333 0.07890625 0.10416666666666667
1 0.68046875 0.1859375 0.078125 0.09479166666666666
1 0.768359375 0.3463541666666667 0.06640625 0.09895833333333333
2 0.50078125 0.7109375 0.1125 0.19270833333333334
1 0.7296875 0.8552083333333333 0.0625 0.0875
1 0.327734375 0.7239583333333334 0.06171875 0.09375
2 0.142578125 0.4041666666666667 0.08984375 0.10208333333333333
1 0.075390625 0.5583333333333333 0.06015625 0.08958333333333333
1 0.87890625 0.3182291666666667 0.0609375 0.08645833333333333
1 0.821875 0.871875 0.0546875 0.09791666666666667
2 0.666015625 0.746875 0.12265625 0.18125
1 0.87109375 0.928125 0.0609375 0.09375
2 0.46640625 0.4322916666666667 0.1109375 0.14791666666666667
2 0.6609375 0.5739583333333333 0.115625 0.16041666666666668