1 0.392578125 0.9875 0.08671875 0.025
1 0.9921875 0.259375 0.015625 0.09791666666666667
1 0.19140625 0.971875 0.0640625 0.05625
1 0.191015625 0.8072916666666666 0.06484375 0.08958333333333333
1 0.2515625 0.5208333333333334 0.071875 0.12083333333333333
1 0.09296875 0.9875 0.0921875 0.025
1 0.871875 0.984375 0.0765625 0.03125
1 0.558203125 0.4078125 0.09921875 0.09895833333333333
1 0.4453125 0.271875 0.0625 0.09791666666666667
1 0.009375 0.9598958333333333 0.01875 0.08020833333333334
1 0.9453125 0.671875 0.0796875 0.09791666666666667
1 0.23515625 0.8125 0.06875 0.0875
1 0.98203125 0.019270833333333334 0.034375 0.03854166666666667
1 0.25390625 0.016666666666666666 0.0984375 0.03333333333333333
1 0.7453125 0.8625 0.065625 0.09166666666666666
1 0.14765625 0.9375 0.0703125 0.09583333333333334
1 0.659765625 0.36354166666666665 0.06015625 0.08958333333333333
1 0.382421875 0.3229166666666667 0.07421875 0.09166666666666666
1 0.108203125 0.9473958333333333 0.06015625 0.08229166666666667
1 0.49453125 0.9802083333333333 0.109375 0.0375
1 0.64609375 0.03854166666666667 0.0734375 0.07708333333333334
0 0.85546875 0.9041666666666667 0.04375 0.058333333333333334
1 0.101953125 0.321875 0.07734375 0.11458333333333333
1 0.3578125 0.17864583333333334 0.065625 0.09479166666666666
0 0.83046875 0.19895833333333332 0.0265625 0.029166666666666667
1 0.8984375 0.6125 0.0734375 0.09166666666666666
1 0.98125 0.9375 0.0375 0.1125
1 0.016796875 0.23072916666666668 0.03359375 0.12395833333333334
1 0.370703125 0.8739583333333333 0.06796875 0.11041666666666666
1 0.43125 0.5796875 0.0640625 0.08854166666666667
1 0.28984375 0.7739583333333333 0.0703125 0.11458333333333333
1 0.719921875 0.8614583333333333 0.06171875 0.09375
1 0.65390625 0.96875 0.08125 0.0625
1 0.8390625 0.7380208333333333 0.065625 0.08229166666666667
1 0.596875 0.21354166666666666 0.0625 0.10208333333333333
1 0.40390625 0.9380208333333333 0.0796875 0.09895833333333333
1 0.90390625 0.4661458333333333 0.065625 0.09270833333333334
1 0.45390625 0.5114583333333333 0.075 0.1
1 0.59765625 0.8645833333333334 0.06875 0.10833333333333334
1 0.89921875 0.24791666666666667 0.06875 0.0875
1 0.9609375 0.2453125 0.0671875 0.08645833333333333
1 0.573828125 0.028125 0.07890625 0.05625
1 0.01796875 0.5364583333333334 0.0359375 0.09791666666666667
1 0.13359375 0.2265625 0.0734375 0.11770833333333333
1 0.40234375 0.234375 0.0765625 0.09375
1 0.58125 0.42864583333333334 0.071875 0.09479166666666666
1 0.058984375 0.16510416666666666 0.06640625 0.08854166666666667
1 0.8078125 0.03697916666666667 0.0734375 0.071875
1 0.319140625 0.8770833333333333 0.07265625 0.10208333333333333
1 0.30078125 0.478125 0.0609375 0.08541666666666667
1 0.6375 0.1984375 0.0640625 0.08229166666666667
1 0.2453125 0.9583333333333334 0.08125 0.08333333333333333
1 0.1375 0.03958333333333333 0.065625 0.07916666666666666
1 0.95 0.4557291666666667 0.0671875 0.08854166666666667
1 0.65234375 0.28125 0.0765625 0.1
1 0.1828125 0.61875 0.0703125 0.1
1 0.11796875 0.15729166666666666 0.0640625 0.09375
1 0.03828125 0.5895833333333333 0.0703125 0.09583333333333334
1 0.75625 0.215625 0.071875 0.10208333333333333
1 0.703125 0.14427083333333332 0.065625 0.08645833333333333
1 0.22578125 0.10364583333333334 0.071875 0.096875
1 0.499609375 0.7885416666666667 0.07265625 0.08958333333333333
2 0.71953125 0.5984375 0.13125 0.190625
1 0.8875 0.8 0.0859375 0.10833333333333334
1 0.45390625 0.08385416666666666 0.0765625 0.09270833333333334
1 0.438671875 0.14479166666666668 0.08046875 0.09375
1 0.233984375 0.5604166666666667 0.06953125 0.09583333333333334
1 0.8359375 0.37604166666666666 0.0625 0.09791666666666667
1 0.144921875 0.6890625 0.08984375 0.109375
1 0.569921875 0.3296875 0.08359375 0.08645833333333333
1 0.305859375 0.5828125 0.07265625 0.10729166666666666
1 0.721875 0.3770833333333333 0.08125 0.1
1 0.6234375 0.7739583333333333 0.08125 0.11458333333333333
1 0.394140625 0.4864583333333333 0.08046875 0.09583333333333334
1 0.959375 0.0953125 0.071875 0.10520833333333333
1 0.9 0.11979166666666667 0.0796875 0.10625
1 0.33671875 0.6822916666666666 0.0765625 0.09375
1 0.909375 0.90625 0.0796875 0.10416666666666667
1 0.20859375 0.32395833333333335 0.0703125 0.09791666666666667
1 0.135546875 0.40677083333333336 0.07265625 0.096875
1 0.83984375 0.5526041666666667 0.0859375 0.11145833333333334
1 0.06328125 0.8020833333333334 0.0859375 0.1125
1 0.296875 0.215625 0.09375 0.09791666666666667
2 0.55859375 0.6135416666666667 0.175 0.18125
1 0.8390625 0.29375 0.078125 0.09583333333333334