2 0.734375 0.6119791666666666 0.0671875 0.11354166666666667
2 0.424609375 0.6833333333333333 0.13203125 0.18958333333333333
1 0.97109375 0.17291666666666666 0.05625 0.10625
1 0.6984375 0.1625 0.0734375 0.09583333333333334
1 0.9078125 0.05364583333333333 0.075 0.09479166666666666
2 0.971875 0.1734375 0.05625 0.10520833333333333
1 0.88984375 0.7984375 0.059375 0.109375
2 0.49453125 0.9619791666666667 0.0640625 0.07395833333333333
1 0.4953125 0.9614583333333333 0.065625 0.07291666666666667
0 0.1109375 0.009895833333333333 0.021875 0.017708333333333333
2 0.43203125 0.8854166666666666 0.0890625 0.08333333333333333
1 0.0734375 0.24479166666666666 0.075 0.1
1 0.734375 0.6125 0.065625 0.10833333333333334
2 0.81875 0.16354166666666667 0.3625 0.32708333333333334
2 0.447265625 0.027604166666666666 0.07578125 0.05520833333333333
2 0.424609375 0.9817708333333334 0.09765625 0.034375
2 0.68203125 0.6541666666666667 0.071875 0.1
1 0.26015625 0.11458333333333333 0.0796875 0.10416666666666667
0 0.0375 0.7458333333333333 0.028125 0.029166666666666667
1 0.037109375 0.9817708333333334 0.07421875 0.036458333333333336
2 0.1140625 0.53125 0.06875 0.09166666666666666
2 0.87734375 0.978125 0.0875 0.041666666666666664
2 0.024609375 0.28229166666666666 0.04921875 0.1
2 0.8203125 0.628125 0.08125 0.08541666666666667
2 0.8578125 0.021875 0.0734375 0.04375
1 0.3296875 0.6770833333333334 0.075 0.07916666666666666
1 0.03046875 0.08958333333333333 0.0609375 0.10416666666666667
2 0.317578125 0.328125 0.06796875 0.10208333333333333
1 0.82109375 0.628125 0.0828125 0.08333333333333333
1 0.325390625 0.9765625 0.09296875 0.042708333333333334
2 0.326171875 0.9776041666666667 0.08984375 0.042708333333333334
1 0.85703125 0.021875 0.071875 0.04375
1 0.80703125 0.30625 0.0671875 0.07083333333333333
1 0.271875 0.5791666666666667 0.075 0.1125
2 0.039453125 0.9807291666666667 0.07890625 0.034375
2 0.3515625 0.7947916666666667 0.0796875 0.08541666666666667
2 0.031640625 0.08958333333333333 0.06328125 0.10625
2 0.475 0.0984375 0.075 0.08229166666666667
2 0.97109375 0.6463541666666667 0.05625 0.096875
2 0.5453125 0.2484375 0.053125 0.09895833333333333
1 0.79609375 0.696875 0.06875 0.08541666666666667
1 0.946875 0.9635416666666666 0.08125 0.07083333333333333
1 0.08046875 0.6333333333333333 0.0546875 0.11666666666666667
1 0.083984375 0.049479166666666664 0.08046875 0.09895833333333333
1 0.0140625 0.753125 0.028125 0.09791666666666667
2 0.38203125 0.94375 0.0703125 0.09166666666666666
2 0.127734375 0.2760416666666667 0.06015625 0.10833333333333334
1 0.434375 0.8875 0.0828125 0.07916666666666666
1 0.92265625 0.7078125 0.075 0.103125
2 0.029296875 0.4666666666666667 0.05859375 0.0875
1 0.423828125 0.5020833333333333 0.08515625 0.07083333333333333
1 0.8203125 0.9427083333333334 0.078125 0.09375
2 0.85 0.171875 0.0734375 0.10208333333333333
1 0.6046875 0.6807291666666667 0.078125 0.09479166666666666
1 0.1375 0.6541666666666667 0.071875 0.075
1 0.60390625 0.27291666666666664 0.0671875 0.10208333333333333
1 0.021484375 0.3770833333333333 0.04140625 0.0875
2 0.178125 0.3703125 0.0640625 0.084375
2 0.331640625 0.6770833333333334 0.07734375 0.075
2 0.4 0.42291666666666666 0.08125 0.09583333333333334
2 0.426953125 0.503125 0.08046875 0.07291666666666667
2 0.73046875 0.25416666666666665 0.0671875 0.09583333333333334
2 0.61328125 0.8119791666666667 0.0765625 0.078125
2 0.2546875 0.9536458333333333 0.065625 0.09270833333333334
1 0.62890625 0.8958333333333334 0.0703125 0.09166666666666666
1 0.381640625 0.9453125 0.07109375 0.090625
2 0.036328125 0.5447916666666667 0.06953125 0.07708333333333334
1 0.4046875 0.07395833333333333 0.0640625 0.09375
2 0.53671875 0.7541666666666667 0.0734375 0.09791666666666667
1 0.233984375 0.21197916666666666 0.08515625 0.09895833333333333
2 0.201171875 0.9114583333333334 0.07265625 0.10208333333333333
2 0.13671875 0.6541666666666667 0.071875 0.07916666666666666
1 0.62734375 0.19114583333333332 0.0703125 0.08645833333333333
1 0.765625 0.1453125 0.06875 0.08854166666666667
1 0.05234375 0.7958333333333333 0.0671875 0.1
2 0.130859375 0.9239583333333333 0.06953125 0.09375
1 0.128515625 0.2755208333333333 0.06171875 0.10520833333333333
1 0.255859375 0.9541666666666667 0.06796875 0.0875
1 0.44921875 0.027083333333333334 0.0765625 0.05416666666666667
1 0.31796875 0.32864583333333336 0.0703125 0.096875
1 0.97109375 0.04479166666666667 0.05625 0.08958333333333333
1 0.84140625 0.5197916666666667 0.0703125 0.09166666666666666
0 0.626171875 0.590625 0.02734375 0.04375
2 0.1484375 0.45364583333333336 0.08125 0.096875
2 0.796484375 0.6979166666666666 0.06796875 0.08125
1 0.97109375 0.6447916666666667 0.05625 0.09375
2 0.081640625 0.15052083333333333 0.08359375 0.08854166666666667
2 0.607421875 0.6760416666666667 0.07890625 0.09375
1 0.95703125 0.5598958333333334 0.071875 0.09895833333333333
1 0.08046875 0.15208333333333332 0.0859375 0.0875
2 0.3671875 0.2755208333333333 0.06875 0.084375
0 0.625 0.990625 0.0375 0.01875
2 0.484765625 0.8125 0.06328125 0.09166666666666666
1 0.025 0.28072916666666664 0.05 0.09895833333333333
2 0.561328125 0.9380208333333333 0.08046875 0.11979166666666667
2 0.04140625 0.9119791666666667 0.0765625 0.09270833333333334
2 0.4046875 0.07395833333333333 0.0625 0.09791666666666667
2 0.95546875 0.5614583333333333 0.06875 0.09791666666666667
2 0.80703125 0.30833333333333335 0.0671875 0.07083333333333333
1 0.0296875 0.4661458333333333 0.059375 0.08645833333333333
2 0.76640625 0.14270833333333333 0.06875 0.08958333333333333
1 0.366015625 0.2760416666666667 0.07109375 0.08333333333333333
2 0.628515625 0.896875 0.06640625 0.09583333333333334
2 0.649609375 0.027083333333333334 0.08046875 0.052083333333333336
1 0.56796875 0.13802083333333334 0.075 0.090625
1 0.476171875 0.0984375 0.07734375 0.08229166666666667
2 0.655078125 0.74375 0.08203125 0.09166666666666666
2 0.3421875 0.48854166666666665 0.0703125 0.10208333333333333
1 0.3421875 0.48854166666666665 0.06875 0.09791666666666667
2 0.88828125 0.6 0.075 0.09166666666666666
1 0.61328125 0.8125 0.0765625 0.075
1 0.1484375 0.45260416666666664 0.08125 0.09479166666666666
2 0.62734375 0.19166666666666668 0.06875 0.0875
1 0.8875 0.5994791666666667 0.075 0.09479166666666666
2 0.34140625 0.8822916666666667 0.078125 0.09791666666666667
2 0.313671875 0.21041666666666667 0.07265625 0.1
2 0.1734375 0.5828125 0.0765625 0.09479166666666666
2 0.56796875 0.13854166666666667 0.0734375 0.09166666666666666
2 0.84140625 0.5171875 0.0703125 0.09895833333333333
1 0.534375 0.7572916666666667 0.075 0.09375
1 0.253125 0.3609375 0.075 0.08854166666666667
1 0.399609375 0.42291666666666666 0.08203125 0.09583333333333334
1 0.7734375 0.8598958333333333 0.075 0.08645833333333333
2 0.700390625 0.16197916666666667 0.07421875 0.10104166666666667
1 0.64375 0.09947916666666666 0.08125 0.09479166666666666
1 0.5453125 0.24791666666666667 0.053125 0.1
1 0.350390625 0.7927083333333333 0.07734375 0.08541666666666667
1 0.9609375 0.8927083333333333 0.0765625 0.06875
2 0.8125 0.0828125 0.0875 0.09270833333333334
1 0.494140625 0.2989583333333333 0.07578125 0.09166666666666666
0 0.301953125 0.8479166666666667 0.03203125 0.041666666666666664
2 0.1375 0.7395833333333334 0.078125 0.08541666666666667
2 0.92578125 0.7072916666666667 0.075 0.10416666666666667
1 0.027734375 0.628125 0.05546875 0.09166666666666666
2 0.345703125 0.12083333333333333 0.07734375 0.09791666666666667
1 0.6828125 0.6541666666666667 0.071875 0.09583333333333334
1 0.1359375 0.7385416666666667 0.078125 0.08541666666666667
2 0.64453125 0.1 0.0796875 0.09791666666666667
1 0.731640625 0.7484375 0.06640625 0.10729166666666666
2 0.308203125 0.04583333333333333 0.07421875 0.08541666666666667
2 0.48828125 0.45989583333333334 0.0703125 0.084375
1 0.5703125 0.6072916666666667 0.0625 0.09375
0 0.35625 0.04010416666666667 0.021875 0.026041666666666668
1 0.846875 0.8505208333333333 0.0671875 0.090625
1 0.177734375 0.3703125 0.06640625 0.08020833333333334
2 0.234375 0.21197916666666666 0.0859375 0.09895833333333333
1 0.3125 0.21041666666666667 0.071875 0.1
1 0.109765625 0.5322916666666667 0.07109375 0.09791666666666667
2 0.80078125 0.22760416666666666 0.0765625 0.084375
1 0.608984375 0.38958333333333334 0.06953125 0.09791666666666667
1 0.56171875 0.9375 0.08125 0.12083333333333333
1 0.24375 0.4505208333333333 0.084375 0.08229166666666667
2 0.26015625 0.1125 0.08125 0.10208333333333333
2 0.083984375 0.04895833333333333 0.08203125 0.09791666666666667
1 0.341796875 0.5942708333333333 0.06171875 0.090625
2 0.273828125 0.5786458333333333 0.07578125 0.11354166666666667
2 0.52421875 0.5265625 0.075 0.078125
1 0.1109375 0.83125 0.0703125 0.1
1 0.1 0.37135416666666665 0.0734375 0.09479166666666666
1 0.537890625 0.042708333333333334 0.07109375 0.08333333333333333
1 0.03515625 0.5447916666666667 0.0703125 0.07708333333333334
1 0.13203125 0.9229166666666667 0.06875 0.09166666666666666
1 0.484375 0.8119791666666667 0.0640625 0.08854166666666667
2 0.8203125 0.9427083333333334 0.078125 0.09583333333333334
1 0.04140625 0.9125 0.078125 0.09166666666666666
1 0.73046875 0.2526041666666667 0.0671875 0.09270833333333334
1 0.46640625 0.3802083333333333 0.0640625 0.08125
1 0.687890625 0.8322916666666667 0.07265625 0.08958333333333333
1 0.8015625 0.78125 0.075 0.07916666666666666
1 0.53671875 0.3880208333333333 0.0671875 0.09479166666666666
1 0.61953125 0.4765625 0.0625 0.06979166666666667
1 0.196484375 0.284375 0.06796875 0.0875
1 0.95546875 0.80625 0.071875 0.0875
2 0.18671875 0.8119791666666667 0.0765625 0.09479166666666666
1 0.653515625 0.7427083333333333 0.08203125 0.08958333333333333
1 0.481640625 0.20104166666666667 0.08359375 0.1
1 0.67265625 0.540625 0.0703125 0.08541666666666667
1 0.2 0.9109375 0.071875 0.10104166666666667
2 0.7046875 0.41875 0.1375 0.18333333333333332