1 0.52890625 0.8552083333333333 0.059375 0.08958333333333333
1 0.53828125 0.94375 0.0671875 0.09583333333333334
1 0.97109375 0.06770833333333333 0.0578125 0.09791666666666667
0 0.995703125 0.7114583333333333 0.00859375 0.05625
2 0.990625 0.85 0.01875 0.10833333333333334
2 0.485546875 0.019791666666666666 0.07421875 0.0375
0 0.57265625 0.9885416666666667 0.06875 0.022916666666666665
2 0.97421875 0.14635416666666667 0.0484375 0.10520833333333333
0 0.090234375 0.027604166666666666 0.06796875 0.051041666666666666
0 0.17734375 0.11979166666666667 0.0203125 0.014583333333333334
2 0.021875 0.4552083333333333 0.04375 0.09791666666666667
2 0.019140625 0.2328125 0.03671875 0.09270833333333334
0 0.990625 0.8541666666666666 0.01875 0.1
2 0.4125 0.9723958333333333 0.078125 0.05520833333333333
2 0.18828125 0.16145833333333334 0.0734375 0.1
2 0.62109375 0.2604166666666667 0.0765625 0.09375
1 0.01875 0.23229166666666667 0.0375 0.09166666666666666
2 0.62578125 0.8885416666666667 0.0609375 0.08958333333333333
0 0.402734375 0.6885416666666667 0.01328125 0.01875
1 0.975 0.1484375 0.0484375 0.103125
1 0.175 0.7213541666666666 0.075 0.09895833333333333
1 0.89296875 0.971875 0.0671875 0.05625
2 0.64296875 0.35520833333333335 0.0734375 0.09583333333333334
1 0.79765625 0.042708333333333334 0.0828125 0.08541666666666667
1 0.7015625 0.728125 0.065625 0.09791666666666667
1 0.7453125 0.1234375 0.05625 0.084375
2 0.09140625 0.027604166666666666 0.06875 0.053125
2 0.251953125 0.41770833333333335 0.07421875 0.1
2 0.51875 0.6442708333333333 0.090625 0.209375
2 0.338671875 0.9822916666666667 0.09140625 0.03125
2 0.89375 0.971875 0.06875 0.052083333333333336
1 0.394921875 0.234375 0.06640625 0.1
2 0.985546875 0.5484375 0.02890625 0.11979166666666667
2 0.909375 0.036458333333333336 0.0671875 0.07291666666666667
1 0.432421875 0.43072916666666666 0.07890625 0.08854166666666667
2 0.411328125 0.7317708333333334 0.07421875 0.09479166666666666
1 0.72578125 0.8161458333333333 0.0859375 0.08645833333333333
0 0.465234375 0.20989583333333334 0.01796875 0.019791666666666666
1 0.128515625 0.6005208333333333 0.08203125 0.09895833333333333
1 0.784765625 0.19166666666666668 0.08359375 0.1
1 0.6265625 0.8875 0.065625 0.0875
1 0.4125 0.9734375 0.078125 0.053125
1 0.48515625 0.018229166666666668 0.0703125 0.036458333333333336
1 0.251953125 0.4171875 0.07578125 0.09895833333333333
1 0.82734375 0.42604166666666665 0.0703125 0.09166666666666666
2 0.708984375 0.40677083333333336 0.07421875 0.096875
0 0.8421875 0.9723958333333333 0.034375 0.051041666666666666
2 0.786328125 0.19166666666666668 0.08203125 0.1
2 0.74375 0.12552083333333333 0.05625 0.08645833333333333
2 0.756640625 0.6645833333333333 0.07578125 0.10416666666666667
1 0.9796875 0.42916666666666664 0.0390625 0.10416666666666667
1 0.6203125 0.259375 0.0734375 0.08958333333333333
2 0.828125 0.4265625 0.06875 0.09479166666666666
2 0.206640625 0.7739583333333333 0.06484375 0.08541666666666667
1 0.75625 0.6625 0.0796875 0.10833333333333334
2 0.603125 0.6166666666666667 0.084375 0.09583333333333334
1 0.187890625 0.16145833333333334 0.07421875 0.09791666666666667
2 0.395703125 0.2359375 0.06796875 0.096875
2 0.817578125 0.6098958333333333 0.07265625 0.10520833333333333
2 0.176171875 0.7197916666666667 0.07890625 0.09791666666666667
2 0.1984375 0.3572916666666667 0.075 0.10625
1 0.412109375 0.7333333333333333 0.07578125 0.09166666666666666
1 0.8171875 0.6104166666666667 0.0734375 0.10416666666666667
2 0.075 0.70625 0.071875 0.09583333333333334
1 0.021875 0.4552083333333333 0.0421875 0.09583333333333334
2 0.6578125 0.9520833333333333 0.078125 0.09375
2 0.433984375 0.43125 0.07890625 0.08958333333333333
2 0.129296875 0.6010416666666667 0.08203125 0.10208333333333333
1 0.60234375 0.6166666666666667 0.084375 0.09583333333333334
2 0.053125 0.1484375 0.0890625 0.09895833333333333
1 0.46875 0.9354166666666667 0.075 0.09583333333333334
1 0.144140625 0.8927083333333333 0.08046875 0.09791666666666667
1 0.024609375 0.64375 0.04765625 0.0875
1 0.253125 0.23125 0.071875 0.09166666666666666
1 0.828125 0.13854166666666667 0.0703125 0.09791666666666667
1 0.95234375 0.9005208333333333 0.0625 0.12604166666666666
1 0.88671875 0.11145833333333334 0.0625 0.09791666666666667
1 0.64296875 0.353125 0.071875 0.09375
2 0.413671875 0.6135416666666667 0.07890625 0.09791666666666667
1 0.319140625 0.7984375 0.08046875 0.09895833333333333
2 0.51875 0.5057291666666667 0.06875 0.09270833333333334
1 0.70859375 0.40572916666666664 0.0734375 0.096875
1 0.14140625 0.5067708333333333 0.0765625 0.090625
1 0.439453125 0.834375 0.08359375 0.10416666666666667
2 0.46875 0.3375 0.06875 0.08958333333333333
1 0.884375 0.9083333333333333 0.0734375 0.09166666666666666
1 0.416796875 0.0390625 0.08828125 0.07395833333333333
1 0.688671875 0.096875 0.07734375 0.11666666666666667
2 0.2640625 0.5046875 0.075 0.08854166666666667
2 0.726953125 0.8177083333333334 0.08671875 0.08541666666666667
2 0.52578125 0.07552083333333333 0.0796875 0.096875
1 0.216796875 0.050520833333333334 0.07421875 0.096875
2 0.6015625 0.4276041666666667 0.0796875 0.090625
1 0.28828125 0.0609375 0.0671875 0.103125
1 0.76484375 0.48125 0.0734375 0.10208333333333333
1 0.89453125 0.39739583333333334 0.071875 0.09479166666666666
2 0.6953125 0.584375 0.06875 0.09375
2 0.86796875 0.7114583333333333 0.0640625 0.09166666666666666
1 0.96171875 0.6484375 0.075 0.09270833333333334
2 0.208984375 0.9583333333333334 0.09296875 0.08125
1 0.8984375 0.25364583333333335 0.0765625 0.09895833333333333
2 0.100390625 0.7947916666666667 0.08046875 0.10208333333333333
2 0.773046875 0.2864583333333333 0.08359375 0.10416666666666667
1 0.3328125 0.1734375 0.071875 0.09479166666666666
1 0.60078125 0.5208333333333334 0.0859375 0.09166666666666666
1 0.050390625 0.31979166666666664 0.08828125 0.10208333333333333
1 0.8796875 0.5177083333333333 0.0765625 0.09791666666666667
2 0.270703125 0.675 0.07734375 0.10416666666666667
2 0.495703125 0.1796875 0.07421875 0.09895833333333333
1 0.9671875 0.7520833333333333 0.0625 0.10416666666666667
2 0.334375 0.4744791666666667 0.071875 0.096875
2 0.60625 0.7651041666666667 0.1296875 0.178125