0 0.853125 0.1578125 0.021875 0.026041666666666668
1 0.5078125 0.6171875 0.059375 0.08229166666666667
1 0.9890625 0.39791666666666664 0.021875 0.12708333333333333
1 0.18515625 0.0671875 0.059375 0.08854166666666667
1 0.4671875 0.7114583333333333 0.075 0.09791666666666667
2 0.82265625 0.109375 0.3546875 0.21875
1 0.95390625 0.029166666666666667 0.078125 0.058333333333333334
1 0.05625 0.016666666666666666 0.0796875 0.03333333333333333
1 0.2 0.24010416666666667 0.06875 0.115625
1 0.0984375 0.234375 0.0625 0.08958333333333333
1 0.989453125 0.303125 0.02109375 0.09791666666666667
1 0.430078125 0.959375 0.07109375 0.08125
1 0.7015625 0.24583333333333332 0.071875 0.0875
1 0.36171875 0.9598958333333333 0.0640625 0.078125
0 0.006640625 0.7161458333333334 0.01328125 0.07395833333333333
1 0.010546875 0.25364583333333335 0.01953125 0.09895833333333333
1 0.6265625 0.21875 0.078125 0.10833333333333334
1 0.96796875 0.8416666666666667 0.0640625 0.0875
0 0.125390625 0.46979166666666666 0.02109375 0.022916666666666665
1 0.96640625 0.23385416666666667 0.065625 0.09270833333333334
2 0.399609375 0.044270833333333336 0.07734375 0.084375
1 0.021484375 0.6046875 0.04296875 0.12395833333333334
0 0.18671875 0.6989583333333333 0.025 0.03958333333333333
2 0.08828125 0.403125 0.071875 0.10416666666666667
1 0.012109375 0.959375 0.02421875 0.08125
2 0.4828125 0.06770833333333333 0.0828125 0.08958333333333333
1 0.601171875 0.32135416666666666 0.06015625 0.12395833333333334
2 0.94453125 0.603125 0.0859375 0.11875
1 0.11484375 0.021875 0.065625 0.04375
0 0.846875 0.5375 0.025 0.035416666666666666
0 0.8703125 0.9463541666666667 0.025 0.034375
1 0.92109375 0.3640625 0.0609375 0.08854166666666667
0 0.56171875 0.5317708333333333 0.0296875 0.040625
2 0.990234375 0.7276041666666667 0.01953125 0.15729166666666666
1 0.042578125 0.8729166666666667 0.06484375 0.0875
1 0.771875 0.9614583333333333 0.06875 0.07708333333333334
1 0.21328125 0.08177083333333333 0.0578125 0.08645833333333333
1 0.60625 0.959375 0.071875 0.08125
1 0.198046875 0.2947916666666667 0.06484375 0.08541666666666667
2 0.02109375 0.6052083333333333 0.0421875 0.12291666666666666
0 0.984375 0.8932291666666666 0.01875 0.028125
1 0.25859375 0.96875 0.0625 0.06041666666666667
1 0.85390625 0.017708333333333333 0.0640625 0.035416666666666666
1 0.58046875 0.12291666666666666 0.0796875 0.09583333333333334
1 0.55546875 0.04010416666666667 0.0765625 0.078125
1 0.8140625 0.6916666666666667 0.0609375 0.0875
0 0.782421875 0.06927083333333334 0.03984375 0.04479166666666667
0 0.69140625 0.565625 0.0296875 0.041666666666666664
1 0.051171875 0.975 0.06953125 0.04583333333333333
1 0.009375 0.35052083333333334 0.01875 0.096875
1 0.37890625 0.4270833333333333 0.0875 0.09583333333333334
1 0.87578125 0.60625 0.0640625 0.09583333333333334
1 0.036328125 0.1578125 0.07109375 0.103125
2 0.319921875 0.6963541666666667 0.08203125 0.109375
2 0.55546875 0.04114583333333333 0.0796875 0.08020833333333334
1 0.3546875 0.6098958333333333 0.071875 0.06979166666666667
0 0.815625 0.07916666666666666 0.0265625 0.035416666666666666
1 0.100390625 0.90625 0.09296875 0.09166666666666666
1 0.087109375 0.40572916666666664 0.07109375 0.10520833333333333
1 0.8953125 0.515625 0.0671875 0.09791666666666667
2 0.62890625 0.215625 0.0765625 0.10625
0 0.98203125 0.63125 0.021875 0.03125
1 0.153515625 0.16510416666666666 0.05234375 0.09479166666666666
2 0.102734375 0.9083333333333333 0.08828125 0.09583333333333334
2 0.035546875 0.15833333333333333 0.06953125 0.10208333333333333
0 0.20625 0.5276041666666667 0.025 0.03229166666666667
1 0.574609375 0.8302083333333333 0.08203125 0.10625
1 0.63984375 0.03125 0.0703125 0.06041666666666667
1 0.30390625 0.909375 0.0609375 0.08541666666666667
1 0.284765625 0.790625 0.08203125 0.08958333333333333
1 0.9671875 0.48854166666666665 0.0640625 0.09791666666666667
1 0.124609375 0.26979166666666665 0.05859375 0.1
0 0.019140625 0.7427083333333333 0.02421875 0.03125
1 0.274609375 0.2791666666666667 0.07734375 0.10416666666666667
1 0.6625 0.1515625 0.075 0.084375
1 0.372265625 0.23385416666666667 0.06640625 0.08229166666666667
1 0.634765625 0.3953125 0.07578125 0.090625
2 0.21484375 0.8598958333333333 0.0828125 0.09895833333333333
1 0.04765625 0.659375 0.0734375 0.08958333333333333
1 0.726953125 0.6416666666666667 0.07265625 0.0875
1 0.31875 0.6979166666666666 0.08125 0.10833333333333334
1 0.24765625 0.6427083333333333 0.0640625 0.09166666666666666
1 0.4734375 0.2635416666666667 0.071875 0.11458333333333333
1 0.180859375 0.6328125 0.06328125 0.08854166666666667
1 0.4796875 0.06822916666666666 0.078125 0.08854166666666667
2 0.27734375 0.2796875 0.0796875 0.10520833333333333
1 0.812109375 0.175 0.07421875 0.09583333333333334
1 0.85546875 0.26197916666666665 0.0609375 0.084375
1 0.53515625 0.3078125 0.0703125 0.084375
1 0.32109375 0.5166666666666667 0.0640625 0.09166666666666666
1 0.81171875 0.3145833333333333 0.059375 0.09166666666666666
1 0.9609375 0.11666666666666667 0.078125 0.09583333333333334
1 0.27890625 0.1609375 0.071875 0.11354166666666667
1 0.39765625 0.043229166666666666 0.0796875 0.08229166666666667
1 0.039453125 0.32083333333333336 0.06328125 0.09583333333333334
1 0.49765625 0.803125 0.0703125 0.09375
2 0.380859375 0.42604166666666665 0.08828125 0.10208333333333333
1 0.544140625 0.21510416666666668 0.07734375 0.09270833333333334
2 0.205859375 0.39479166666666665 0.08671875 0.10208333333333333
2 0.578515625 0.12291666666666666 0.07890625 0.1
1 0.180078125 0.9557291666666666 0.08046875 0.084375
1 0.79296875 0.8677083333333333 0.0640625 0.09166666666666666
1 0.198046875 0.4828125 0.08046875 0.07604166666666666
1 0.700390625 0.06302083333333333 0.06328125 0.08645833333333333
2 0.656640625 0.49166666666666664 0.10234375 0.13125
1 0.772265625 0.24322916666666666 0.06328125 0.096875
1 0.34609375 0.8421875 0.0796875 0.09895833333333333
1 0.4484375 0.15729166666666666 0.1 0.09375
2 0.2953125 0.04791666666666667 0.0875 0.09583333333333334
1 0.068359375 0.7453125 0.06171875 0.08854166666666667
1 0.142578125 0.3671875 0.06171875 0.090625
1 0.1203125 0.5822916666666667 0.078125 0.08125
1 0.85078125 0.7942708333333334 0.06875 0.09270833333333334
1 0.8796875 0.6838541666666667 0.0609375 0.08645833333333333
2 0.673046875 0.7541666666666667 0.14609375 0.16666666666666666