1 0.9375 0.011458333333333333 0.0828125 0.022916666666666665
1 0.625 0.051041666666666666 0.0640625 0.08333333333333333
1 0.66015625 0.8822916666666667 0.0671875 0.09375
1 0.00859375 0.4 0.0171875 0.1
1 0.159765625 0.946875 0.06796875 0.09166666666666666
1 0.187109375 0.44635416666666666 0.06640625 0.084375
1 0.714453125 0.019791666666666666 0.08046875 0.03958333333333333
1 0.36015625 0.9645833333333333 0.0796875 0.07083333333333333
0 0.296484375 0.42604166666666665 0.01796875 0.020833333333333332
1 0.5484375 0.6989583333333333 0.059375 0.08541666666666667
1 0.008203125 0.07916666666666666 0.01640625 0.10625
1 0.89296875 0.9302083333333333 0.0625 0.08541666666666667
0 0.063671875 0.8729166666666667 0.02109375 0.029166666666666667
1 0.9828125 0.65625 0.034375 0.1125
1 0.449609375 0.6401041666666667 0.07109375 0.090625
1 0.30390625 0.013020833333333334 0.0765625 0.026041666666666668
1 0.48203125 0.09791666666666667 0.0640625 0.09166666666666666
1 0.02890625 0.0140625 0.0578125 0.028125
1 0.128515625 0.17604166666666668 0.05859375 0.08541666666666667
1 0.29140625 0.2328125 0.0640625 0.09270833333333334
1 0.046875 0.98125 0.08125 0.0375
1 0.11953125 0.44583333333333336 0.0671875 0.08958333333333333
1 0.076953125 0.9354166666666667 0.06328125 0.09166666666666666
1 0.66875 0.16979166666666667 0.0625 0.09791666666666667
1 0.569140625 0.01875 0.06953125 0.0375
0 0.472265625 0.008854166666666666 0.03359375 0.017708333333333333
0 0.63984375 0.8005208333333333 0.0234375 0.023958333333333335
1 0.54921875 0.965625 0.0734375 0.06875
1 0.596875 0.45729166666666665 0.06875 0.10208333333333333
1 0.2390625 0.3776041666666667 0.06875 0.09479166666666666
1 0.159375 0.16354166666666667 0.05625 0.08958333333333333
1 0.016015625 0.9072916666666667 0.03203125 0.08958333333333333
1 0.017578125 0.3078125 0.03515625 0.090625
1 0.8265625 0.9671875 0.0609375 0.065625
1 0.547265625 0.033854166666666664 0.06640625 0.065625
0 0.3828125 0.5083333333333333 0.0203125 0.025
1 0.325390625 0.7239583333333334 0.07421875 0.0875
0 0.6734375 0.29635416666666664 0.025 0.03854166666666667
0 0.71328125 0.525 0.0234375 0.03333333333333333
1 0.366796875 0.015104166666666667 0.06796875 0.030208333333333334
1 0.726953125 0.3541666666666667 0.06328125 0.08333333333333333
1 0.9703125 0.3765625 0.059375 0.08854166666666667
0 0.48515625 0.19479166666666667 0.0203125 0.022916666666666665
0 0.319921875 0.05364583333333333 0.01953125 0.030208333333333334
1 0.134375 0.7510416666666667 0.059375 0.08541666666666667
1 0.513671875 0.10572916666666667 0.06171875 0.08645833333333333
0 0.775390625 0.24427083333333333 0.02265625 0.023958333333333335
1 0.9015625 0.96875 0.0640625 0.058333333333333334
1 0.11484375 0.030208333333333334 0.06875 0.06041666666666667
1 0.33359375 0.5932291666666667 0.0578125 0.08645833333333333
1 0.1140625 0.08645833333333333 0.0703125 0.09375
0 0.69296875 0.7854166666666667 0.021875 0.029166666666666667
1 0.31875 0.6802083333333333 0.0734375 0.08958333333333333
0 0.41171875 0.503125 0.0328125 0.04791666666666667
0 0.18046875 0.6302083333333334 0.0234375 0.03125
1 0.196875 0.5614583333333333 0.059375 0.08541666666666667
1 0.29375 0.5890625 0.065625 0.090625
1 0.05546875 0.821875 0.065625 0.08541666666666667
0 0.241015625 0.6145833333333334 0.02421875 0.03333333333333333
1 0.22578125 0.5463541666666667 0.059375 0.08229166666666667
0 0.9421875 0.7828125 0.0234375 0.034375
1 0.96640625 0.959375 0.065625 0.08125
0 0.465625 0.2046875 0.021875 0.028125
1 0.73515625 0.2609375 0.0640625 0.08854166666666667
1 0.099609375 0.7583333333333333 0.05859375 0.0875
1 0.723828125 0.834375 0.07890625 0.09375
1 0.680078125 0.9005208333333333 0.06015625 0.08854166666666667
1 0.759375 0.1125 0.071875 0.08958333333333333
1 0.030078125 0.634375 0.06015625 0.09791666666666667
1 0.975 0.215625 0.05 0.08333333333333333
1 0.796484375 0.3703125 0.07109375 0.08229166666666667
1 0.15859375 0.48020833333333335 0.0734375 0.08958333333333333
1 0.491015625 0.46458333333333335 0.06796875 0.08333333333333333
1 0.317578125 0.23802083333333332 0.06171875 0.08229166666666667
1 0.42578125 0.946875 0.075 0.09791666666666667
1 0.97734375 0.7942708333333334 0.0453125 0.08645833333333333
1 0.220703125 0.9 0.07109375 0.10208333333333333
1 0.57578125 0.7203125 0.0640625 0.084375
1 0.82265625 0.5052083333333334 0.0625 0.10208333333333333
1 0.619140625 0.21666666666666667 0.05859375 0.07916666666666666
1 0.6140625 0.9489583333333333 0.071875 0.09375
1 0.72109375 0.08645833333333333 0.0671875 0.09166666666666666
1 0.9015625 0.4661458333333333 0.075 0.109375
1 0.023828125 0.16927083333333334 0.04765625 0.09479166666666666
1 0.33515625 0.8114583333333333 0.0671875 0.08541666666666667
1 0.26796875 0.3536458333333333 0.06875 0.096875
1 0.02734375 0.75 0.0546875 0.09166666666666666
1 0.896875 0.646875 0.065625 0.08541666666666667
1 0.1625 0.371875 0.075 0.09791666666666667
1 0.2875 0.9354166666666667 0.0734375 0.09583333333333334
1 0.065234375 0.6760416666666667 0.07578125 0.09375
1 0.8671875 0.13541666666666666 0.0671875 0.09375
1 0.36953125 0.8791666666666667 0.075 0.09791666666666667
1 0.596875 0.6458333333333334 0.06875 0.0875
1 0.184765625 0.8052083333333333 0.06796875 0.08958333333333333
1 0.076953125 0.378125 0.06484375 0.08958333333333333
1 0.119921875 0.8630208333333333 0.07265625 0.103125
1 0.8453125 0.37083333333333335 0.0671875 0.08333333333333333
1 0.94765625 0.1390625 0.0765625 0.09270833333333334
1 0.048046875 0.058333333333333334 0.06328125 0.09166666666666666
1 0.21328125 0.6625 0.0625 0.07916666666666666
1 0.76484375 0.5619791666666667 0.0703125 0.103125
1 0.236328125 0.7364583333333333 0.07890625 0.08541666666666667
1 0.205859375 0.041666666666666664 0.07265625 0.08333333333333333
1 0.56484375 0.534375 0.059375 0.08541666666666667
1 0.80078125 0.2916666666666667 0.0625 0.07708333333333334
1 0.53203125 0.890625 0.065625 0.08541666666666667
1 0.425 0.2296875 0.0625 0.090625
1 0.062890625 0.2796875 0.07109375 0.09895833333333333
1 0.130859375 0.2947916666666667 0.06796875 0.09583333333333334
1 0.093359375 0.5265625 0.06328125 0.08854166666666667
1 0.32421875 0.4828125 0.0703125 0.096875
1 0.825390625 0.21354166666666666 0.07578125 0.09375
1 0.389453125 0.6916666666666667 0.06171875 0.09166666666666666
1 0.6875 0.36041666666666666 0.06875 0.07916666666666666
1 0.5078125 0.2390625 0.06875 0.08854166666666667
1 0.84375 0.6 0.071875 0.0875
1 0.62890625 0.575 0.0734375 0.09791666666666667
1 0.566796875 0.16458333333333333 0.07734375 0.09583333333333334
1 0.523828125 0.6109375 0.07265625 0.09895833333333333
1 0.121484375 0.6083333333333333 0.07109375 0.09583333333333334
1 0.776171875 0.03854166666666667 0.07109375 0.07708333333333334
1 0.96640625 0.05416666666666667 0.0671875 0.09791666666666667
1 0.378515625 0.5927083333333333 0.06796875 0.09375
1 0.3578125 0.41041666666666665 0.0640625 0.08333333333333333
1 0.211328125 0.28489583333333335 0.07109375 0.10520833333333333
1 0.620703125 0.4791666666666667 0.06328125 0.09583333333333334
1 0.35 0.315625 0.075 0.1
1 0.2703125 0.0546875 0.0625 0.084375
1 0.657421875 0.6828125 0.06171875 0.08229166666666667
1 0.884375 0.30104166666666665 0.0734375 0.09583333333333334
1 0.703515625 0.4432291666666667 0.06640625 0.08645833333333333
1 0.259375 0.8203125 0.0765625 0.096875
1 0.81953125 0.703125 0.0671875 0.09791666666666667
1 0.441796875 0.7541666666666667 0.07578125 0.10416666666666667
1 0.43125 0.1515625 0.0640625 0.08854166666666667
1 0.223046875 0.14270833333333333 0.06796875 0.09583333333333334
1 0.38203125 0.08125 0.0765625 0.09791666666666667
1 0.7671875 0.45260416666666664 0.065625 0.096875
1 0.59921875 0.821875 0.0703125 0.09791666666666667
1 0.5328125 0.8020833333333334 0.06875 0.1
1 0.71171875 0.17864583333333334 0.065625 0.090625
1 0.56875 0.25052083333333336 0.0640625 0.09270833333333334
1 0.7734375 0.9088541666666666 0.06875 0.09270833333333334
1 0.71796875 0.7203125 0.0765625 0.10104166666666667
1 0.703125 0.6197916666666666 0.0703125 0.10208333333333333
1 0.3125 0.1296875 0.06875 0.09895833333333333
1 0.8734375 0.7895833333333333 0.0765625 0.125
1 0.9671875 0.4875 0.0609375 0.08958333333333333
1 0.89921875 0.20989583333333334 0.0765625 0.090625
1 0.7953125 0.8255208333333334 0.0625 0.090625
1 0.93984375 0.5729166666666666 0.0765625 0.09375
1 0.03046875 0.525 0.0609375 0.1
1 0.46640625 0.8541666666666666 0.0671875 0.1
1 0.254296875 0.46822916666666664 0.07109375 0.09895833333333333
2 0.508984375 0.3546875 0.13828125 0.153125