1 0.557421875 0.43333333333333335 0.06796875 0.09166666666666666
1 0.7609375 0.9817708333333334 0.075 0.036458333333333336
1 0.691796875 0.35885416666666664 0.06015625 0.10729166666666666
2 0.278125 0.8385416666666666 0.0703125 0.09375
1 0.71484375 0.8989583333333333 0.071875 0.09583333333333334
1 0.587890625 0.47552083333333334 0.06953125 0.11770833333333333
1 0.538671875 0.015625 0.07890625 0.03125
1 0.528125 0.07760416666666667 0.065625 0.08020833333333334
1 0.008203125 0.40260416666666665 0.01640625 0.10729166666666666
1 0.009375 0.728125 0.01875 0.09166666666666666
1 0.241796875 0.33229166666666665 0.08359375 0.13125
1 0.432421875 0.7 0.06484375 0.09583333333333334
1 0.30859375 0.03958333333333333 0.0703125 0.07708333333333334
1 0.55078125 0.20833333333333334 0.0609375 0.11041666666666666
1 0.683984375 0.8614583333333333 0.07421875 0.09791666666666667
1 0.89921875 0.965625 0.0703125 0.06458333333333334
1 0.362109375 0.043229166666666666 0.07421875 0.08645833333333333
1 0.7765625 0.8114583333333333 0.06875 0.08541666666666667
1 0.273828125 0.575 0.06015625 0.1
1 0.278515625 0.48854166666666665 0.06328125 0.09375
0 0.688671875 0.74375 0.01640625 0.025
1 0.16171875 0.5927083333333333 0.0734375 0.10208333333333333
1 0.648828125 0.9802083333333333 0.08828125 0.0375
1 0.014453125 0.8208333333333333 0.02890625 0.07916666666666666
0 0.884375 0.3958333333333333 0.01875 0.027083333333333334
1 0.034765625 0.48489583333333336 0.06015625 0.096875
1 0.337109375 0.40677083333333336 0.07109375 0.103125
1 0.8078125 0.6072916666666667 0.071875 0.08541666666666667
1 0.846875 0.5895833333333333 0.0671875 0.09166666666666666
0 0.730859375 0.971875 0.02890625 0.03125
1 0.178515625 0.4036458333333333 0.10390625 0.10520833333333333
0 0.565234375 0.9901041666666667 0.05546875 0.019791666666666666
1 0.704296875 0.06875 0.06484375 0.1
0 0.41640625 0.8729166666666667 0.0203125 0.029166666666666667
1 0.47265625 0.8765625 0.0828125 0.10104166666666667
1 0.98828125 0.0546875 0.0234375 0.08645833333333333
2 0.244140625 0.328125 0.08203125 0.125
1 0.012109375 0.10625 0.02421875 0.10208333333333333
1 0.596484375 0.07708333333333334 0.06796875 0.0875
1 0.984375 0.6208333333333333 0.03125 0.10625
1 0.016015625 0.5838541666666667 0.03203125 0.08854166666666667
1 0.90625 0.6588541666666666 0.071875 0.096875
1 0.027734375 0.3567708333333333 0.05390625 0.096875
0 0.655859375 0.3729166666666667 0.02109375 0.03333333333333333
1 0.0375 0.9776041666666667 0.075 0.040625
1 0.121484375 0.07239583333333334 0.07109375 0.11354166666666667
1 0.029296875 0.9036458333333334 0.05859375 0.08854166666666667
0 0.88828125 0.7864583333333334 0.021875 0.027083333333333334
1 0.64765625 0.23177083333333334 0.0625 0.09270833333333334
1 0.6265625 0.5213541666666667 0.075 0.11145833333333334
1 0.98046875 0.26979166666666665 0.0375 0.08125
1 0.764453125 0.0234375 0.07265625 0.046875
1 0.348828125 0.30416666666666664 0.06796875 0.08333333333333333
1 0.586328125 0.2296875 0.05703125 0.10104166666666667
0 0.107421875 0.5317708333333333 0.02265625 0.028125
1 0.241796875 0.590625 0.06171875 0.09791666666666667
1 0.8859375 0.2755208333333333 0.0625 0.090625
1 0.83046875 0.9791666666666666 0.0609375 0.041666666666666664
1 0.9796875 0.496875 0.040625 0.09375
1 0.0734375 0.4791666666666667 0.06875 0.08541666666666667
0 0.791796875 0.9505208333333334 0.02421875 0.036458333333333336
1 0.9578125 0.8375 0.0703125 0.09583333333333334
1 0.29296875 0.1390625 0.0734375 0.090625
1 0.47734375 0.55625 0.0578125 0.10833333333333334
1 0.03125 0.026041666666666668 0.0625 0.052083333333333336
1 0.978125 0.16666666666666666 0.040625 0.08958333333333333
1 0.91328125 0.3104166666666667 0.0703125 0.10625
1 0.228125 0.0265625 0.071875 0.053125
1 0.8640625 0.6885416666666667 0.071875 0.09375
2 0.11953125 0.06354166666666666 0.0796875 0.12708333333333333
1 0.82578125 0.8973958333333333 0.071875 0.08854166666666667
1 0.13359375 0.9385416666666667 0.0734375 0.09791666666666667
1 0.1140625 0.6020833333333333 0.06875 0.09166666666666666
1 0.875 0.878125 0.071875 0.09375
2 0.39375 0.21145833333333333 0.1 0.15208333333333332
1 0.740625 0.09010416666666667 0.05625 0.08645833333333333
2 0.17890625 0.4036458333333333 0.1 0.10520833333333333
1 0.048046875 0.2682291666666667 0.07578125 0.08020833333333334
1 0.247265625 0.9385416666666667 0.07109375 0.09375
1 0.4296875 0.0765625 0.065625 0.07604166666666666
1 0.73828125 0.6739583333333333 0.0609375 0.08958333333333333
1 0.853125 0.18333333333333332 0.065625 0.08958333333333333
1 0.97421875 0.3578125 0.05 0.08229166666666667
1 0.625390625 0.3255208333333333 0.07890625 0.090625
1 0.48828125 0.771875 0.06875 0.08958333333333333
1 0.196484375 0.8364583333333333 0.06484375 0.08958333333333333
1 0.27578125 0.7333333333333333 0.06875 0.08541666666666667
1 0.233984375 0.478125 0.06328125 0.10208333333333333
1 0.91171875 0.7645833333333333 0.0546875 0.0875
1 0.965625 0.9416666666666667 0.0671875 0.09166666666666666
1 0.1203125 0.8026041666666667 0.06875 0.096875
1 0.5546875 0.74375 0.08125 0.09166666666666666
1 0.8984375 0.03958333333333333 0.065625 0.07916666666666666
1 0.56640625 0.8354166666666667 0.06875 0.08333333333333333
1 0.70625 0.2552083333333333 0.071875 0.09166666666666666
1 0.92734375 0.4348958333333333 0.065625 0.09479166666666666
1 0.40078125 0.4546875 0.0734375 0.09270833333333334
1 0.36484375 0.7989583333333333 0.0703125 0.09791666666666667
2 0.486328125 0.203125 0.10390625 0.15
1 0.19765625 0.13854166666666667 0.0734375 0.08958333333333333
1 0.155078125 0.21354166666666666 0.07265625 0.09583333333333334
1 0.64765625 0.6802083333333333 0.0734375 0.1
1 0.6015625 0.921875 0.06875 0.09375
1 0.43515625 0.940625 0.0734375 0.1
1 0.53671875 0.540625 0.0640625 0.0875
1 0.87265625 0.453125 0.0640625 0.08333333333333333
1 0.259765625 0.22916666666666666 0.07265625 0.0875
1 0.9359375 0.12135416666666667 0.0671875 0.090625
1 0.275390625 0.8385416666666666 0.06953125 0.09375
1 0.68671875 0.6046875 0.0765625 0.09895833333333333
1 0.758984375 0.34375 0.06796875 0.09166666666666666
1 0.81875 0.771875 0.071875 0.09166666666666666
1 0.92421875 0.5463541666666667 0.075 0.096875
1 0.19921875 0.728125 0.0734375 0.09583333333333334
1 0.150390625 0.5020833333333333 0.07109375 0.09166666666666666
1 0.7125 0.5005208333333333 0.0734375 0.09270833333333334
1 0.4671875 0.3885416666666667 0.06875 0.08958333333333333
1 0.501171875 0.6697916666666667 0.07734375 0.09375
1 0.528125 0.328125 0.071875 0.10208333333333333
1 0.81640625 0.2859375 0.0640625 0.103125
1 0.09609375 0.37916666666666665 0.071875 0.1
1 0.361328125 0.9114583333333334 0.06484375 0.10208333333333333
1 0.805078125 0.19583333333333333 0.06953125 0.09166666666666666
1 0.71796875 0.7510416666666667 0.0671875 0.09791666666666667
1 0.793359375 0.5083333333333333 0.07421875 0.09166666666666666
1 0.067578125 0.7151041666666667 0.08359375 0.11354166666666667
1 0.8125 0.09427083333333333 0.0625 0.09270833333333334
2 0.359375 0.6364583333333333 0.128125 0.15416666666666667