1 0.67421875 0.15 0.0640625 0.07708333333333334
0 0.225 0.9916666666666667 0.03125 0.016666666666666666
1 0.92421875 0.9817708333333334 0.090625 0.036458333333333336
1 0.280078125 0.9854166666666667 0.08046875 0.029166666666666667
1 0.308203125 0.125 0.05859375 0.0875
1 0.25 0.0296875 0.0671875 0.059375
1 0.099609375 0.14739583333333334 0.05390625 0.08854166666666667
1 0.048046875 0.011458333333333333 0.08203125 0.022916666666666665
1 0.1390625 0.9875 0.071875 0.025
1 0.007421875 0.8166666666666667 0.01484375 0.08333333333333333
1 0.84140625 0.2578125 0.059375 0.096875
1 0.93203125 0.022916666666666665 0.065625 0.04583333333333333
1 0.628125 0.0171875 0.071875 0.034375
1 0.578125 0.013020833333333334 0.08125 0.026041666666666668
1 0.70390625 0.9864583333333333 0.075 0.027083333333333334
1 0.60703125 0.9760416666666667 0.0703125 0.04791666666666667
1 0.453125 0.5213541666666667 0.059375 0.084375
1 0.018359375 0.6552083333333333 0.03671875 0.09375
1 0.98671875 0.029166666666666667 0.0265625 0.058333333333333334
1 0.98828125 0.5765625 0.0234375 0.090625
1 0.041796875 0.7125 0.06796875 0.09166666666666666
0 0.015625 0.9036458333333334 0.0234375 0.034375
1 0.390625 0.20364583333333333 0.071875 0.08854166666666667
2 0.4515625 0.6135416666666667 0.075 0.11458333333333333
1 0.91953125 0.35885416666666664 0.0671875 0.09895833333333333
1 0.75546875 0.9458333333333333 0.0609375 0.0875
0 0.395703125 0.6854166666666667 0.01640625 0.029166666666666667
1 0.440625 0.35625 0.0609375 0.08541666666666667
1 0.77734375 0.7348958333333333 0.0609375 0.08229166666666667
1 0.020703125 0.17760416666666667 0.04140625 0.08229166666666667
2 0.7578125 0.8520833333333333 0.075 0.10416666666666667
1 0.98671875 0.46041666666666664 0.0265625 0.11666666666666667
1 0.473046875 0.48020833333333335 0.06015625 0.09583333333333334
1 0.751953125 0.14791666666666667 0.06328125 0.09166666666666666
0 0.144140625 0.9411458333333333 0.02265625 0.030208333333333334
1 0.360546875 0.7135416666666666 0.07265625 0.08958333333333333
1 0.44296875 0.10677083333333333 0.0609375 0.071875
1 0.278125 0.13333333333333333 0.071875 0.0875
1 0.88203125 0.5151041666666667 0.0640625 0.08854166666666667
1 0.0140625 0.9489583333333333 0.028125 0.08958333333333333
1 0.02890625 0.0765625 0.0578125 0.10520833333333333
1 0.34296875 0.021875 0.0796875 0.04375
1 0.91796875 0.778125 0.05625 0.08541666666666667
1 0.57734375 0.30104166666666665 0.0609375 0.07708333333333334
1 0.148828125 0.7848958333333333 0.06328125 0.084375
1 0.96484375 0.6963541666666667 0.05625 0.084375
1 0.078515625 0.9671875 0.06953125 0.065625
0 0.70234375 0.28802083333333334 0.0234375 0.03229166666666667
1 0.320703125 0.6333333333333333 0.06328125 0.09166666666666666
1 0.53828125 0.9635416666666666 0.06875 0.07291666666666667
1 0.393359375 0.0625 0.06171875 0.08541666666666667
1 0.45078125 0.6135416666666667 0.075 0.12291666666666666
0 0.712109375 0.9067708333333333 0.02265625 0.03229166666666667
1 0.97578125 0.9473958333333333 0.0484375 0.078125
0 0.87734375 0.3375 0.0203125 0.027083333333333334
1 0.02109375 0.3541666666666667 0.0421875 0.075
1 0.8703125 0.10416666666666667 0.0703125 0.10208333333333333
1 0.5859375 0.7432291666666667 0.065625 0.09270833333333334
1 0.17890625 0.018229166666666668 0.0734375 0.036458333333333336
1 0.666796875 0.95 0.05546875 0.07916666666666666
1 0.728125 0.033854166666666664 0.078125 0.065625
1 0.630078125 0.5697916666666667 0.07578125 0.10208333333333333
1 0.021484375 0.265625 0.04296875 0.08958333333333333
1 0.978125 0.8572916666666667 0.04375 0.09375
1 0.90390625 0.19635416666666666 0.0625 0.09270833333333334
1 0.284375 0.036458333333333336 0.059375 0.07291666666666667
1 0.52421875 0.5177083333333333 0.0578125 0.08958333333333333
1 0.62890625 0.23020833333333332 0.075 0.11041666666666666
1 0.971875 0.3109375 0.05625 0.10104166666666667
1 0.4625 0.19791666666666666 0.075 0.10833333333333334
1 0.83828125 0.028125 0.0578125 0.05625
1 0.712890625 0.4109375 0.06953125 0.115625
1 0.76484375 0.3171875 0.0796875 0.09895833333333333
1 0.51171875 0.2671875 0.0671875 0.09270833333333334
1 0.309375 0.959375 0.0671875 0.08125
1 0.67421875 0.10364583333333334 0.0734375 0.090625
1 0.5015625 0.6854166666666667 0.0609375 0.0875
1 0.266015625 0.37395833333333334 0.06953125 0.09166666666666666
1 0.853125 0.8645833333333334 0.06875 0.08333333333333333
1 0.61796875 0.9041666666666667 0.0640625 0.0875
1 0.093359375 0.5645833333333333 0.06171875 0.09583333333333334
1 0.86796875 0.9489583333333333 0.071875 0.09583333333333334
1 0.52109375 0.8125 0.0671875 0.0875
1 0.18046875 0.2546875 0.065625 0.09270833333333334
1 0.025 0.49114583333333334 0.05 0.103125
1 0.63828125 0.45989583333333334 0.0609375 0.08229166666666667
0 0.065625 0.7921875 0.0296875 0.046875
1 0.5453125 0.15625 0.06875 0.1125
1 0.57578125 0.46979166666666666 0.0609375 0.08958333333333333
1 0.078125 0.32135416666666666 0.0671875 0.084375
1 0.213671875 0.5015625 0.06328125 0.08854166666666667
1 0.43984375 0.875 0.0609375 0.0875
1 0.5125 0.384375 0.078125 0.10208333333333333
1 0.242578125 0.896875 0.06640625 0.09791666666666667
1 0.450390625 0.290625 0.06484375 0.08541666666666667
1 0.609375 0.11822916666666666 0.0640625 0.08854166666666667
1 0.555078125 0.609375 0.07421875 0.10625
1 0.1515625 0.14635416666666667 0.0671875 0.08854166666666667
1 0.233984375 0.20208333333333334 0.06171875 0.09791666666666667
1 0.56171875 0.06302083333333333 0.0640625 0.08854166666666667
1 0.826171875 0.7833333333333333 0.06484375 0.08958333333333333
1 0.381640625 0.3046875 0.07578125 0.09479166666666666
1 0.759375 0.2203125 0.065625 0.08854166666666667
1 0.14453125 0.059895833333333336 0.0640625 0.08645833333333333
1 0.167578125 0.5708333333333333 0.06953125 0.09583333333333334
1 0.90078125 0.6088541666666667 0.0734375 0.09895833333333333
1 0.40703125 0.9572916666666667 0.0765625 0.08541666666666667
1 0.309375 0.7786458333333334 0.065625 0.09270833333333334
1 0.68984375 0.521875 0.0703125 0.09375
1 0.25703125 0.678125 0.0640625 0.08541666666666667
1 0.05546875 0.4119791666666667 0.065625 0.084375
1 0.728125 0.5895833333333333 0.0625 0.0875
1 0.783203125 0.503125 0.06640625 0.0875
1 0.37734375 0.15052083333333333 0.0671875 0.090625
1 0.45625 0.7385416666666667 0.06875 0.08541666666666667
1 0.792578125 0.9229166666666667 0.06171875 0.08541666666666667
1 0.67109375 0.7953125 0.0640625 0.090625
1 0.381640625 0.8822916666666667 0.06953125 0.08958333333333333
1 0.78359375 0.4114583333333333 0.071875 0.09375
1 0.809375 0.09114583333333333 0.05625 0.08645833333333333
1 0.123828125 0.43854166666666666 0.07734375 0.09791666666666667
1 0.403125 0.7854166666666667 0.06875 0.09166666666666666
1 0.191015625 0.703125 0.06015625 0.08958333333333333
1 0.162890625 0.8859375 0.07109375 0.08854166666666667
1 0.69453125 0.23385416666666667 0.0609375 0.08854166666666667
1 0.8390625 0.6942708333333333 0.065625 0.08854166666666667
1 0.2703125 0.571875 0.08125 0.1
1 0.91875 0.878125 0.0671875 0.09791666666666667
1 0.965625 0.21927083333333333 0.065625 0.103125
1 0.9640625 0.11979166666666667 0.0640625 0.0875
1 0.50390625 0.8963541666666667 0.0703125 0.09270833333333334
1 0.9578125 0.7802083333333333 0.0625 0.08125
1 0.379296875 0.5604166666666667 0.06953125 0.09375
1 0.621484375 0.37447916666666664 0.06953125 0.09270833333333334
1 0.91484375 0.4864583333333333 0.0671875 0.08958333333333333
1 0.75546875 0.8489583333333334 0.0734375 0.10625
1 0.0921875 0.8510416666666667 0.0625 0.09375
1 0.28984375 0.290625 0.0640625 0.09166666666666666
1 0.494140625 0.0515625 0.07109375 0.10104166666666667
1 0.12890625 0.6458333333333334 0.0734375 0.08958333333333333
1 0.793359375 0.5895833333333333 0.06953125 0.0875
1 0.86875 0.26927083333333335 0.0640625 0.09270833333333334
2 0.390625 0.428125 0.115625 0.15625
2 0.6796875 0.6744791666666666 0.109375 0.140625
1 0.616796875 0.8109375 0.06171875 0.08854166666666667