0 0.0125 0.521875 0.0234375 0.075
1 0.056640625 0.3307291666666667 0.08515625 0.103125
0 0.0109375 0.49166666666666664 0.021875 0.15
1 0.978125 0.5760416666666667 0.04375 0.16875
1 0.50234375 0.6390625 0.0609375 0.09479166666666666
2 0.0125 0.4921875 0.0234375 0.196875
0 0.8546875 0.5026041666666666 0.084375 0.10729166666666666
0 0.68984375 0.5098958333333333 0.0734375 0.10729166666666666
0 0.252734375 0.225 0.07265625 0.08541666666666667
0 0.63515625 0.1515625 0.0734375 0.09479166666666666
2 0.209375 0.578125 0.075 0.1
2 0.951953125 0.975 0.09609375 0.04583333333333333
0 0.00625 0.590625 0.0125 0.07291666666666667
1 0.70859375 0.76875 0.0671875 0.10833333333333334
1 0.247265625 0.9166666666666666 0.06640625 0.0875
2 0.425 0.309375 0.0703125 0.11458333333333333
1 0.4234375 0.30885416666666665 0.06875 0.103125
1 0.81796875 0.17552083333333332 0.0859375 0.10520833333333333
0 0.95859375 0.978125 0.0796875 0.04375
2 0.317578125 0.30416666666666664 0.08515625 0.09583333333333334
0 0.70703125 0.7697916666666667 0.0703125 0.10208333333333333
0 0.057421875 0.32916666666666666 0.08828125 0.10208333333333333
2 0.73515625 0.9760416666666667 0.1203125 0.04375
0 0.006640625 0.965625 0.01328125 0.06666666666666667
0 0.96484375 0.04635416666666667 0.0703125 0.09270833333333334
1 0.212890625 0.7041666666666667 0.07421875 0.11458333333333333
2 0.977734375 0.584375 0.04453125 0.16875
2 0.85 0.022395833333333334 0.096875 0.04479166666666667
2 0.8546875 0.5010416666666667 0.084375 0.11041666666666666
0 0.24765625 0.9166666666666666 0.0671875 0.0875
0 0.503125 0.6390625 0.065625 0.09270833333333334
1 0.199609375 0.9729166666666667 0.08984375 0.05
1 0.3171875 0.30364583333333334 0.084375 0.09479166666666666
2 0.05703125 0.32916666666666666 0.0890625 0.10416666666666667
2 0.68984375 0.5104166666666666 0.0765625 0.10625
2 0.30625 0.8119791666666667 0.08125 0.10520833333333333
2 0.6359375 0.1515625 0.075 0.09479166666666666
0 0.1328125 0.22395833333333334 0.0265625 0.03125
1 0.325 0.9604166666666667 0.0875 0.075
1 0.30546875 0.8114583333333333 0.0796875 0.10208333333333333
2 0.382421875 0.036458333333333336 0.13359375 0.06875
0 0.61328125 0.0359375 0.06875 0.06770833333333333
1 0.20859375 0.5770833333333333 0.0734375 0.1
2 0.81796875 0.17604166666666668 0.084375 0.10208333333333333
1 0.251171875 0.225 0.07265625 0.0875
1 0.253125 0.3651041666666667 0.0765625 0.09479166666666666
2 0.8265625 0.3453125 0.08125 0.103125
2 0.2140625 0.7052083333333333 0.0765625 0.11458333333333333
2 0.1875 0.43125 0.071875 0.10625
2 0.24140625 0.12604166666666666 0.0625 0.10625
2 0.34921875 0.6630208333333333 0.0984375 0.11145833333333334
1 0.526953125 0.32083333333333336 0.08671875 0.09791666666666667
2 0.93046875 0.31354166666666666 0.1 0.13541666666666666
2 0.8421875 0.8510416666666667 0.09375 0.12291666666666666
2 0.0359375 0.7177083333333333 0.071875 0.11875
2 0.412890625 0.5463541666666667 0.07890625 0.10729166666666666
2 0.302734375 0.4786458333333333 0.08203125 0.090625
2 0.88125 0.6125 0.0875 0.1
2 0.128125 0.09947916666666666 0.0984375 0.134375
2 0.5234375 0.15208333333333332 0.0875 0.125
2 0.709375 0.31875 0.175 0.24166666666666667