1 0.10546875 0.3671875 0.075 0.09270833333333334
1 0.79609375 0.2713541666666667 0.0921875 0.103125
1 0.40859375 0.109375 0.0625 0.07291666666666667
1 0.24375 0.6166666666666667 0.065625 0.0875
2 0.769140625 0.034895833333333334 0.09765625 0.06770833333333333
0 0.63203125 0.64375 0.0171875 0.020833333333333332
1 0.683984375 0.6817708333333333 0.06640625 0.08645833333333333
1 0.44765625 0.03177083333333333 0.0859375 0.06354166666666666
0 0.78984375 0.09375 0.0234375 0.03125
1 0.404296875 0.9838541666666667 0.08515625 0.03229166666666667
1 0.491015625 0.209375 0.07109375 0.09791666666666667
2 0.45078125 0.03125 0.0921875 0.0625
1 0.9578125 0.95 0.065625 0.1
1 0.75390625 0.4197916666666667 0.0640625 0.09791666666666667
1 0.016015625 0.13489583333333333 0.03203125 0.08020833333333334
1 0.244921875 0.9572916666666667 0.06640625 0.08125
1 0.01015625 0.2328125 0.0203125 0.09479166666666666
0 0.353125 0.3651041666666667 0.025 0.026041666666666668
0 0.33984375 0.8458333333333333 0.0234375 0.025
1 0.320703125 0.9838541666666667 0.08828125 0.03229166666666667
0 0.7359375 0.6953125 0.025 0.03854166666666667
0 0.3640625 0.13645833333333332 0.0234375 0.029166666666666667
0 0.31796875 0.6875 0.01875 0.025
0 0.61640625 0.4625 0.0234375 0.03958333333333333
0 0.6359375 0.834375 0.025 0.03125
2 0.244140625 0.22760416666666666 0.08984375 0.10520833333333333
0 0.990234375 0.48489583333333336 0.01953125 0.03854166666666667
1 0.8765625 0.8916666666666667 0.065625 0.09583333333333334
1 0.009765625 0.540625 0.01953125 0.11041666666666666
1 0.629296875 0.9614583333333333 0.08671875 0.07291666666666667
2 0.86953125 0.019791666666666666 0.125 0.03958333333333333
0 0.509765625 0.5286458333333334 0.02734375 0.040625
2 0.794140625 0.2682291666666667 0.09453125 0.10729166666666666
0 0.28125 0.334375 0.025 0.03125
0 0.405859375 0.5822916666666667 0.02265625 0.03125
1 0.031640625 0.7567708333333333 0.05859375 0.084375
1 0.87421875 0.4161458333333333 0.0796875 0.109375
0 0.310546875 0.6302083333333334 0.02578125 0.03125
1 0.65859375 0.014583333333333334 0.0640625 0.029166666666666667
1 0.2109375 0.9270833333333334 0.059375 0.08333333333333333
1 0.055078125 0.603125 0.06328125 0.09583333333333334
1 0.62421875 0.34427083333333336 0.0671875 0.084375
1 0.96484375 0.60625 0.0703125 0.10833333333333334
1 0.029296875 0.7130208333333333 0.05859375 0.10520833333333333
0 0.87578125 0.6854166666666667 0.0234375 0.03125
0 0.92578125 0.7541666666666667 0.021875 0.027083333333333334
0 0.559765625 0.9005208333333333 0.02109375 0.028125
1 0.97734375 0.08854166666666667 0.04375 0.09166666666666666
1 0.596875 0.019270833333333334 0.065625 0.03854166666666667
1 0.243359375 0.22604166666666667 0.08828125 0.10625
1 0.149609375 0.21302083333333333 0.06484375 0.09270833333333334
0 0.035546875 0.5171875 0.03203125 0.040625
1 0.915625 0.13802083333333334 0.078125 0.096875
1 0.7015625 0.5380208333333333 0.075 0.11354166666666667
1 0.4078125 0.49375 0.059375 0.09166666666666666
0 0.030859375 0.37135416666666665 0.02265625 0.030208333333333334
0 0.7234375 0.928125 0.0265625 0.03333333333333333
1 0.546875 0.7869791666666667 0.071875 0.08854166666666667
0 0.35703125 0.871875 0.025 0.03125
0 0.008203125 0.4588541666666667 0.01640625 0.03229166666666667
0 0.3328125 0.06302083333333333 0.025 0.036458333333333336
0 0.871875 0.3328125 0.03125 0.036458333333333336
1 0.9390625 0.8473958333333333 0.0546875 0.08645833333333333
0 0.206640625 0.5026041666666666 0.02890625 0.042708333333333334
1 0.06171875 0.2677083333333333 0.0609375 0.09166666666666666
1 0.245703125 0.5713541666666667 0.06484375 0.08854166666666667
1 0.3734375 0.19322916666666667 0.0625 0.08229166666666667
1 0.56328125 0.24739583333333334 0.0765625 0.10729166666666666
1 0.39140625 0.3015625 0.0796875 0.115625
0 0.21796875 0.022916666666666665 0.028125 0.0375
0 0.701171875 0.013541666666666667 0.02578125 0.025
1 0.73046875 0.9713541666666666 0.0765625 0.05520833333333333
0 0.559375 0.8572916666666667 0.025 0.035416666666666666
1 0.374609375 0.6911458333333333 0.07265625 0.12395833333333334
0 0.9203125 0.7140625 0.021875 0.030208333333333334
1 0.783984375 0.43697916666666664 0.06171875 0.09270833333333334
1 0.100390625 0.9229166666666667 0.06953125 0.08541666666666667
1 0.49140625 0.85625 0.0828125 0.10416666666666667
1 0.69140625 0.6484375 0.065625 0.08854166666666667
1 0.6609375 0.4203125 0.06875 0.09270833333333334
0 0.60390625 0.6322916666666667 0.0359375 0.04791666666666667
1 0.387109375 0.9229166666666667 0.07265625 0.08541666666666667
1 0.03125 0.9479166666666666 0.0625 0.1
1 0.36796875 0.044270833333333336 0.0609375 0.08229166666666667
1 0.95078125 0.04114583333333333 0.0703125 0.08229166666666667
0 0.351953125 0.5692708333333333 0.02890625 0.034375
1 0.82265625 0.3567708333333333 0.0703125 0.084375
1 0.91015625 0.653125 0.0671875 0.07291666666666667
1 0.63515625 0.25677083333333334 0.0609375 0.08229166666666667
2 0.878125 0.4161458333333333 0.08125 0.10520833333333333
1 0.74765625 0.1609375 0.0640625 0.08645833333333333
1 0.051171875 0.43645833333333334 0.06796875 0.08958333333333333
1 0.39609375 0.8052083333333333 0.0859375 0.09375
1 0.915625 0.490625 0.059375 0.08333333333333333
1 0.10703125 0.0375 0.0609375 0.07291666666666667
1 0.252734375 0.790625 0.05390625 0.08125
0 0.82890625 0.690625 0.0390625 0.04791666666666667
1 0.662890625 0.12135416666666667 0.07265625 0.11979166666666667
1 0.346484375 0.4265625 0.06796875 0.09479166666666666
1 0.584375 0.7479166666666667 0.0640625 0.09166666666666666
1 0.458203125 0.5572916666666666 0.06640625 0.0875
1 0.192578125 0.13854166666666667 0.06171875 0.08125
1 0.314453125 0.8 0.05859375 0.07708333333333334
1 0.9625 0.709375 0.0640625 0.08958333333333333
1 0.11328125 0.5505208333333333 0.0625 0.08645833333333333
1 0.74140625 0.7833333333333333 0.0734375 0.12916666666666668
1 0.890625 0.24583333333333332 0.065625 0.09166666666666666
1 0.037109375 0.065625 0.06953125 0.10208333333333333
1 0.510546875 0.9588541666666667 0.08203125 0.08229166666666667
1 0.971875 0.846875 0.053125 0.08958333333333333
1 0.479296875 0.11145833333333334 0.06640625 0.08125
1 0.648828125 0.5770833333333333 0.06328125 0.08958333333333333
1 0.308984375 0.15572916666666667 0.07109375 0.09270833333333334
1 0.2671875 0.41354166666666664 0.06875 0.10416666666666667
1 0.965625 0.3692708333333333 0.065625 0.09895833333333333
1 0.2328125 0.32760416666666664 0.0625 0.08645833333333333
1 0.183203125 0.43645833333333334 0.08203125 0.09375
1 0.8375 0.18541666666666667 0.0625 0.07916666666666666
1 0.7046875 0.2484375 0.071875 0.11145833333333334
1 0.293359375 0.7286458333333333 0.06796875 0.08020833333333334
1 0.272265625 0.0703125 0.07265625 0.10520833333333333
1 0.53671875 0.058854166666666666 0.0640625 0.08645833333333333
1 0.587890625 0.12291666666666666 0.06484375 0.09583333333333334
1 0.608984375 0.8822916666666667 0.06328125 0.07708333333333334
1 0.82109375 0.5760416666666667 0.071875 0.10625
1 0.169921875 0.05572916666666667 0.06171875 0.084375
1 0.103125 0.7947916666666667 0.0640625 0.08541666666666667
1 0.779296875 0.6651041666666667 0.06796875 0.09479166666666666
1 0.41953125 0.17708333333333334 0.059375 0.0875
1 0.4796875 0.45260416666666664 0.071875 0.10729166666666666
1 0.656640625 0.7708333333333334 0.06953125 0.0875
1 0.553125 0.36822916666666666 0.06875 0.11770833333333333
1 0.4390625 0.6463541666666667 0.0640625 0.09270833333333334
1 0.84296875 0.10364583333333334 0.059375 0.084375
1 0.531640625 0.69375 0.06796875 0.0875
1 0.302734375 0.50625 0.06953125 0.10416666666666667
1 0.6796875 0.8765625 0.06875 0.109375
1 0.16328125 0.31145833333333334 0.0734375 0.09375
1 0.54375 0.5885416666666666 0.071875 0.11458333333333333
1 0.172265625 0.775 0.07265625 0.11875
1 0.86484375 0.7557291666666667 0.065625 0.090625
1 0.5671875 0.48020833333333335 0.071875 0.08958333333333333
1 0.770703125 0.8885416666666667 0.06484375 0.08958333333333333
1 0.31796875 0.28229166666666666 0.0640625 0.08958333333333333
2 0.4765625 0.3260416666666667 0.109375 0.14583333333333334