1 0.47109375 0.65625 0.0640625 0.10416666666666667
0 0.995703125 0.9786458333333333 0.00859375 0.042708333333333334
1 0.6453125 0.7895833333333333 0.06875 0.0875
0 0.66015625 0.010416666666666666 0.0296875 0.016666666666666666
0 0.99453125 0.38958333333333334 0.0109375 0.08125
1 0.3546875 0.8630208333333333 0.075 0.07604166666666666
1 0.46875 0.0125 0.08125 0.025
1 0.4859375 0.3984375 0.059375 0.09895833333333333
2 0.459375 0.8494791666666667 0.0875 0.09895833333333333
1 0.797265625 0.96875 0.06953125 0.0625
1 0.333984375 0.6609375 0.05546875 0.090625
1 0.12109375 0.9354166666666667 0.0734375 0.10416666666666667
1 0.91796875 0.015625 0.078125 0.03125
1 0.03203125 0.18854166666666666 0.0609375 0.09375
2 0.33515625 0.571875 0.0578125 0.08125
1 0.627734375 0.55625 0.06796875 0.0875
2 0.226953125 0.3494791666666667 0.07421875 0.08854166666666667
1 0.016796875 0.7229166666666667 0.03203125 0.14375
1 0.071875 0.503125 0.0640625 0.08541666666666667
1 0.965625 0.6197916666666666 0.05625 0.08125
1 0.182421875 0.9791666666666666 0.07578125 0.03958333333333333
1 0.315234375 0.28854166666666664 0.06171875 0.08958333333333333
0 0.53046875 0.40260416666666665 0.0234375 0.028125
1 0.540625 0.7489583333333333 0.0578125 0.075
2 0.014453125 0.7260416666666667 0.02734375 0.14791666666666667
1 0.595703125 0.9729166666666667 0.06953125 0.05
1 0.57734375 0.7572916666666667 0.0640625 0.08958333333333333
1 0.259375 0.26510416666666664 0.071875 0.090625
1 0.724609375 0.9458333333333333 0.06953125 0.1
1 0.01171875 0.1015625 0.0234375 0.09270833333333334
1 0.85859375 0.9364583333333333 0.059375 0.07291666666666667
1 0.02265625 0.6114583333333333 0.0453125 0.08125
1 0.73046875 0.17708333333333334 0.065625 0.08541666666666667
0 0.96484375 0.6182291666666667 0.0546875 0.084375
1 0.21171875 0.024479166666666666 0.06875 0.04895833333333333
2 0.1015625 0.1703125 0.065625 0.065625
0 0.88671875 0.7276041666666667 0.0328125 0.034375
1 0.255859375 0.7005208333333334 0.06953125 0.08854166666666667
1 0.426953125 0.7369791666666666 0.07109375 0.11770833333333333
1 0.334375 0.571875 0.059375 0.07708333333333334
1 0.769140625 0.5989583333333334 0.06640625 0.08958333333333333
1 0.771484375 0.024479166666666666 0.07109375 0.04895833333333333
2 0.141796875 0.6572916666666667 0.05859375 0.08125
1 0.61953125 0.6255208333333333 0.0640625 0.08229166666666667
1 0.9671875 0.9161458333333333 0.065625 0.10729166666666666
1 0.69453125 0.603125 0.0671875 0.06666666666666667
1 0.652734375 0.9270833333333334 0.06015625 0.07916666666666666
1 0.741796875 0.8489583333333334 0.06484375 0.08541666666666667
1 0.51484375 0.9604166666666667 0.071875 0.07083333333333333
2 0.27265625 0.9645833333333333 0.08125 0.07083333333333333
1 0.975 0.3072916666666667 0.0484375 0.08958333333333333
1 0.92734375 0.9651041666666667 0.0578125 0.06979166666666667
1 0.044140625 0.815625 0.06484375 0.08541666666666667
1 0.14921875 0.45989583333333334 0.0578125 0.08854166666666667
2 0.31484375 0.28854166666666664 0.0609375 0.09166666666666666
1 0.51015625 0.10208333333333333 0.0640625 0.0875
1 0.415625 0.9197916666666667 0.06875 0.07708333333333334
1 0.0296875 0.43697916666666664 0.059375 0.08645833333333333
1 0.399609375 0.0265625 0.06640625 0.053125
1 0.50703125 0.30885416666666665 0.0609375 0.078125
1 0.8953125 0.240625 0.0703125 0.11458333333333333
1 0.54765625 0.023958333333333335 0.0609375 0.04791666666666667
1 0.306640625 0.47708333333333336 0.06328125 0.08333333333333333
0 0.658984375 0.027083333333333334 0.02578125 0.03125
1 0.8484375 0.034375 0.0703125 0.06875
1 0.49921875 0.7604166666666666 0.0609375 0.08333333333333333
2 0.1046875 0.39895833333333336 0.0640625 0.07291666666666667
1 0.92734375 0.884375 0.0671875 0.08541666666666667
1 0.3375 0.20416666666666666 0.05625 0.09375
1 0.14296875 0.030729166666666665 0.0609375 0.06145833333333333
2 0.8953125 0.2421875 0.06875 0.11354166666666667
1 0.8734375 0.8161458333333333 0.0578125 0.07604166666666666
1 0.3234375 0.049479166666666664 0.0625 0.09270833333333334
1 0.221875 0.3489583333333333 0.0734375 0.08541666666666667
2 0.4265625 0.7364583333333333 0.06875 0.11875
1 0.087109375 0.7114583333333333 0.06328125 0.08541666666666667
1 0.543359375 0.4484375 0.08046875 0.08645833333333333
2 0.741796875 0.8489583333333334 0.06484375 0.08958333333333333
1 0.789453125 0.7614583333333333 0.06328125 0.08958333333333333
1 0.2109375 0.434375 0.059375 0.07708333333333334
1 0.187109375 0.7203125 0.06328125 0.08229166666666667
1 0.715625 0.7588541666666667 0.059375 0.08229166666666667
1 0.93515625 0.7958333333333333 0.0609375 0.07916666666666666
1 0.275 0.5567708333333333 0.059375 0.08645833333333333
1 0.03359375 0.3385416666666667 0.065625 0.09375
1 0.14140625 0.6567708333333333 0.0578125 0.078125
1 0.615625 0.030729166666666665 0.059375 0.06145833333333333
1 0.9734375 0.21145833333333333 0.0515625 0.08958333333333333
1 0.83359375 0.5197916666666667 0.0609375 0.10208333333333333
1 0.36796875 0.340625 0.0640625 0.06875
1 0.566015625 0.5828125 0.06015625 0.07395833333333333
1 0.294140625 0.7958333333333333 0.06171875 0.07916666666666666
1 0.0546875 0.06145833333333333 0.0703125 0.0875
1 0.371875 0.65625 0.059375 0.0875
1 0.114453125 0.8083333333333333 0.06640625 0.09583333333333334
1 0.624609375 0.16979166666666667 0.06328125 0.08333333333333333
1 0.82421875 0.20364583333333333 0.0578125 0.08645833333333333
1 0.815625 0.2890625 0.06875 0.071875
1 0.290234375 0.14322916666666666 0.05546875 0.08020833333333334
1 0.382421875 0.0921875 0.05703125 0.07395833333333333
1 0.875 0.525 0.0671875 0.09375
1 0.82890625 0.6770833333333334 0.065625 0.08333333333333333
1 0.2359375 0.090625 0.059375 0.07916666666666666
1 0.89140625 0.13489583333333333 0.0625 0.084375
1 0.8265625 0.36770833333333336 0.05625 0.10208333333333333
1 0.96484375 0.05260416666666667 0.0671875 0.090625
1 0.53515625 0.6614583333333334 0.0640625 0.08541666666666667
1 0.173828125 0.1125 0.06171875 0.08958333333333333
1 0.74140625 0.08802083333333334 0.0671875 0.08229166666666667
1 0.23203125 0.18020833333333333 0.0640625 0.08541666666666667
1 0.89453125 0.6302083333333334 0.075 0.10625
2 0.552734375 0.22604166666666667 0.08984375 0.10625
1 0.94375 0.7072916666666667 0.06875 0.0875
1 0.65625 0.09114583333333333 0.0609375 0.07395833333333333
1 0.395703125 0.18177083333333333 0.05546875 0.09479166666666666
1 0.60390625 0.8682291666666667 0.0625 0.08854166666666667
1 0.09921875 0.55625 0.065625 0.0875
1 0.45 0.13020833333333334 0.065625 0.08958333333333333
1 0.8171875 0.1125 0.0703125 0.08333333333333333
1 0.58046875 0.0984375 0.0640625 0.090625
1 0.428125 0.30572916666666666 0.0703125 0.09270833333333334
1 0.353125 0.7447916666666666 0.065625 0.08125
2 0.70390625 0.48333333333333334 0.1359375 0.15416666666666667
1 0.66875 0.684375 0.0625 0.08541666666666667
1 0.57890625 0.32083333333333336 0.0734375 0.0875
1 0.13046875 0.2578125 0.0625 0.084375
1 0.201171875 0.5880208333333333 0.06953125 0.09270833333333334
1 0.2953125 0.3859375 0.0703125 0.090625
1 0.75234375 0.6729166666666667 0.0703125 0.08541666666666667
2 0.216796875 0.8614583333333333 0.11796875 0.17291666666666666
2 0.41015625 0.4817708333333333 0.1328125 0.171875
2 0.693359375 0.32760416666666664 0.13203125 0.18020833333333333