1 0.0125 0.3958333333333333 0.025 0.10416666666666667
2 0.95703125 0.0203125 0.078125 0.03854166666666667
0 0.12890625 0.9822916666666667 0.0796875 0.035416666666666666
2 0.0546875 0.9177083333333333 0.0625 0.09791666666666667
2 0.81640625 0.21979166666666666 0.3671875 0.4395833333333333
1 0.27890625 0.384375 0.0546875 0.08541666666666667
2 0.94375 0.2046875 0.0703125 0.06354166666666666
2 0.126953125 0.9802083333333333 0.10078125 0.0375
0 0.6578125 0.07135416666666666 0.0625 0.090625
2 0.98984375 0.07239583333333334 0.0203125 0.11979166666666667
1 0.211328125 0.9770833333333333 0.10859375 0.04583333333333333
2 0.542578125 0.15416666666666667 0.45859375 0.30833333333333335
1 0.727734375 0.0421875 0.07265625 0.084375
2 0.055859375 0.13802083333333334 0.06640625 0.08020833333333334
0 0.98515625 0.8817708333333333 0.0265625 0.028125
2 0.88125 0.08645833333333333 0.0640625 0.09166666666666666
2 0.1140625 0.016666666666666666 0.09375 0.03333333333333333
1 0.93984375 0.575 0.0921875 0.11458333333333333
2 0.755078125 0.58125 0.09140625 0.09583333333333334
2 0.537109375 0.8072916666666666 0.06484375 0.09375
1 0.93359375 0.965625 0.06875 0.06875
1 0.959375 0.01875 0.08125 0.0375
0 0.990625 0.7989583333333333 0.0171875 0.05416666666666667
1 0.50234375 0.7645833333333333 0.0703125 0.08333333333333333
0 0.462109375 0.5109375 0.06328125 0.08854166666666667
1 0.9453125 0.20572916666666666 0.06875 0.065625
1 0.384375 0.14947916666666666 0.0734375 0.11145833333333334
1 0.056640625 0.1375 0.06953125 0.07916666666666666
0 0.754296875 0.4375 0.05546875 0.07291666666666667
1 0.0375 0.34322916666666664 0.0734375 0.090625
1 0.53671875 0.8072916666666666 0.065625 0.09791666666666667
2 0.93984375 0.8947916666666667 0.071875 0.08541666666666667
2 0.503125 0.7635416666666667 0.0703125 0.08125
1 0.46171875 0.5114583333333333 0.0640625 0.08958333333333333
1 0.0546875 0.9192708333333334 0.065625 0.09270833333333334
1 0.045703125 0.4322916666666667 0.06640625 0.08958333333333333
2 0.940625 0.5739583333333333 0.09375 0.11458333333333333
1 0.26328125 0.23802083333333332 0.0671875 0.09479166666666666
0 0.51328125 0.9 0.0703125 0.07916666666666666
1 0.98203125 0.515625 0.0359375 0.09375
0 0.414453125 0.9869791666666666 0.06796875 0.026041666666666668
0 0.037109375 0.20885416666666667 0.06640625 0.078125
0 0.94375 0.20625 0.0671875 0.0625
1 0.88125 0.0875 0.0671875 0.08958333333333333
2 0.93203125 0.9645833333333333 0.06875 0.07083333333333333
0 0.73359375 0.678125 0.0609375 0.08125
2 0.388671875 0.08854166666666667 0.07734375 0.10208333333333333
1 0.10546875 0.9270833333333334 0.0625 0.09791666666666667
1 0.83125 0.10520833333333333 0.078125 0.0875
2 0.58828125 0.46875 0.2234375 0.32083333333333336
2 0.83203125 0.10677083333333333 0.078125 0.08645833333333333
0 0.97265625 0.8317708333333333 0.03125 0.03854166666666667
2 0.387890625 0.13697916666666668 0.08203125 0.13645833333333332
1 0.31171875 0.5520833333333334 0.06875 0.08125
2 0.92109375 0.31666666666666665 0.153125 0.19583333333333333
1 0.51171875 0.9 0.0703125 0.08125
1 0.687890625 0.7411458333333333 0.06484375 0.084375
2 0.316015625 0.6572916666666667 0.07734375 0.125
1 0.6578125 0.06927083333333334 0.0609375 0.09479166666666666
1 0.610546875 0.89375 0.06953125 0.09166666666666666
0 0.398828125 0.715625 0.06328125 0.08541666666666667
1 0.62421875 0.709375 0.0703125 0.09375
2 0.780859375 0.2838541666666667 0.10859375 0.14895833333333333
2 0.73984375 0.9213541666666667 0.0703125 0.09270833333333334
2 0.2484375 0.8416666666666667 0.078125 0.12916666666666668
1 0.89140625 0.6541666666666667 0.0671875 0.0875
1 0.7515625 0.8072916666666666 0.075 0.10833333333333334
1 0.45546875 0.8348958333333333 0.0671875 0.09270833333333334
1 0.837890625 0.8755208333333333 0.07890625 0.09895833333333333
1 0.36328125 0.8489583333333334 0.071875 0.09375
2 0.36796875 0.446875 0.1265625 0.19583333333333333
2 0.140625 0.7947916666666667 0.1578125 0.18958333333333333
2 0.16796875 0.1375 0.0953125 0.11041666666666666
2 0.2140625 0.6770833333333334 0.14375 0.19583333333333333
2 0.078125 0.6546875 0.15625 0.23229166666666667
2 0.68671875 0.346875 0.1390625 0.19375
2 0.84296875 0.4947916666666667 0.1171875 0.16041666666666668
2 0.451171875 0.34791666666666665 0.13984375 0.18333333333333332
2 0.176953125 0.31979166666666664 0.16796875 0.21875