2 0.32265625 0.3776041666666667 0.075 0.10520833333333333
1 0.228125 0.4625 0.0671875 0.07916666666666666
1 0.010546875 0.2859375 0.02109375 0.103125
1 0.0984375 0.9885416666666667 0.0765625 0.022916666666666665
0 0.126171875 0.8729166666666667 0.01484375 0.022916666666666665
1 0.990625 0.2791666666666667 0.01875 0.1125
1 0.8578125 0.10572916666666667 0.05625 0.078125
0 0.99453125 0.7630208333333334 0.0109375 0.019791666666666666
0 0.995703125 0.865625 0.00859375 0.05625
0 0.010546875 0.4114583333333333 0.02109375 0.075
1 0.02421875 0.9697916666666667 0.0484375 0.058333333333333334
1 0.559375 0.4171875 0.05625 0.08645833333333333
0 0.219140625 0.8984375 0.02421875 0.023958333333333335
1 0.69140625 0.5989583333333334 0.0578125 0.07708333333333334
1 0.298828125 0.3536458333333333 0.06015625 0.08854166666666667
1 0.1390625 0.44375 0.071875 0.09375
0 0.1109375 0.875 0.015625 0.020833333333333332
1 0.816796875 0.9739583333333334 0.06796875 0.052083333333333336
0 0.4875 0.5083333333333333 0.021875 0.025
0 0.80546875 0.6989583333333333 0.0203125 0.027083333333333334
1 0.557421875 0.9770833333333333 0.07109375 0.04583333333333333
0 0.8125 0.4421875 0.015625 0.021875
0 0.06484375 0.46822916666666664 0.021875 0.023958333333333335
1 0.01484375 0.7145833333333333 0.0296875 0.09583333333333334
1 0.44140625 0.15104166666666666 0.0671875 0.09375
1 0.1609375 0.4197916666666667 0.0671875 0.08541666666666667
0 0.016796875 0.3625 0.02421875 0.03125
1 0.2171875 0.6697916666666667 0.0625 0.08125
1 0.030859375 0.03125 0.06171875 0.0625
1 0.765625 0.4114583333333333 0.065625 0.08541666666666667
1 0.082421875 0.028125 0.08203125 0.05625
0 0.178515625 0.9359375 0.02421875 0.028125
1 0.6890625 0.9088541666666666 0.0796875 0.13020833333333334
1 0.101171875 0.09739583333333333 0.06796875 0.07604166666666666
1 0.448828125 0.9739583333333334 0.07265625 0.04791666666666667
1 0.5390625 0.09895833333333333 0.053125 0.09375
1 0.010546875 0.40989583333333335 0.02109375 0.08229166666666667
1 0.325 0.37916666666666665 0.075 0.10208333333333333
1 0.153125 0.25364583333333335 0.0640625 0.08229166666666667
1 0.28046875 0.828125 0.065625 0.09166666666666666
1 0.59375 0.47291666666666665 0.071875 0.08333333333333333
1 0.45625 0.18697916666666667 0.0640625 0.090625
1 0.093359375 0.9291666666666667 0.09453125 0.09166666666666666
0 0.8390625 0.2760416666666667 0.021875 0.025
1 0.8140625 0.03125 0.0765625 0.0625
1 0.3078125 0.9682291666666667 0.06875 0.06354166666666666
1 0.57421875 0.3098958333333333 0.0703125 0.09479166666666666
1 0.126953125 0.5411458333333333 0.06328125 0.08854166666666667
1 0.70859375 0.3515625 0.0890625 0.109375
1 0.21953125 0.9645833333333333 0.0640625 0.07083333333333333
1 0.2875 0.9302083333333333 0.065625 0.08541666666666667
0 0.156640625 0.32395833333333335 0.02578125 0.029166666666666667
1 0.71171875 0.63125 0.0734375 0.08333333333333333
1 0.171484375 0.55 0.06953125 0.09375
1 0.59921875 0.0203125 0.0734375 0.040625
1 0.203125 0.5005208333333333 0.06875 0.090625
1 0.159765625 0.2046875 0.06171875 0.078125
1 0.21640625 0.3125 0.0671875 0.08333333333333333
2 0.53984375 0.571875 0.0890625 0.11875
1 0.70078125 0.24427083333333333 0.0703125 0.09270833333333334
1 0.6796875 0.478125 0.059375 0.09375
1 0.583203125 0.665625 0.06796875 0.09375
1 0.9640625 0.35572916666666665 0.065625 0.09895833333333333
1 0.77265625 0.8635416666666667 0.06875 0.08958333333333333
1 0.51640625 0.41875 0.0640625 0.09166666666666666
1 0.93046875 0.3703125 0.0640625 0.096875
1 0.49296875 0.028125 0.0671875 0.05625
1 0.775390625 0.95625 0.07578125 0.0875
1 0.70234375 0.7421875 0.071875 0.12604166666666666
1 0.348828125 0.284375 0.07265625 0.08541666666666667
1 0.618359375 0.3098958333333333 0.06015625 0.090625
1 0.451171875 0.46770833333333334 0.06171875 0.0875
1 0.626953125 0.6510416666666666 0.06171875 0.09375
1 0.31796875 0.051041666666666666 0.0765625 0.09583333333333334
1 0.406640625 0.2546875 0.06484375 0.09479166666666666
1 0.78359375 0.6416666666666667 0.0703125 0.08541666666666667
1 0.7046875 0.13958333333333334 0.0875 0.1
1 0.030859375 0.29270833333333335 0.06015625 0.09791666666666667
1 0.751171875 0.0578125 0.06328125 0.103125
1 0.63125 0.21041666666666667 0.06875 0.09166666666666666
1 0.378125 0.9427083333333334 0.0796875 0.09791666666666667
1 0.85625 0.21197916666666666 0.0671875 0.084375
1 0.385546875 0.6625 0.09140625 0.09791666666666667
1 0.8828125 0.8270833333333333 0.0609375 0.08333333333333333
1 0.1515625 0.6479166666666667 0.06875 0.09583333333333334
1 0.81875 0.7770833333333333 0.0703125 0.125
1 0.46796875 0.8104166666666667 0.0703125 0.08333333333333333
1 0.315234375 0.8041666666666667 0.06015625 0.0875
1 0.28125 0.5427083333333333 0.06875 0.11041666666666666
1 0.76796875 0.2140625 0.065625 0.09270833333333334
1 0.509375 0.9369791666666667 0.06875 0.103125
1 0.230078125 0.03697916666666667 0.06640625 0.07395833333333333
1 0.40625 0.7625 0.0703125 0.09166666666666666
1 0.7921875 0.3302083333333333 0.071875 0.08541666666666667
1 0.44609375 0.8979166666666667 0.0640625 0.09166666666666666
1 0.89609375 0.2864583333333333 0.065625 0.08541666666666667
1 0.2046875 0.1171875 0.0640625 0.08854166666666667
1 0.08125 0.6166666666666667 0.0671875 0.09375
1 0.66875 0.043229166666666666 0.06875 0.08645833333333333
1 0.96640625 0.159375 0.065625 0.10416666666666667
1 0.834375 0.9098958333333333 0.06875 0.084375
1 0.96875 0.5713541666666667 0.0625 0.096875
1 0.96875 0.05 0.0625 0.09166666666666666
1 0.2625 0.646875 0.0609375 0.09791666666666667
1 0.5609375 0.2015625 0.071875 0.096875
1 0.87890625 0.7192708333333333 0.06875 0.10104166666666667
1 0.158984375 0.05416666666666667 0.07578125 0.1
1 0.91484375 0.9546875 0.071875 0.090625
1 0.56015625 0.8166666666666667 0.0734375 0.10416666666666667
1 0.74453125 0.5494791666666666 0.0734375 0.09479166666666666
1 0.0421875 0.5385416666666667 0.075 0.09375
1 0.94140625 0.715625 0.0609375 0.09791666666666667
1 0.408984375 0.5708333333333333 0.06953125 0.0875
1 0.23984375 0.2015625 0.0984375 0.09479166666666666
1 0.459375 0.63125 0.071875 0.08958333333333333
1 0.471484375 0.7239583333333334 0.06953125 0.09375
1 0.054296875 0.13697916666666668 0.07265625 0.10729166666666666
1 0.5953125 0.9125 0.078125 0.1
1 0.89140625 0.1296875 0.0640625 0.09479166666666666
1 0.90234375 0.0421875 0.065625 0.084375
1 0.403125 0.35520833333333335 0.071875 0.10416666666666667
1 0.230078125 0.7625 0.06328125 0.09166666666666666
1 0.940625 0.8697916666666666 0.065625 0.08541666666666667
1 0.16640625 0.871875 0.0671875 0.09166666666666666
1 0.778515625 0.4671875 0.06171875 0.09479166666666666
1 0.575390625 0.09375 0.06015625 0.10833333333333334
1 0.06640625 0.7223958333333333 0.0671875 0.09895833333333333
1 0.02890625 0.8432291666666667 0.0578125 0.09479166666666666
1 0.320703125 0.19479166666666667 0.05859375 0.1
1 0.375390625 0.13958333333333334 0.05546875 0.1