1 0.521484375 0.7927083333333333 0.06953125 0.07916666666666666
0 0.006640625 0.9552083333333333 0.01328125 0.08541666666666667
1 0.286328125 0.9875 0.08984375 0.025
0 0.36328125 0.9885416666666667 0.0671875 0.022916666666666665
1 0.558984375 0.8739583333333333 0.06953125 0.08541666666666667
2 0.58828125 0.9822916666666667 0.1046875 0.03125
1 0.053515625 0.98125 0.09921875 0.035416666666666666
0 0.59140625 0.984375 0.0859375 0.03125
1 0.98984375 0.6614583333333334 0.01875 0.10625
1 0.45234375 0.015104166666666667 0.078125 0.030208333333333334
1 0.012109375 0.4390625 0.02421875 0.096875
0 0.10078125 0.15208333333333332 0.0265625 0.035416666666666666
1 0.97890625 0.022916666666666665 0.0421875 0.04583333333333333
1 0.0140625 0.334375 0.028125 0.09583333333333334
1 0.57109375 0.9119791666666667 0.0703125 0.096875
0 0.990625 0.37864583333333335 0.01875 0.05520833333333333
1 0.671875 0.96875 0.071875 0.058333333333333334
1 0.14453125 0.11614583333333334 0.0796875 0.08854166666666667
1 0.330859375 0.16875 0.08046875 0.09166666666666666
1 0.672265625 0.3703125 0.06953125 0.10104166666666667
1 0.14765625 0.06302083333333333 0.0703125 0.08645833333333333
1 0.8296875 0.8020833333333334 0.0875 0.08541666666666667
1 0.083203125 0.8427083333333333 0.06953125 0.08958333333333333
1 0.0578125 0.44479166666666664 0.0796875 0.10208333333333333
1 0.4125 0.853125 0.0640625 0.08541666666666667
2 0.85078125 0.20052083333333334 0.1546875 0.20729166666666668
1 0.148828125 0.803125 0.07109375 0.07708333333333334
1 0.7234375 0.13125 0.0734375 0.08333333333333333
1 0.70390625 0.484375 0.0609375 0.07291666666666667
1 0.105859375 0.4666666666666667 0.06328125 0.09166666666666666
1 0.36484375 0.6208333333333333 0.0765625 0.1125
1 0.50859375 0.1015625 0.0671875 0.09270833333333334
1 0.825 0.8572916666666667 0.0734375 0.09375
1 0.03359375 0.153125 0.0671875 0.09166666666666666
1 0.34609375 0.69375 0.0703125 0.0875
1 0.476953125 0.73125 0.07109375 0.09583333333333334
1 0.7078125 0.909375 0.0625 0.08541666666666667
1 0.35703125 0.25 0.0671875 0.08333333333333333
1 0.460546875 0.9541666666666667 0.06953125 0.09166666666666666
1 0.07734375 0.21041666666666667 0.071875 0.09791666666666667
1 0.70625 0.340625 0.0640625 0.08958333333333333
1 0.64375 0.04791666666666667 0.0625 0.08958333333333333
1 0.540625 0.7239583333333334 0.0671875 0.09166666666666666
1 0.9515625 0.6041666666666666 0.075 0.09583333333333334
1 0.60234375 0.1078125 0.0734375 0.096875
1 0.38671875 0.3515625 0.0640625 0.08854166666666667
1 0.74140625 0.03802083333333333 0.0671875 0.07604166666666666
1 0.590234375 0.48333333333333334 0.07890625 0.09791666666666667
1 0.83125 0.6010416666666667 0.075 0.09375
1 0.94609375 0.7328125 0.0703125 0.09895833333333333
1 0.24921875 0.2625 0.0734375 0.08958333333333333
1 0.342578125 0.8416666666666667 0.06328125 0.09166666666666666
2 0.199609375 0.5411458333333333 0.15703125 0.221875
2 0.137109375 0.690625 0.14140625 0.17916666666666667
1 0.49921875 0.44583333333333336 0.078125 0.0875
1 0.18515625 0.196875 0.0703125 0.10208333333333333
1 0.454296875 0.2421875 0.07890625 0.09895833333333333
1 0.7546875 0.78125 0.071875 0.0875
1 0.20625 0.3260416666666667 0.078125 0.09375
1 0.6671875 0.7114583333333333 0.0796875 0.09791666666666667
1 0.24140625 0.42604166666666665 0.090625 0.10625
1 0.91484375 0.903125 0.0703125 0.09791666666666667
1 0.953125 0.15677083333333333 0.06875 0.09895833333333333
1 0.684375 0.5708333333333333 0.0703125 0.09583333333333334
1 0.928125 0.33958333333333335 0.065625 0.09166666666666666
1 0.9328125 0.45989583333333334 0.0796875 0.08229166666666667
1 0.246484375 0.85625 0.08671875 0.10416666666666667
1 0.8734375 0.6833333333333333 0.08125 0.1125
1 0.51328125 0.5760416666666667 0.0796875 0.08333333333333333
1 0.7234375 0.21979166666666666 0.075 0.09791666666666667
1 0.3578125 0.06197916666666667 0.0703125 0.10729166666666666