1 0.410546875 0.3421875 0.08203125 0.090625
1 0.83046875 0.9885416666666667 0.0828125 0.022916666666666665
0 0.89453125 0.7536458333333333 0.0140625 0.019791666666666666
1 0.074609375 0.5286458333333334 0.06484375 0.09479166666666666
1 0.0625 0.40625 0.065625 0.1
1 0.17578125 0.88125 0.0578125 0.08333333333333333
1 0.036328125 0.9885416666666667 0.07265625 0.022916666666666665
1 0.541796875 0.984375 0.07265625 0.03125
0 0.078125 0.2453125 0.0203125 0.028125
1 0.13828125 0.7135416666666666 0.065625 0.10208333333333333
1 0.708984375 0.15989583333333332 0.06015625 0.084375
1 0.24140625 0.9885416666666667 0.0796875 0.022916666666666665
1 0.155859375 0.016666666666666666 0.07578125 0.03333333333333333
1 0.14453125 0.33489583333333334 0.0640625 0.08645833333333333
1 0.3234375 0.440625 0.0734375 0.09166666666666666
0 0.58046875 0.7723958333333333 0.0203125 0.030208333333333334
1 0.728125 0.971875 0.05625 0.05625
1 0.8953125 0.6838541666666667 0.0734375 0.10520833333333333
1 0.081640625 0.016145833333333335 0.07109375 0.03229166666666667
1 0.91953125 0.596875 0.0609375 0.09375
1 0.46875 0.509375 0.0625 0.09375
1 0.6578125 0.9864583333333333 0.071875 0.027083333333333334
1 0.093359375 0.4354166666666667 0.06328125 0.0875
1 0.45546875 0.9817708333333334 0.0890625 0.036458333333333336
1 0.78046875 0.33697916666666666 0.065625 0.08854166666666667
1 0.97421875 0.1421875 0.0515625 0.084375
1 0.01953125 0.07291666666666667 0.0390625 0.10416666666666667
1 0.03984375 0.23385416666666667 0.05625 0.08645833333333333
1 0.88203125 0.784375 0.04375 0.08541666666666667
1 0.696875 0.01875 0.078125 0.0375
1 0.603125 0.7239583333333334 0.0796875 0.06458333333333334
1 0.71015625 0.26145833333333335 0.0546875 0.08541666666666667
1 0.116015625 0.9317708333333333 0.07421875 0.10104166666666667
1 0.01171875 0.1828125 0.0234375 0.08229166666666667
1 0.89140625 0.5270833333333333 0.065625 0.07916666666666666
1 0.969921875 0.27291666666666664 0.06015625 0.08958333333333333
1 0.93671875 0.42083333333333334 0.0640625 0.07916666666666666
0 0.190234375 0.021875 0.02578125 0.029166666666666667
1 0.148046875 0.9802083333333333 0.08046875 0.03958333333333333
1 0.016796875 0.3026041666666667 0.03359375 0.08229166666666667
1 0.7609375 0.035416666666666666 0.06875 0.07083333333333333
0 0.89609375 0.2796875 0.0203125 0.028125
1 0.737109375 0.5078125 0.07421875 0.10104166666666667
0 0.28984375 0.8598958333333333 0.0234375 0.030208333333333334
1 0.039453125 0.153125 0.06953125 0.09791666666666667
1 0.4359375 0.07135416666666666 0.05625 0.08229166666666667
1 0.11640625 0.05364583333333333 0.071875 0.09479166666666666
1 0.8609375 0.6041666666666666 0.06875 0.09791666666666667
1 0.470703125 0.0296875 0.07578125 0.059375
0 0.359765625 0.2171875 0.02890625 0.036458333333333336
0 0.93671875 0.12083333333333333 0.03125 0.041666666666666664
1 0.95703125 0.5182291666666666 0.0640625 0.09479166666666666
1 0.14765625 0.20364583333333333 0.071875 0.09479166666666666
1 0.756640625 0.36770833333333336 0.06484375 0.08958333333333333
0 0.50234375 0.6677083333333333 0.0265625 0.027083333333333334
1 0.68984375 0.9395833333333333 0.0671875 0.08958333333333333
1 0.703515625 0.07083333333333333 0.06640625 0.08541666666666667
1 0.317578125 0.3770833333333333 0.06640625 0.0875
1 0.096875 0.2911458333333333 0.05625 0.071875
1 0.205078125 0.8854166666666666 0.06640625 0.0875
1 0.53203125 0.5854166666666667 0.0640625 0.07916666666666666
1 0.12109375 0.584375 0.0703125 0.08541666666666667
1 0.379296875 0.029166666666666667 0.06953125 0.058333333333333334
1 0.02578125 0.4708333333333333 0.0515625 0.1
1 0.0328125 0.8510416666666667 0.0640625 0.09166666666666666
1 0.41328125 0.5385416666666667 0.0640625 0.08958333333333333
1 0.2375 0.0546875 0.0671875 0.084375
1 0.26875 0.7197916666666667 0.0640625 0.08541666666666667
1 0.2171875 0.5697916666666667 0.065625 0.08125
1 0.23203125 0.9552083333333333 0.0640625 0.08333333333333333
1 0.6265625 0.53125 0.0765625 0.09791666666666667
1 0.492578125 0.10677083333333333 0.06640625 0.084375
1 0.363671875 0.6552083333333333 0.06015625 0.09166666666666666
1 0.86328125 0.8697916666666666 0.0921875 0.09375
1 0.828125 0.93125 0.0640625 0.08333333333333333
1 0.58984375 0.6583333333333333 0.0765625 0.0875
1 0.303515625 0.6427083333333333 0.06796875 0.08541666666666667
1 0.6828125 0.16927083333333334 0.059375 0.08229166666666667
1 0.5921875 0.18385416666666668 0.08125 0.10104166666666667
1 0.355859375 0.9520833333333333 0.07578125 0.0875
1 0.1921875 0.3026041666666667 0.0671875 0.090625
1 0.712109375 0.5739583333333333 0.06171875 0.0875
1 0.82265625 0.15416666666666667 0.0609375 0.09166666666666666
1 0.93125 0.0390625 0.0671875 0.078125
1 0.334375 0.5447916666666667 0.071875 0.10208333333333333
1 0.759375 0.6270833333333333 0.059375 0.07916666666666666
2 0.49921875 0.20520833333333333 0.08125 0.10625
1 0.128125 0.8020833333333334 0.06875 0.08958333333333333
1 0.13203125 0.1296875 0.0671875 0.090625
1 0.208984375 0.3958333333333333 0.06640625 0.09166666666666666
1 0.671875 0.3390625 0.05625 0.090625
1 0.2359375 0.65 0.06875 0.08333333333333333
1 0.671875 0.24791666666666667 0.065625 0.0875
1 0.409375 0.71875 0.06875 0.09583333333333334
1 0.348046875 0.30885416666666665 0.06328125 0.078125
1 0.083203125 0.6505208333333333 0.06796875 0.090625
1 0.60625 0.08854166666666667 0.0625 0.08333333333333333
1 0.703515625 0.40572916666666664 0.07578125 0.090625
1 0.15703125 0.515625 0.0671875 0.09166666666666666
1 0.92265625 0.346875 0.065625 0.08541666666666667
1 0.551171875 0.2791666666666667 0.07109375 0.09583333333333334
1 0.21953125 0.15260416666666668 0.0671875 0.090625
1 0.63046875 0.43802083333333336 0.0671875 0.09895833333333333
1 0.8140625 0.6520833333333333 0.0625 0.08125
1 0.53203125 0.503125 0.0640625 0.09375
1 0.225390625 0.48854166666666665 0.07265625 0.08958333333333333
1 0.1703125 0.7432291666666667 0.065625 0.08854166666666667
1 0.7671875 0.959375 0.06875 0.08125
1 0.076171875 0.74375 0.07421875 0.09791666666666667
1 0.29296875 0.9171875 0.071875 0.096875
1 0.90703125 0.19791666666666666 0.0875 0.09166666666666666
1 0.87890625 0.0890625 0.0625 0.08854166666666667
1 0.78046875 0.44479166666666664 0.06875 0.09375
2 0.8203125 0.7635416666666667 0.109375 0.13541666666666666
1 0.77109375 0.16666666666666666 0.06875 0.09583333333333334
1 0.40390625 0.259375 0.071875 0.08958333333333333
1 0.47421875 0.7380208333333333 0.0640625 0.08645833333333333
1 0.95703125 0.6020833333333333 0.0671875 0.0875
1 0.490234375 0.8645833333333334 0.06796875 0.09166666666666666
1 0.421484375 0.9229166666666667 0.07265625 0.0875
1 0.828125 0.2515625 0.084375 0.103125
2 0.3265625 0.10104166666666667 0.1125 0.14375
1 0.454296875 0.6567708333333333 0.07109375 0.096875
1 0.9671875 0.8770833333333333 0.065625 0.1125
1 0.6640625 0.6729166666666667 0.0625 0.08333333333333333
1 0.393359375 0.440625 0.07109375 0.09791666666666667
1 0.7703125 0.8604166666666667 0.06875 0.09166666666666666
1 0.533203125 0.7447916666666666 0.06171875 0.09791666666666667
1 0.50078125 0.3546875 0.075 0.09479166666666666
1 0.696875 0.8567708333333334 0.0703125 0.090625
1 0.281640625 0.221875 0.07109375 0.09375
1 0.56015625 0.4109375 0.075 0.103125
1 0.93671875 0.9567708333333333 0.06875 0.08645833333333333
1 0.04140625 0.5708333333333333 0.0828125 0.0875
1 0.58359375 0.8572916666666667 0.0703125 0.10208333333333333
1 0.798828125 0.5578125 0.07265625 0.10104166666666667
1 0.41953125 0.16927083333333334 0.078125 0.09479166666666666