1 0.278515625 0.7442708333333333 0.06796875 0.115625
1 0.30078125 0.3572916666666667 0.071875 0.08333333333333333
1 0.44296875 0.5229166666666667 0.0765625 0.11666666666666667
1 0.009765625 0.9671875 0.01953125 0.065625
1 0.00859375 0.1234375 0.0171875 0.096875
1 0.58046875 0.278125 0.0734375 0.09166666666666666
1 0.118359375 0.49583333333333335 0.07578125 0.09166666666666666
1 0.600390625 0.12291666666666666 0.06640625 0.09583333333333334
1 0.753125 0.321875 0.075 0.08541666666666667
1 0.57109375 0.013541666666666667 0.0671875 0.027083333333333334
1 0.208984375 0.971875 0.10390625 0.05625
1 0.5515625 0.609375 0.05625 0.08541666666666667
1 0.71953125 0.44583333333333336 0.0671875 0.0875
1 0.98515625 0.40572916666666664 0.0296875 0.096875
1 0.13984375 0.09895833333333333 0.0671875 0.075
1 0.98203125 0.6260416666666667 0.0359375 0.11041666666666666
1 0.12578125 0.4552083333333333 0.075 0.08958333333333333
1 0.62734375 0.019270833333333334 0.0703125 0.03854166666666667
1 0.6296875 0.10104166666666667 0.0640625 0.09375
0 0.090234375 0.9541666666666667 0.03359375 0.03958333333333333
1 0.4046875 0.9666666666666667 0.115625 0.0625
1 0.149609375 0.0375 0.07109375 0.075
1 0.9265625 0.3333333333333333 0.053125 0.07916666666666666
1 0.3625 0.12604166666666666 0.0671875 0.08958333333333333
1 0.78125 0.26979166666666665 0.071875 0.11666666666666667
1 0.86015625 0.553125 0.0640625 0.08958333333333333
1 0.768359375 0.9416666666666667 0.08671875 0.1125
1 0.74375 0.8635416666666667 0.0625 0.09791666666666667
1 0.4484375 0.70625 0.06875 0.08958333333333333
1 0.87578125 0.8541666666666666 0.071875 0.09583333333333334
1 0.8578125 0.16770833333333332 0.0640625 0.09166666666666666
1 0.95546875 0.034895833333333334 0.0765625 0.06979166666666667
1 0.03125 0.27291666666666664 0.0625 0.10208333333333333
1 0.55234375 0.0640625 0.0640625 0.090625
1 0.285546875 0.28854166666666664 0.06953125 0.08125
1 0.2015625 0.08333333333333333 0.06875 0.09583333333333334
1 0.921875 0.19375 0.0796875 0.1
1 0.3109375 0.7927083333333333 0.059375 0.08958333333333333
1 0.45546875 0.7864583333333334 0.0671875 0.08541666666666667
1 0.70703125 0.20625 0.0703125 0.09375
1 0.25078125 0.8953125 0.0765625 0.09270833333333334
1 0.303515625 0.7125 0.06640625 0.0875
1 0.387109375 0.18125 0.06953125 0.09166666666666666
1 0.40390625 0.7489583333333333 0.0703125 0.08958333333333333
1 0.456640625 0.42604166666666665 0.08828125 0.10625
1 0.685546875 0.8677083333333333 0.07109375 0.09375
1 0.35 0.4947916666666667 0.08125 0.13541666666666666
1 0.16875 0.4041666666666667 0.0796875 0.08333333333333333
1 0.828515625 0.8796875 0.07578125 0.096875
1 0.528125 0.3375 0.078125 0.0875
1 0.90078125 0.5395833333333333 0.0640625 0.09166666666666666
1 0.50234375 0.5760416666666667 0.0703125 0.11875
1 0.301953125 0.15989583333333332 0.07421875 0.09479166666666666
1 0.45859375 0.9052083333333333 0.084375 0.11458333333333333
1 0.49921875 0.057291666666666664 0.0671875 0.09375
1 0.263671875 0.05260416666666667 0.07421875 0.096875
1 0.144921875 0.5734375 0.08515625 0.09270833333333334
1 0.157421875 0.9166666666666666 0.07578125 0.125
1 0.0375 0.05416666666666667 0.071875 0.10416666666666667
1 0.095703125 0.3145833333333333 0.09140625 0.09583333333333334
1 0.6546875 0.28072916666666664 0.0828125 0.09479166666666666
1 0.280859375 0.4270833333333333 0.07734375 0.09166666666666666
1 0.878125 0.278125 0.0859375 0.09583333333333334
1 0.7421875 0.0484375 0.0875 0.09479166666666666
1 0.44609375 0.121875 0.0640625 0.10625
1 0.859375 0.7755208333333333 0.0703125 0.096875
1 0.130078125 0.7536458333333333 0.06640625 0.10104166666666667
1 0.071484375 0.6520833333333333 0.07734375 0.1125
1 0.771875 0.4114583333333333 0.0765625 0.11875
1 0.72578125 0.753125 0.0890625 0.11458333333333333
2 0.63984375 0.5744791666666667 0.1421875 0.184375
1 0.214453125 0.31354166666666666 0.08515625 0.11041666666666666
1 0.194921875 0.7552083333333334 0.07734375 0.11875
1 0.7328125 0.6583333333333333 0.078125 0.0875