0 0.978125 0.9739583333333334 0.040625 0.052083333333333336
1 0.9140625 0.153125 0.06875 0.09166666666666666
1 0.8 0.45625 0.06875 0.0875
1 0.521875 0.8052083333333333 0.0671875 0.09791666666666667
1 0.007421875 0.565625 0.01484375 0.09375
1 0.56796875 0.23802083333333332 0.0796875 0.10104166666666667
1 0.014453125 0.7833333333333333 0.02734375 0.10416666666666667
2 0.96328125 0.07864583333333333 0.0734375 0.10729166666666666
1 0.74453125 0.578125 0.0640625 0.10208333333333333
1 0.98984375 0.7729166666666667 0.0203125 0.125
1 0.846875 0.25 0.0640625 0.0875
1 0.741796875 0.6223958333333334 0.07109375 0.09895833333333333
1 0.811328125 0.37864583333333335 0.06953125 0.10104166666666667
1 0.859375 0.9739583333333334 0.1015625 0.05
1 0.8359375 0.6083333333333333 0.075 0.1
1 0.633203125 0.8208333333333333 0.07109375 0.09583333333333334
1 0.74140625 0.0125 0.0734375 0.025
1 0.353515625 0.40208333333333335 0.07421875 0.11875
1 0.01015625 0.03125 0.0203125 0.0625
1 0.62578125 0.9776041666666667 0.065625 0.04479166666666667
1 0.9796875 0.9739583333333334 0.040625 0.052083333333333336
1 0.93046875 0.0140625 0.0765625 0.028125
1 0.676953125 0.7046875 0.07265625 0.09895833333333333
0 0.89453125 0.9395833333333333 0.03125 0.035416666666666666
0 0.53359375 0.884375 0.0296875 0.03958333333333333
1 0.7890625 0.540625 0.065625 0.08958333333333333
0 0.8546875 0.328125 0.028125 0.0375
1 0.02265625 0.934375 0.0453125 0.1
1 0.57421875 0.9770833333333333 0.0734375 0.041666666666666664
1 0.9015625 0.7359375 0.071875 0.090625
1 0.073046875 0.965625 0.07578125 0.06875
1 0.585546875 0.7479166666666667 0.07734375 0.09166666666666666
1 0.3171875 0.0265625 0.075 0.053125
1 0.9765625 0.6692708333333334 0.046875 0.09895833333333333
1 0.5578125 0.0171875 0.08125 0.034375
1 0.135546875 0.030208333333333334 0.06484375 0.06041666666666667
1 0.83984375 0.38385416666666666 0.06875 0.096875
1 0.098828125 0.609375 0.06953125 0.08958333333333333
1 0.513671875 0.4557291666666667 0.06328125 0.090625
0 0.47578125 0.7583333333333333 0.025 0.029166666666666667
1 0.077734375 0.36041666666666666 0.06171875 0.10833333333333334
1 0.5984375 0.909375 0.065625 0.08541666666666667
1 0.553515625 0.8328125 0.06796875 0.09479166666666666
1 0.021484375 0.359375 0.04296875 0.10833333333333334
1 0.034765625 0.453125 0.06953125 0.08541666666666667
1 0.029296875 0.76875 0.05859375 0.09583333333333334
1 0.97890625 0.890625 0.040625 0.08958333333333333
1 0.47578125 0.36666666666666664 0.0734375 0.1
1 0.16796875 0.9723958333333333 0.0765625 0.053125
1 0.020703125 0.64375 0.04140625 0.0875
1 0.7734375 0.9697916666666667 0.075 0.058333333333333334
1 0.199609375 0.15 0.07265625 0.08333333333333333
1 0.80546875 0.027604166666666666 0.0640625 0.05520833333333333
1 0.125 0.10104166666666667 0.06875 0.08958333333333333
1 0.96328125 0.08177083333333333 0.0734375 0.103125
1 0.404296875 0.7885416666666667 0.07109375 0.09375
1 0.2328125 0.284375 0.059375 0.0875
1 0.3921875 0.03854166666666667 0.0703125 0.07708333333333334
1 0.9484375 0.7510416666666667 0.071875 0.09166666666666666
1 0.100390625 0.825 0.06953125 0.1
1 0.30859375 0.3098958333333333 0.0703125 0.09270833333333334
1 0.8390625 0.17135416666666667 0.06875 0.08020833333333334
1 0.9734375 0.453125 0.0515625 0.10416666666666667
1 0.8140625 0.7541666666666667 0.078125 0.08958333333333333
1 0.405859375 0.334375 0.06796875 0.11041666666666666
1 0.1671875 0.8104166666666667 0.078125 0.0875
1 0.141015625 0.33958333333333335 0.06640625 0.1
1 0.323828125 0.9348958333333334 0.07109375 0.09479166666666666
1 0.183203125 0.22916666666666666 0.07109375 0.08125
1 0.574609375 0.2760416666666667 0.06953125 0.08958333333333333
1 0.67109375 0.16770833333333332 0.0703125 0.10208333333333333
1 0.375 0.6421875 0.078125 0.109375
1 0.553125 0.45416666666666666 0.065625 0.09791666666666667
1 0.233203125 0.509375 0.06328125 0.08958333333333333
1 0.74765625 0.7385416666666667 0.0578125 0.08958333333333333
1 0.16875 0.7098958333333333 0.06875 0.09270833333333334
1 0.56171875 0.10052083333333334 0.0734375 0.12604166666666666
1 0.5265625 0.6302083333333334 0.078125 0.0875
1 0.64296875 0.9161458333333333 0.0671875 0.090625
1 0.44453125 0.4609375 0.075 0.090625
1 0.033203125 0.23958333333333334 0.06640625 0.09791666666666667
1 0.322265625 0.7645833333333333 0.06953125 0.09375
1 0.376953125 0.21614583333333334 0.07109375 0.096875
1 0.65625 0.05677083333333333 0.06875 0.09270833333333334
1 0.819140625 0.9119791666666667 0.08203125 0.08020833333333334
1 0.2109375 0.6239583333333333 0.06875 0.10208333333333333
1 0.77109375 0.18072916666666666 0.06875 0.08645833333333333
1 0.785546875 0.3703125 0.07421875 0.09895833333333333
1 0.74609375 0.9005208333333333 0.065625 0.09479166666666666
1 0.355078125 0.8567708333333334 0.07109375 0.090625
1 0.3453125 0.09947916666666666 0.0703125 0.096875
1 0.20078125 0.059375 0.071875 0.09375
1 0.155859375 0.8953125 0.06484375 0.08229166666666667
1 0.081640625 0.6916666666666667 0.06484375 0.08333333333333333
1 0.2984375 0.6442708333333333 0.065625 0.096875
1 0.5421875 0.36666666666666664 0.0703125 0.09583333333333334
1 0.280078125 0.3953125 0.07578125 0.09479166666666666
1 0.53515625 0.5416666666666666 0.075 0.09166666666666666
1 0.93359375 0.8395833333333333 0.071875 0.09583333333333334
1 0.305859375 0.1734375 0.06328125 0.08854166666666667
1 0.85078125 0.6536458333333334 0.0734375 0.09895833333333333
1 0.88046875 0.2796875 0.065625 0.090625
1 0.890625 0.5119791666666667 0.06875 0.103125
1 0.42421875 0.6744791666666666 0.0703125 0.09479166666666666
1 0.6234375 0.37604166666666666 0.075 0.09583333333333334
1 0.95859375 0.5520833333333334 0.0734375 0.09583333333333334
1 0.72109375 0.27708333333333335 0.0953125 0.10416666666666667
1 0.884375 0.0578125 0.0703125 0.09895833333333333
1 0.2578125 0.9052083333333333 0.0703125 0.09791666666666667
1 0.503125 0.18645833333333334 0.075 0.10208333333333333
1 0.8359375 0.8359375 0.0875 0.08645833333333333
1 0.25859375 0.7255208333333333 0.0671875 0.09479166666666666
1 0.27421875 0.08854166666666667 0.0734375 0.09583333333333334
1 0.95390625 0.31666666666666665 0.08125 0.10416666666666667
1 0.06171875 0.058854166666666666 0.071875 0.096875
1 0.0921875 0.1875 0.075 0.1
1 0.71953125 0.0796875 0.0640625 0.096875
1 0.3 0.48802083333333335 0.0734375 0.090625
1 0.428515625 0.15572916666666667 0.06796875 0.096875
2 0.6390625 0.5807291666666666 0.153125 0.18854166666666666
1 0.80390625 0.10208333333333333 0.0609375 0.08958333333333333
1 0.167578125 0.5359375 0.06796875 0.109375