1 0.40859375 0.0109375 0.0828125 0.021875
1 0.00703125 0.7401041666666667 0.0140625 0.12395833333333334
1 0.66796875 0.6739583333333333 0.0671875 0.09375
1 0.50859375 0.9833333333333333 0.06875 0.03333333333333333
1 0.49921875 0.3307291666666667 0.0640625 0.08854166666666667
1 0.5125 0.7244791666666667 0.071875 0.09270833333333334
1 0.85234375 0.9822916666666667 0.0828125 0.035416666666666666
1 0.925 0.9760416666666667 0.065625 0.04791666666666667
1 0.01171875 0.07239583333333334 0.0234375 0.109375
1 0.183203125 0.017708333333333333 0.07421875 0.035416666666666666
1 0.9890625 0.4078125 0.021875 0.090625
0 0.97265625 0.9854166666666667 0.028125 0.029166666666666667
1 0.59765625 0.540625 0.0671875 0.09375
0 0.9421875 0.26875 0.0203125 0.03125
0 0.17890625 0.27447916666666666 0.0265625 0.030208333333333334
1 0.31015625 0.9776041666666667 0.0703125 0.042708333333333334
1 0.59453125 0.058333333333333334 0.0671875 0.09166666666666666
1 0.2734375 0.9520833333333333 0.075 0.09375
1 0.47265625 0.28125 0.0703125 0.09166666666666666
0 0.98046875 0.48385416666666664 0.0265625 0.03854166666666667
0 0.739453125 0.49895833333333334 0.03046875 0.04375
1 0.337109375 0.0265625 0.07578125 0.053125
1 0.9859375 0.60625 0.028125 0.10208333333333333
1 0.222265625 0.15052083333333333 0.06953125 0.09479166666666666
1 0.021875 0.18020833333333333 0.04375 0.10208333333333333
1 0.98203125 0.31927083333333334 0.034375 0.09270833333333334
1 0.88046875 0.9244791666666666 0.0625 0.09479166666666666
1 0.785546875 0.9677083333333333 0.06328125 0.06458333333333334
1 0.559765625 0.0328125 0.06796875 0.065625
1 0.57890625 0.9645833333333333 0.0796875 0.07083333333333333
1 0.9765625 0.06302083333333333 0.046875 0.09895833333333333
1 0.794140625 0.3203125 0.06796875 0.096875
1 0.369921875 0.9484375 0.06796875 0.103125
1 0.790625 0.440625 0.05625 0.08541666666666667
1 0.653515625 0.9427083333333334 0.06953125 0.09791666666666667
1 0.344140625 0.471875 0.08671875 0.11041666666666666
1 0.212109375 0.08645833333333333 0.07421875 0.1
1 0.033984375 0.5833333333333334 0.06796875 0.09583333333333334
1 0.42265625 0.34791666666666665 0.0640625 0.1
1 0.94765625 0.5505208333333333 0.0640625 0.08645833333333333
1 0.022265625 0.3453125 0.04453125 0.09479166666666666
1 0.53046875 0.11510416666666666 0.06875 0.09270833333333334
1 0.158203125 0.4515625 0.06328125 0.09479166666666666
1 0.48125 0.049479166666666664 0.06875 0.096875
1 0.6203125 0.4947916666666667 0.06875 0.08125
1 0.087109375 0.4505208333333333 0.06796875 0.08645833333333333
1 0.64609375 0.8375 0.0671875 0.09583333333333334
1 0.680078125 0.6208333333333333 0.08203125 0.09583333333333334
1 0.43046875 0.14895833333333333 0.0640625 0.07916666666666666
1 0.454296875 0.9515625 0.06953125 0.096875
1 0.276953125 0.4817708333333333 0.07109375 0.10104166666666667
1 0.2125 0.8854166666666666 0.071875 0.10416666666666667
1 0.51328125 0.896875 0.0609375 0.08541666666666667
1 0.299609375 0.5895833333333333 0.06640625 0.10833333333333334
1 0.6484375 0.40208333333333335 0.075 0.1
1 0.067578125 0.27291666666666664 0.06484375 0.09375
1 0.53984375 0.8145833333333333 0.0671875 0.0875
1 0.134765625 0.26979166666666665 0.06328125 0.09375
1 0.28671875 0.08645833333333333 0.0703125 0.09791666666666667
1 0.26875 0.371875 0.0640625 0.08958333333333333
1 0.049609375 0.7083333333333334 0.07421875 0.10416666666666667
1 0.526953125 0.6692708333333334 0.06953125 0.09479166666666666
1 0.16640625 0.584375 0.0578125 0.08958333333333333
1 0.465625 0.8010416666666667 0.075 0.09375
1 0.5984375 0.7614583333333333 0.06875 0.08958333333333333
1 0.76015625 0.27395833333333336 0.0703125 0.09375
1 0.590625 0.8864583333333333 0.065625 0.09166666666666666
1 0.59765625 0.665625 0.0671875 0.10416666666666667
1 0.060546875 0.040625 0.07421875 0.08125
1 0.494140625 0.5817708333333333 0.07421875 0.08854166666666667
1 0.23515625 0.6786458333333333 0.0671875 0.08854166666666667
1 0.16484375 0.9552083333333333 0.065625 0.08958333333333333
1 0.65234375 0.30104166666666665 0.078125 0.10208333333333333
1 0.92109375 0.4661458333333333 0.0671875 0.084375
1 0.68203125 0.08958333333333333 0.0671875 0.09791666666666667
1 0.024609375 0.4552083333333333 0.04921875 0.10625
1 0.41640625 0.8713541666666667 0.0765625 0.09479166666666666
1 0.134765625 0.06822916666666666 0.07421875 0.09895833333333333
1 0.290625 0.85 0.08125 0.09583333333333334
1 0.72890625 0.9229166666666667 0.0765625 0.10416666666666667
1 0.582421875 0.26614583333333336 0.06640625 0.09270833333333334
1 0.76328125 0.8364583333333333 0.0609375 0.09583333333333334
1 0.8421875 0.259375 0.0671875 0.09791666666666667
1 0.746875 0.17916666666666667 0.0671875 0.08958333333333333
1 0.52109375 0.209375 0.0671875 0.09375
1 0.120703125 0.36354166666666665 0.07421875 0.09375
1 0.96953125 0.7046875 0.0609375 0.08645833333333333
1 0.0765625 0.8197916666666667 0.065625 0.09166666666666666
1 0.85234375 0.8161458333333333 0.0765625 0.096875
1 0.93203125 0.6291666666666667 0.0703125 0.08958333333333333
1 0.4640625 0.4265625 0.075 0.08645833333333333
1 0.93515625 0.8765625 0.065625 0.090625
1 0.33984375 0.7427083333333333 0.071875 0.09375
1 0.046875 0.9078125 0.075 0.09895833333333333
1 0.7046875 0.7869791666666667 0.071875 0.10520833333333333
1 0.194140625 0.3380208333333333 0.07109375 0.096875
1 0.50703125 0.5020833333333333 0.071875 0.09583333333333334
1 0.416796875 0.06614583333333333 0.06640625 0.090625
1 0.740625 0.35625 0.05625 0.07916666666666666
1 0.232421875 0.5854166666666667 0.06796875 0.09583333333333334
1 0.5421875 0.4046875 0.065625 0.08854166666666667
1 0.108203125 0.1640625 0.07109375 0.096875
1 0.68671875 0.51875 0.0734375 0.10208333333333333
1 0.753515625 0.04375 0.06484375 0.0875
1 0.81328125 0.7260416666666667 0.065625 0.09791666666666667
1 0.7421875 0.696875 0.075 0.10416666666666667
1 0.352734375 0.653125 0.06328125 0.08958333333333333
1 0.59609375 0.15833333333333333 0.0671875 0.09166666666666666
1 0.12890625 0.7411458333333333 0.075 0.10520833333333333
1 0.12109375 0.5265625 0.0640625 0.08854166666666667
1 0.80390625 0.1234375 0.071875 0.096875
1 0.91640625 0.044270833333333336 0.071875 0.08854166666666667
1 0.42265625 0.5088541666666667 0.0703125 0.09479166666666666
1 0.100390625 0.6229166666666667 0.07421875 0.10625
1 0.833203125 0.42083333333333334 0.07578125 0.09166666666666666
1 0.21953125 0.4317708333333333 0.0609375 0.09479166666666666
1 0.80546875 0.5322916666666667 0.0765625 0.09791666666666667
1 0.89765625 0.7380208333333333 0.0734375 0.096875
1 0.286328125 0.2078125 0.07578125 0.10104166666666667
1 0.355859375 0.11666666666666667 0.07109375 0.08958333333333333
1 0.81640625 0.8979166666666667 0.0625 0.09166666666666666
1 0.416796875 0.690625 0.06796875 0.09791666666666667
1 0.93515625 0.3770833333333333 0.0671875 0.09375
1 0.971875 0.228125 0.05625 0.10208333333333333
1 0.272265625 0.759375 0.06171875 0.08958333333333333
1 0.93359375 0.14114583333333333 0.0625 0.08645833333333333
1 0.353515625 0.31927083333333334 0.07421875 0.10104166666666667
1 0.3890625 0.228125 0.065625 0.08541666666666667
1 0.201953125 0.7697916666666667 0.07109375 0.10416666666666667
1 0.8640625 0.659375 0.065625 0.09166666666666666
1 0.9078125 0.23177083333333334 0.0640625 0.10104166666666667
1 0.88046875 0.553125 0.06875 0.10208333333333333
1 0.9625 0.79375 0.071875 0.09166666666666666
1 0.66171875 0.1921875 0.0671875 0.096875
1 0.142578125 0.853125 0.06484375 0.09583333333333334