1 0.39921875 0.1484375 0.0546875 0.096875
1 0.2296875 0.5901041666666667 0.065625 0.08645833333333333
1 0.0078125 0.7692708333333333 0.015625 0.103125
1 0.625390625 0.6776041666666667 0.06171875 0.09270833333333334
1 0.013671875 0.9729166666666667 0.02734375 0.05
1 0.45625 0.7692708333333333 0.065625 0.090625
1 0.73359375 0.9875 0.078125 0.025
1 0.98984375 0.03229166666666667 0.0203125 0.06458333333333334
1 0.478515625 0.39166666666666666 0.07421875 0.09583333333333334
1 0.97734375 0.8473958333333333 0.0421875 0.090625
1 0.60078125 0.03229166666666667 0.0890625 0.06458333333333334
1 0.73046875 0.25052083333333336 0.0671875 0.09895833333333333
1 0.98359375 0.965625 0.03125 0.06458333333333334
1 0.20859375 0.6875 0.0640625 0.1
1 0.09453125 0.3151041666666667 0.0671875 0.09895833333333333
0 0.057421875 0.46145833333333336 0.02265625 0.03125
0 0.542578125 0.5291666666666667 0.02578125 0.03333333333333333
1 0.46953125 0.965625 0.0703125 0.06666666666666667
1 0.98515625 0.4203125 0.028125 0.08645833333333333
1 0.9265625 0.95625 0.0796875 0.08333333333333333
1 0.61328125 0.9822916666666667 0.0734375 0.035416666666666666
1 0.656640625 0.8291666666666667 0.06640625 0.09791666666666667
1 0.2078125 0.5703125 0.053125 0.08020833333333334
1 0.66328125 0.39427083333333335 0.0640625 0.090625
1 0.048046875 0.9359375 0.06953125 0.090625
1 0.030078125 0.5776041666666667 0.06015625 0.084375
1 0.01484375 0.041666666666666664 0.0296875 0.08333333333333333
1 0.3953125 0.4427083333333333 0.0875 0.10208333333333333
1 0.027734375 0.33125 0.05546875 0.07916666666666666
1 0.88359375 0.3229166666666667 0.075 0.0875
1 0.209765625 0.9697916666666667 0.07734375 0.06041666666666667
1 0.7234375 0.1328125 0.0703125 0.09895833333333333
1 0.0734375 0.034375 0.08125 0.06666666666666667
1 0.81875 0.7385416666666667 0.06875 0.09791666666666667
1 0.023046875 0.24791666666666667 0.04453125 0.07916666666666666
1 0.794140625 0.9723958333333333 0.06953125 0.053125
1 0.525 0.022916666666666665 0.0640625 0.04583333333333333
1 0.078515625 0.51875 0.07265625 0.09166666666666666
1 0.50234375 0.8822916666666667 0.0546875 0.10833333333333334
1 0.240625 0.23802083333333332 0.075 0.103125
1 0.337890625 0.020833333333333332 0.06171875 0.041666666666666664
1 0.675 0.023958333333333335 0.071875 0.04791666666666667
1 0.91796875 0.30625 0.065625 0.08958333333333333
1 0.19453125 0.725 0.0640625 0.09166666666666666
1 0.023046875 0.6791666666666667 0.04609375 0.10833333333333334
1 0.753515625 0.024479166666666666 0.06640625 0.04895833333333333
1 0.6953125 0.2734375 0.0640625 0.08854166666666667
1 0.029296875 0.415625 0.05859375 0.09375
1 0.034375 0.15520833333333334 0.06875 0.09791666666666667
1 0.684375 0.8385416666666666 0.0703125 0.09583333333333334
1 0.280859375 0.9390625 0.07109375 0.08645833333333333
1 0.489453125 0.771875 0.06640625 0.09791666666666667
1 0.8484375 0.234375 0.075 0.10416666666666667
1 0.1234375 0.34375 0.0625 0.0875
1 0.603125 0.6578125 0.0625 0.090625
1 0.53984375 0.5875 0.0640625 0.09166666666666666
1 0.096484375 0.42916666666666664 0.06796875 0.09583333333333334
1 0.4703125 0.44427083333333334 0.059375 0.08645833333333333
1 0.95859375 0.6270833333333333 0.071875 0.0875
1 0.6734375 0.190625 0.059375 0.08125
1 0.82578125 0.659375 0.0703125 0.08958333333333333
1 0.38203125 0.06041666666666667 0.0640625 0.08125
1 0.2796875 0.0546875 0.075 0.096875
1 0.50625 0.19427083333333334 0.084375 0.11354166666666667
1 0.4609375 0.8723958333333334 0.0703125 0.09895833333333333
1 0.56328125 0.38385416666666666 0.0640625 0.090625
1 0.725 0.91875 0.071875 0.09583333333333334
1 0.540625 0.7026041666666667 0.08125 0.11145833333333334
1 0.7515625 0.665625 0.06875 0.08333333333333333
1 0.226171875 0.1328125 0.07109375 0.090625
1 0.528515625 0.45677083333333335 0.06015625 0.090625
1 0.352734375 0.921875 0.07421875 0.09375
1 0.794140625 0.896875 0.06796875 0.08958333333333333
1 0.915625 0.17708333333333334 0.0671875 0.09583333333333334
1 0.686328125 0.7151041666666667 0.06640625 0.096875
1 0.453125 0.5364583333333334 0.0734375 0.09166666666666666
1 0.27890625 0.696875 0.071875 0.0875
1 0.323046875 0.403125 0.06015625 0.08541666666666667
1 0.147265625 0.509375 0.07109375 0.08125
1 0.549609375 0.09583333333333334 0.07421875 0.09583333333333334
1 0.312890625 0.7791666666666667 0.06953125 0.0875
1 0.192578125 0.875 0.08359375 0.09791666666666667
1 0.95546875 0.7385416666666667 0.071875 0.09375
1 0.1390625 0.9572916666666667 0.0703125 0.08541666666666667
1 0.037109375 0.828125 0.06640625 0.11041666666666666
1 0.39765625 0.653125 0.0703125 0.09375
1 0.303515625 0.31666666666666665 0.08515625 0.09166666666666666
1 0.798828125 0.1703125 0.06640625 0.090625
1 0.317578125 0.6291666666666667 0.07421875 0.08541666666666667
1 0.094140625 0.109375 0.06484375 0.09375
1 0.137109375 0.6088541666666667 0.09296875 0.10520833333333333
1 0.7375 0.7833333333333333 0.0625 0.09583333333333334
1 0.82109375 0.051041666666666666 0.0734375 0.1
1 0.14375 0.050520833333333334 0.0671875 0.096875
1 0.61875 0.1375 0.06875 0.10208333333333333
1 0.182421875 0.40989583333333335 0.06953125 0.08229166666666667
1 0.38203125 0.3463541666666667 0.0765625 0.08229166666666667
1 0.468359375 0.28177083333333336 0.08984375 0.09895833333333333
1 0.312109375 0.221875 0.06640625 0.08541666666666667
1 0.8625 0.8979166666666667 0.0625 0.1125
1 0.26875 0.8489583333333334 0.065625 0.09375
1 0.828125 0.5583333333333333 0.0734375 0.1
1 0.06875 0.7333333333333333 0.06875 0.09583333333333334
1 0.4828125 0.6203125 0.0640625 0.09479166666666666
1 0.38046875 0.7479166666666667 0.0671875 0.09166666666666666
1 0.88984375 0.7369791666666666 0.0609375 0.08854166666666667
1 0.91875 0.81875 0.0625 0.09166666666666666
1 0.90625 0.06510416666666667 0.0765625 0.11770833333333333
1 0.15625 0.13697916666666668 0.0625 0.08645833333333333
1 0.93515625 0.39166666666666666 0.0609375 0.08541666666666667
1 0.85078125 0.43697916666666664 0.065625 0.103125
1 0.548046875 0.29010416666666666 0.07109375 0.09479166666666666
1 0.4328125 0.14583333333333334 0.0625 0.09583333333333334
1 0.384375 0.5604166666666667 0.06875 0.09583333333333334
1 0.721875 0.5833333333333334 0.0796875 0.09583333333333334
1 0.74609375 0.4901041666666667 0.0796875 0.096875
1 0.2109375 0.4895833333333333 0.071875 0.09166666666666666
1 0.329296875 0.1328125 0.06640625 0.09479166666666666
1 0.81484375 0.3541666666666667 0.065625 0.09166666666666666
1 0.74453125 0.34791666666666665 0.075 0.09166666666666666
1 0.1921875 0.31875 0.06875 0.09583333333333334
2 0.62734375 0.4890625 0.14375 0.18229166666666666