1 0.102734375 0.1703125 0.06796875 0.096875
2 0.90234375 0.9723958333333333 0.0875 0.051041666666666666
1 0.464453125 0.9197916666666667 0.06015625 0.10208333333333333
1 0.7515625 0.40260416666666665 0.065625 0.09270833333333334
2 0.232421875 0.16197916666666667 0.46484375 0.32395833333333335
1 0.23203125 0.403125 0.0765625 0.08958333333333333
1 0.079296875 0.9166666666666666 0.08046875 0.10416666666666667
0 0.97734375 0.1828125 0.0453125 0.10520833333333333
1 0.125 0.6291666666666667 0.06875 0.0875
1 0.4 0.9604166666666667 0.0671875 0.075
1 0.90234375 0.9729166666666667 0.0859375 0.05
0 0.8140625 0.759375 0.071875 0.09791666666666667
1 0.105078125 0.4973958333333333 0.07265625 0.08020833333333334
1 0.012890625 0.6895833333333333 0.02578125 0.11666666666666667
2 0.9109375 0.5609375 0.0703125 0.09270833333333334
2 0.625390625 0.46041666666666664 0.07734375 0.10625
1 0.38203125 0.020833333333333332 0.0609375 0.041666666666666664
2 0.6203125 0.14739583333333334 0.0609375 0.09479166666666666
1 0.612109375 0.25729166666666664 0.09296875 0.075
0 0.9109375 0.5609375 0.0703125 0.090625
0 0.991796875 0.6666666666666666 0.01640625 0.08333333333333333
1 0.38125 0.7921875 0.0625 0.084375
1 0.86015625 0.8875 0.0859375 0.1
1 0.62421875 0.46041666666666664 0.0796875 0.10416666666666667
2 0.7140625 0.11979166666666667 0.5171875 0.23958333333333334
1 0.229296875 0.1265625 0.07890625 0.096875
1 0.61640625 0.016666666666666666 0.0640625 0.03333333333333333
1 0.09453125 0.8213541666666667 0.0609375 0.08854166666666667
2 0.975 0.8802083333333334 0.0484375 0.10625
1 0.02265625 0.9604166666666667 0.0453125 0.07291666666666667
0 0.622265625 0.46145833333333336 0.07421875 0.10625
1 0.35234375 0.18489583333333334 0.0640625 0.10104166666666667
1 0.02265625 0.5046875 0.0453125 0.09270833333333334
2 0.012890625 0.6916666666666667 0.02578125 0.11041666666666666
1 0.97734375 0.18333333333333332 0.0453125 0.10416666666666667
1 0.973046875 0.971875 0.05390625 0.05625
1 0.9765625 0.8802083333333334 0.046875 0.10625
1 0.971875 0.3645833333333333 0.0546875 0.10208333333333333
1 0.30546875 0.15833333333333333 0.0640625 0.08125
1 0.03359375 0.1953125 0.065625 0.11145833333333334
1 0.9109375 0.5604166666666667 0.0703125 0.08958333333333333
1 0.7296875 0.9802083333333333 0.075 0.03958333333333333
1 0.018359375 0.09895833333333333 0.03671875 0.11041666666666666
1 0.305859375 0.9588541666666667 0.06953125 0.08229166666666667
2 0.316015625 0.28958333333333336 0.07421875 0.10416666666666667
2 0.035546875 0.19791666666666666 0.06640625 0.11666666666666667
1 0.71328125 0.8385416666666666 0.0734375 0.11458333333333333
2 0.634375 0.7333333333333333 0.075 0.10416666666666667
2 0.7421875 0.08802083333333334 0.071875 0.096875
1 0.1453125 0.23854166666666668 0.065625 0.07708333333333334
0 0.31484375 0.28958333333333336 0.0734375 0.1
0 0.113671875 0.3109375 0.06015625 0.08020833333333334
1 0.81328125 0.7536458333333333 0.0734375 0.109375
1 0.703515625 0.2921875 0.07890625 0.090625
2 0.163671875 0.953125 0.08828125 0.09375
1 0.206640625 0.678125 0.06171875 0.08125
2 0.703515625 0.29270833333333335 0.07734375 0.09375
2 0.49609375 0.7052083333333333 0.0921875 0.08541666666666667
2 0.93984375 0.7895833333333333 0.075 0.10833333333333334
1 0.41796875 0.20208333333333334 0.0578125 0.09583333333333334
2 0.14375 0.09895833333333333 0.0765625 0.1125
1 0.7390625 0.20677083333333332 0.075 0.10104166666666667
1 0.394140625 0.29635416666666664 0.07109375 0.084375
1 0.45703125 0.3625 0.084375 0.1
0 0.8234375 0.41770833333333335 0.06875 0.10208333333333333
1 0.91484375 0.671875 0.0734375 0.10208333333333333
1 0.75078125 0.9145833333333333 0.06875 0.08333333333333333
1 0.32421875 0.7380208333333333 0.0515625 0.10104166666666667
0 0.9921875 0.75625 0.015625 0.0625
1 0.409375 0.10052083333333334 0.075 0.10520833333333333
2 0.739453125 0.20729166666666668 0.07421875 0.10208333333333333
2 0.91484375 0.671875 0.071875 0.10625
1 0.96953125 0.6083333333333333 0.059375 0.07916666666666666
1 0.033984375 0.0359375 0.06484375 0.071875
1 0.4859375 0.48020833333333335 0.078125 0.08125
1 0.634375 0.7364583333333333 0.075 0.10625
2 0.456640625 0.3619791666666667 0.08046875 0.10520833333333333
1 0.796484375 0.3265625 0.07109375 0.06770833333333333
0 0.96875 0.04895833333333333 0.0609375 0.09375
2 0.409765625 0.10052083333333334 0.07734375 0.10729166666666666
1 0.50859375 0.175 0.0578125 0.0875
1 0.16328125 0.9520833333333333 0.0859375 0.09166666666666666
1 0.742578125 0.08697916666666666 0.07265625 0.09479166666666666
2 0.330859375 0.8729166666666667 0.08359375 0.08125
0 0.66796875 0.08541666666666667 0.0671875 0.09583333333333334
1 0.28046875 0.7260416666666667 0.0671875 0.07708333333333334
1 0.1078125 0.6802083333333333 0.065625 0.08541666666666667
2 0.7 0.6916666666666667 0.0734375 0.09166666666666666
2 0.2953125 0.5203125 0.0734375 0.115625
1 0.031640625 0.5942708333333333 0.06328125 0.07604166666666666
2 0.47109375 0.2557291666666667 0.0734375 0.09895833333333333
2 0.4171875 0.8479166666666667 0.0671875 0.10625
2 0.0390625 0.7770833333333333 0.0765625 0.09583333333333334
1 0.22265625 0.21458333333333332 0.0828125 0.08333333333333333
1 0.73359375 0.6239583333333333 0.0703125 0.08541666666666667
2 0.915625 0.22760416666666666 0.1671875 0.196875
2 0.319921875 0.052083333333333336 0.06953125 0.10416666666666667
1 0.164453125 0.5598958333333334 0.06015625 0.084375
2 0.65703125 0.9208333333333333 0.08125 0.1125
1 0.478125 0.06822916666666666 0.05625 0.08854166666666667
1 0.21953125 0.4979166666666667 0.0640625 0.10416666666666667
2 0.201171875 0.8359375 0.13828125 0.15729166666666666
2 0.5765625 0.353125 0.125 0.13541666666666666