1 0.7453125 0.8947916666666667 0.0640625 0.08958333333333333
1 0.666796875 0.20885416666666667 0.06015625 0.07604166666666666
1 0.69453125 0.20885416666666667 0.0703125 0.06354166666666666
1 0.62890625 0.08125 0.0734375 0.08125
1 0.8 0.096875 0.059375 0.07708333333333334
1 0.007421875 0.415625 0.01484375 0.1
1 0.98984375 0.5791666666666667 0.0203125 0.075
1 0.99140625 0.49947916666666664 0.015625 0.096875
1 0.71875 0.31302083333333336 0.05625 0.06354166666666666
1 0.756640625 0.17864583333333334 0.05859375 0.09270833333333334
1 0.61171875 0.024479166666666666 0.0796875 0.04895833333333333
1 0.68046875 0.984375 0.0765625 0.03125
1 0.059375 0.1125 0.0640625 0.08541666666666667
1 0.77109375 0.6776041666666667 0.0578125 0.08020833333333334
1 0.216796875 0.030208333333333334 0.06328125 0.06041666666666667
1 0.54453125 0.018229166666666668 0.0734375 0.036458333333333336
1 0.80390625 0.7072916666666667 0.0703125 0.07291666666666667
1 0.23203125 0.5895833333333333 0.0734375 0.1
1 0.87734375 0.7692708333333333 0.053125 0.10520833333333333
1 0.68828125 0.0359375 0.0515625 0.06979166666666667
1 0.30078125 0.8651041666666667 0.053125 0.11354166666666667
1 0.307421875 0.234375 0.05234375 0.06458333333333334
1 0.334765625 0.30520833333333336 0.06328125 0.06875
1 0.1546875 0.014583333333333334 0.0609375 0.029166666666666667
1 0.61640625 0.41302083333333334 0.0625 0.08020833333333334
1 0.82265625 0.9744791666666667 0.071875 0.04895833333333333
1 0.327734375 0.9791666666666666 0.06484375 0.041666666666666664
1 0.4109375 0.7833333333333333 0.084375 0.08541666666666667
1 0.734375 0.029166666666666667 0.0671875 0.058333333333333334
1 0.38515625 0.025 0.0640625 0.05
1 0.8 0.5479166666666667 0.0671875 0.08333333333333333
1 0.363671875 0.75 0.07265625 0.07916666666666666
1 0.1515625 0.9041666666666667 0.0875 0.0875
1 0.01875 0.05572916666666667 0.0375 0.09270833333333334
1 0.252734375 0.23333333333333334 0.04453125 0.1
1 0.744921875 0.975 0.06015625 0.04791666666666667
1 0.58671875 0.96875 0.0734375 0.0625
1 0.1078125 0.22552083333333334 0.05625 0.071875
1 0.2265625 0.7416666666666667 0.0453125 0.10833333333333334
1 0.217578125 0.25104166666666666 0.05859375 0.07708333333333334
1 0.269140625 0.3333333333333333 0.06015625 0.0875
1 0.53203125 0.46875 0.0625 0.08333333333333333
1 0.448046875 0.03125 0.06171875 0.0625
1 0.76875 0.8614583333333333 0.059375 0.08541666666666667
1 0.076953125 0.030729166666666665 0.05859375 0.059375
1 0.82734375 0.9020833333333333 0.078125 0.0875
1 0.762109375 0.5953125 0.05859375 0.07604166666666666
1 0.36171875 0.8770833333333333 0.0578125 0.08333333333333333
1 0.96640625 0.036458333333333336 0.053125 0.07291666666666667
1 0.815234375 0.346875 0.06484375 0.06875
1 0.6859375 0.7697916666666667 0.065625 0.10625
1 0.187109375 0.47291666666666665 0.06015625 0.075
1 0.187109375 0.7375 0.05703125 0.1
1 0.55859375 0.4125 0.0515625 0.07916666666666666
1 0.6171875 0.8083333333333333 0.065625 0.1125
1 0.12890625 0.44635416666666666 0.0578125 0.084375
1 0.15390625 0.15885416666666666 0.0609375 0.09479166666666666
1 0.113671875 0.6 0.06171875 0.07916666666666666
1 0.023046875 0.8177083333333334 0.04609375 0.09375
1 0.4296875 0.6072916666666667 0.0859375 0.06875
1 0.5953125 0.3385416666666667 0.0703125 0.0625
1 0.640625 0.6640625 0.046875 0.10520833333333333
1 0.7140625 0.10364583333333334 0.0625 0.071875
1 0.63203125 0.125 0.0609375 0.08333333333333333
1 0.978125 0.6770833333333334 0.0421875 0.09375
1 0.413671875 0.49375 0.06015625 0.08958333333333333
1 0.099609375 0.11197916666666667 0.05703125 0.08854166666666667
1 0.22890625 0.8802083333333334 0.0609375 0.08958333333333333
1 0.95078125 0.17239583333333333 0.0828125 0.065625
1 0.33828125 0.5005208333333333 0.0609375 0.08229166666666667
1 0.8484375 0.03229166666666667 0.0625 0.06458333333333334
1 0.025390625 0.9223958333333333 0.05078125 0.09479166666666666
1 0.89140625 0.7223958333333333 0.05 0.090625
1 0.30859375 0.159375 0.0671875 0.08125
1 0.88203125 0.0953125 0.0609375 0.08229166666666667
1 0.37421875 0.24114583333333334 0.0734375 0.08020833333333334
1 0.58515625 0.7020833333333333 0.0484375 0.09583333333333334
1 0.653125 0.50625 0.059375 0.07916666666666666
1 0.871875 0.30885416666666665 0.0625 0.08229166666666667
1 0.255859375 0.9557291666666666 0.06640625 0.08854166666666667
1 0.8984375 0.8677083333333333 0.071875 0.09375
1 0.2828125 0.5536458333333333 0.071875 0.08645833333333333
1 0.078515625 0.940625 0.05546875 0.11041666666666666
1 0.68203125 0.91875 0.0625 0.1
1 0.4578125 0.48541666666666666 0.0625 0.07916666666666666
1 0.211328125 0.12916666666666668 0.05234375 0.10625
1 0.166015625 0.5546875 0.05546875 0.10104166666666667
1 0.264453125 0.4708333333333333 0.07421875 0.06666666666666667
1 0.046484375 0.37447916666666664 0.06640625 0.08020833333333334
1 0.260546875 0.0375 0.06171875 0.075
1 0.9 0.9484375 0.0890625 0.059375
1 0.15859375 0.0703125 0.0609375 0.078125
1 0.353125 0.5890625 0.0671875 0.07395833333333333
1 0.07109375 0.5317708333333333 0.0796875 0.07395833333333333
1 0.5015625 0.39375 0.053125 0.0875
1 0.32890625 0.07864583333333333 0.059375 0.08020833333333334
1 0.540234375 0.2598958333333333 0.06484375 0.08645833333333333
1 0.07421875 0.28125 0.065625 0.07916666666666666
1 0.5171875 0.9166666666666666 0.0578125 0.1125
1 0.07578125 0.846875 0.0640625 0.08125
1 0.33984375 0.6692708333333334 0.0703125 0.078125
1 0.1078125 0.7651041666666667 0.059375 0.084375
1 0.077734375 0.68125 0.06640625 0.08333333333333333
1 0.53828125 0.8171875 0.0703125 0.08854166666666667
1 0.023828125 0.6375 0.04765625 0.09166666666666666
1 0.787890625 0.14114583333333333 0.06953125 0.08645833333333333
1 0.615625 0.8989583333333333 0.06875 0.07916666666666666
1 0.45078125 0.6947916666666667 0.0765625 0.09166666666666666
1 0.46875 0.196875 0.071875 0.08541666666666667
1 0.93046875 0.33125 0.0625 0.08333333333333333
1 0.896875 0.23072916666666668 0.0609375 0.08229166666666667
1 0.198046875 0.6458333333333334 0.06484375 0.08125
1 0.771875 0.28072916666666664 0.065625 0.084375
1 0.63984375 0.278125 0.0546875 0.08541666666666667
1 0.828125 0.23020833333333332 0.071875 0.09791666666666667
1 0.41484375 0.3145833333333333 0.06875 0.08333333333333333
1 0.460546875 0.9552083333333333 0.06015625 0.08958333333333333
1 0.1109375 0.35885416666666664 0.0609375 0.08854166666666667
1 0.4921875 0.09166666666666666 0.0640625 0.0875
2 0.72578125 0.43125 0.1484375 0.19375
1 0.432421875 0.40572916666666664 0.05703125 0.084375
1 0.494140625 0.5505208333333333 0.06171875 0.07395833333333333
1 0.55390625 0.5494791666666666 0.0515625 0.09270833333333334
1 0.184765625 0.39479166666666665 0.06953125 0.075
1 0.61328125 0.5713541666666667 0.0640625 0.10104166666666667
1 0.96484375 0.3958333333333333 0.0625 0.07916666666666666
1 0.4125 0.09270833333333334 0.065625 0.07916666666666666
1 0.8421875 0.4984375 0.0625 0.08229166666666667
1 0.537109375 0.6375 0.07421875 0.08333333333333333
1 0.367578125 0.4203125 0.06171875 0.084375
1 0.81796875 0.7927083333333333 0.065625 0.09375
1 0.85703125 0.628125 0.06875 0.08125
1 0.95625 0.2526041666666667 0.0609375 0.08645833333333333
1 0.296875 0.3765625 0.059375 0.084375
1 0.94609375 0.5854166666666667 0.0671875 0.09166666666666666
1 0.394921875 0.953125 0.06328125 0.08541666666666667
1 0.82421875 0.4239583333333333 0.0546875 0.07708333333333334
1 0.5046875 0.7145833333333333 0.0578125 0.0875
1 0.371484375 0.15104166666666666 0.06015625 0.09166666666666666
1 0.89921875 0.5229166666666667 0.053125 0.08125
1 0.93203125 0.784375 0.0625 0.08333333333333333
1 0.746875 0.7708333333333334 0.05625 0.10208333333333333
1 0.70390625 0.5677083333333334 0.0578125 0.0875
1 0.584375 0.19114583333333332 0.05625 0.08854166666666667
1 0.27890625 0.7677083333333333 0.05625 0.09791666666666667
1 0.03125 0.19322916666666667 0.0625 0.090625
1 0.694921875 0.6666666666666666 0.06171875 0.09583333333333334