0 0.44921875 0.7661458333333333 0.034375 0.03854166666666667
0 0.5796875 0.109375 0.015625 0.014583333333333334
1 0.71328125 0.3802083333333333 0.0625 0.0875
1 0.86328125 0.578125 0.0734375 0.08958333333333333
0 0.9953125 0.09114583333333333 0.009375 0.07395833333333333
1 0.0078125 0.11197916666666667 0.015625 0.11354166666666667
0 0.44609375 0.044270833333333336 0.0390625 0.030208333333333334
0 0.38828125 0.23645833333333333 0.0265625 0.03125
1 0.9890625 0.8333333333333334 0.0203125 0.1
1 0.9890625 0.934375 0.0203125 0.09791666666666667
1 0.02109375 0.8677083333333333 0.040625 0.12708333333333333
0 0.408203125 0.30416666666666664 0.02734375 0.035416666666666666
0 0.8796875 0.33645833333333336 0.028125 0.035416666666666666
1 0.026953125 0.7895833333333333 0.05390625 0.1125
1 0.98359375 0.4317708333333333 0.0328125 0.08854166666666667
1 0.439453125 0.016666666666666666 0.08203125 0.03333333333333333
1 0.85390625 0.20833333333333334 0.071875 0.1
1 0.6390625 0.9765625 0.078125 0.04479166666666667
1 0.98046875 0.5442708333333334 0.0375 0.09270833333333334
1 0.2578125 0.9583333333333334 0.06875 0.08333333333333333
1 0.85390625 0.9729166666666667 0.0859375 0.05
1 0.016015625 0.2520833333333333 0.03203125 0.08333333333333333
1 0.65390625 0.025 0.0640625 0.05
0 0.446875 0.058333333333333334 0.028125 0.03333333333333333
1 0.169140625 0.019270833333333334 0.07734375 0.03854166666666667
1 0.019921875 0.428125 0.03828125 0.08958333333333333
1 0.97890625 0.3375 0.040625 0.09166666666666666
1 0.01953125 0.5286458333333334 0.0390625 0.09895833333333333
1 0.483203125 0.43072916666666666 0.06953125 0.096875
1 0.9671875 0.25677083333333334 0.0640625 0.10729166666666666
1 0.725 0.515625 0.08125 0.11041666666666666
1 0.6515625 0.30364583333333334 0.0703125 0.096875
1 0.030078125 0.6875 0.06015625 0.09583333333333334
1 0.75390625 0.13020833333333334 0.06875 0.09791666666666667
2 0.66328125 0.60625 0.1546875 0.22916666666666666
1 0.08046875 0.9614583333333333 0.06875 0.07708333333333334
1 0.788671875 0.609375 0.07109375 0.09791666666666667
1 0.16953125 0.5932291666666667 0.0859375 0.10104166666666667
1 0.9296875 0.18645833333333334 0.071875 0.10208333333333333
1 0.040625 0.035416666666666666 0.065625 0.07083333333333333
1 0.85390625 0.3072916666666667 0.0703125 0.09583333333333334
1 0.126171875 0.8197916666666667 0.07421875 0.09375
1 0.69765625 0.09270833333333334 0.0640625 0.08125
1 0.96953125 0.0375 0.059375 0.075
1 0.222265625 0.646875 0.06953125 0.09375
1 0.823828125 0.1171875 0.06640625 0.090625
1 0.684375 0.18229166666666666 0.0625 0.09791666666666667
1 0.80546875 0.035416666666666666 0.0796875 0.07083333333333333
1 0.78828125 0.7239583333333334 0.071875 0.09375
1 0.92578125 0.7979166666666667 0.0796875 0.10416666666666667
1 0.90859375 0.6953125 0.0828125 0.09270833333333334
1 0.23359375 0.8302083333333333 0.0734375 0.09791666666666667
1 0.48046875 0.5973958333333333 0.0703125 0.096875
1 0.59609375 0.06666666666666667 0.0734375 0.1
1 0.296875 0.89375 0.0765625 0.09166666666666666
1 0.553125 0.6 0.0734375 0.11666666666666667
1 0.587109375 0.4427083333333333 0.06953125 0.09375
1 0.85078125 0.76875 0.0734375 0.10416666666666667
1 0.89296875 0.39010416666666664 0.0703125 0.08229166666666667
1 0.5640625 0.22395833333333334 0.06875 0.08958333333333333
1 0.7796875 0.94375 0.0796875 0.10416666666666667
1 0.311328125 0.7989583333333333 0.07734375 0.09583333333333334
1 0.93984375 0.484375 0.084375 0.1
1 0.8578125 0.4947916666666667 0.0703125 0.09375
1 0.294140625 0.6015625 0.07734375 0.096875
1 0.26953125 0.23020833333333332 0.078125 0.10208333333333333
1 0.13359375 0.6859375 0.0796875 0.10104166666666667
1 0.5171875 0.0453125 0.06875 0.090625
1 0.795703125 0.8375 0.07421875 0.09166666666666666
1 0.0828125 0.7489583333333333 0.0625 0.08958333333333333
1 0.39453125 0.6260416666666667 0.0640625 0.08541666666666667
2 0.7625 0.26458333333333334 0.153125 0.17916666666666667
1 0.165625 0.8963541666666667 0.071875 0.08854166666666667
1 0.093359375 0.2984375 0.06953125 0.103125
1 0.89140625 0.0640625 0.0765625 0.09895833333333333
1 0.283203125 0.7072916666666667 0.08203125 0.09583333333333334
1 0.3234375 0.04739583333333333 0.08125 0.09270833333333334
1 0.34140625 0.5234375 0.0765625 0.096875
1 0.051953125 0.15833333333333333 0.07578125 0.10416666666666667
1 0.535546875 0.13854166666666667 0.06953125 0.09166666666666666
1 0.680859375 0.42239583333333336 0.07421875 0.103125
1 0.10859375 0.5171875 0.0859375 0.109375
1 0.48125 0.6947916666666667 0.078125 0.09791666666666667
1 0.73359375 0.7859375 0.0734375 0.09895833333333333
1 0.190234375 0.7520833333333333 0.06953125 0.09583333333333334
1 0.40703125 0.7192708333333333 0.0734375 0.09895833333333333
1 0.5203125 0.3927083333333333 0.075 0.10208333333333333
1 0.247265625 0.35833333333333334 0.07109375 0.09583333333333334
1 0.452734375 0.9453125 0.08203125 0.103125
1 0.24453125 0.4890625 0.0734375 0.103125
1 0.180859375 0.4166666666666667 0.07265625 0.1
1 0.4921875 0.853125 0.075 0.10208333333333333
1 0.142578125 0.22552083333333334 0.06328125 0.09895833333333333
1 0.584375 0.8666666666666667 0.075 0.10833333333333334
1 0.3578125 0.2953125 0.06875 0.08854166666666667
1 0.3171875 0.3927083333333333 0.071875 0.10625
1 0.96328125 0.6270833333333333 0.0703125 0.09166666666666666
1 0.388671875 0.440625 0.08359375 0.09791666666666667
1 0.58359375 0.3385416666666667 0.0734375 0.10208333333333333
1 0.89296875 0.8854166666666666 0.0765625 0.08958333333333333
1 0.1390625 0.1234375 0.0796875 0.096875
1 0.27421875 0.125 0.078125 0.09583333333333334
1 0.46171875 0.16614583333333333 0.0828125 0.11354166666666667
1 0.418359375 0.5375 0.07265625 0.1
1 0.2375 0.042708333333333334 0.06875 0.08333333333333333
1 0.08984375 0.40677083333333336 0.08125 0.10104166666666667
1 0.8140625 0.4088541666666667 0.090625 0.090625
1 0.62890625 0.20729166666666668 0.0578125 0.09375