1 0.595703125 0.009895833333333333 0.06953125 0.019791666666666666
1 0.990625 0.027083333333333334 0.01875 0.052083333333333336
0 0.218359375 0.6739583333333333 0.01171875 0.01875
0 0.994921875 0.4109375 0.01015625 0.07395833333333333
1 0.7046875 0.73125 0.065625 0.10833333333333334
1 0.98984375 0.509375 0.0203125 0.09583333333333334
1 0.236328125 0.9854166666666667 0.08671875 0.029166666666666667
1 0.0125 0.019791666666666666 0.025 0.03958333333333333
1 0.24765625 0.0984375 0.0546875 0.08854166666666667
1 0.076953125 0.2015625 0.06484375 0.08229166666666667
0 0.2609375 0.009375 0.021875 0.01875
1 0.33984375 0.042708333333333334 0.0671875 0.08333333333333333
1 0.503125 0.984375 0.075 0.03125
1 0.47109375 0.7958333333333333 0.0734375 0.09166666666666666
1 0.68203125 0.965625 0.078125 0.06875
1 0.02265625 0.853125 0.0453125 0.09583333333333334
1 0.826953125 0.6583333333333333 0.06640625 0.07916666666666666
1 0.077734375 0.9760416666666667 0.07890625 0.04375
0 0.516796875 0.09895833333333333 0.02265625 0.027083333333333334
1 0.74296875 0.014583333333333334 0.0703125 0.029166666666666667
1 0.68125 0.5791666666666667 0.0625 0.075
1 0.115625 0.9682291666666667 0.071875 0.06145833333333333
0 0.486328125 0.1 0.02421875 0.03333333333333333
0 0.29921875 0.0140625 0.021875 0.026041666666666668
1 0.018359375 0.5171875 0.03671875 0.090625
1 0.115625 0.2682291666666667 0.0625 0.090625
0 0.8765625 0.8583333333333333 0.021875 0.029166666666666667
0 0.98828125 0.2557291666666667 0.0234375 0.036458333333333336
1 0.296484375 0.5109375 0.06484375 0.065625
0 0.41484375 0.18125 0.0234375 0.027083333333333334
1 0.023046875 0.9510416666666667 0.04609375 0.09375
1 0.3265625 0.5354166666666667 0.0625 0.10416666666666667
1 0.681640625 0.628125 0.06171875 0.06875
1 0.75390625 0.9791666666666666 0.075 0.041666666666666664
1 0.298046875 0.7125 0.06953125 0.09166666666666666
1 0.9796875 0.3255208333333333 0.0390625 0.09479166666666666
0 0.55 0.12239583333333333 0.0203125 0.026041666666666668
1 0.4390625 0.12135416666666667 0.06875 0.078125
1 0.8234375 0.6984375 0.0703125 0.084375
1 0.9828125 0.7104166666666667 0.0328125 0.10833333333333334
1 0.20078125 0.18489583333333334 0.071875 0.09270833333333334
1 0.7046875 0.9307291666666667 0.065625 0.08854166666666667
1 0.85546875 0.019270833333333334 0.071875 0.03854166666666667
1 0.021484375 0.17760416666666667 0.04296875 0.140625
1 0.9421875 0.021875 0.075 0.04375
1 0.225390625 0.8760416666666667 0.06484375 0.08958333333333333
1 0.609375 0.0765625 0.0859375 0.10104166666666667
1 0.3734375 0.03802083333333333 0.071875 0.07604166666666666
1 0.47890625 0.7479166666666667 0.0640625 0.09166666666666666
1 0.54765625 0.7447916666666666 0.0703125 0.08958333333333333
1 0.775390625 0.39791666666666664 0.07421875 0.09583333333333334
1 0.91796875 0.70625 0.075 0.12916666666666668
1 0.095703125 0.40520833333333334 0.08203125 0.12708333333333333
1 0.21015625 0.030729166666666665 0.071875 0.06145833333333333
1 0.94921875 0.83125 0.071875 0.09166666666666666
1 0.050390625 0.8479166666666667 0.05546875 0.09583333333333334
1 0.70703125 0.42239583333333336 0.0703125 0.08645833333333333
1 0.37734375 0.3171875 0.0640625 0.08645833333333333
1 0.02734375 0.6260416666666667 0.0546875 0.09375
1 0.58671875 0.1671875 0.0640625 0.08854166666666667
1 0.08671875 0.15885416666666666 0.0640625 0.08854166666666667
1 0.246484375 0.19375 0.06484375 0.09166666666666666
1 0.88046875 0.07708333333333334 0.06875 0.0875
1 0.8515625 0.2677083333333333 0.090625 0.09375
1 0.4 0.5078125 0.065625 0.09479166666666666
1 0.884375 0.928125 0.0671875 0.1
1 0.67578125 0.33125 0.0765625 0.1125
1 0.25234375 0.5796875 0.0671875 0.090625
1 0.51484375 0.209375 0.0890625 0.1
1 0.46171875 0.6291666666666667 0.0640625 0.08333333333333333
1 0.61328125 0.465625 0.0703125 0.08958333333333333
1 0.47109375 0.0359375 0.0734375 0.071875
1 0.67109375 0.83125 0.0765625 0.10833333333333334
1 0.572265625 0.38229166666666664 0.06484375 0.08958333333333333
1 0.73828125 0.28489583333333335 0.0765625 0.09479166666666666
1 0.151953125 0.2703125 0.06484375 0.08854166666666667
1 0.68359375 0.0546875 0.0671875 0.09895833333333333
1 0.2796875 0.7614583333333333 0.071875 0.08958333333333333
1 0.7421875 0.615625 0.0625 0.07708333333333334
1 0.79375 0.5640625 0.0625 0.08854166666666667
1 0.48828125 0.44479166666666664 0.065625 0.08958333333333333
1 0.94765625 0.959375 0.0734375 0.08125
1 0.586328125 0.9364583333333333 0.07734375 0.09583333333333334
1 0.15625 0.36302083333333335 0.065625 0.08854166666666667
1 0.27109375 0.8770833333333333 0.0765625 0.10833333333333334
1 0.773828125 0.8635416666666667 0.07265625 0.08958333333333333
1 0.2421875 0.4609375 0.0625 0.08645833333333333
1 0.71875 0.12708333333333333 0.0625 0.08541666666666667
1 0.946875 0.10572916666666667 0.071875 0.09479166666666666
1 0.959375 0.5854166666666667 0.0703125 0.09583333333333334
1 0.14375 0.88125 0.071875 0.10833333333333334
1 0.33046875 0.4395833333333333 0.0671875 0.0875
1 0.28046875 0.0890625 0.0609375 0.09270833333333334
1 0.044140625 0.2791666666666667 0.06953125 0.08958333333333333
1 0.925 0.4473958333333333 0.0765625 0.103125
1 0.60234375 0.8416666666666667 0.0640625 0.09166666666666666
1 0.08984375 0.6630208333333333 0.0765625 0.09270833333333334
1 0.31328125 0.23229166666666667 0.0671875 0.0875
1 0.08203125 0.5682291666666667 0.071875 0.09895833333333333
1 0.36328125 0.1328125 0.0765625 0.09479166666666666
1 0.22421875 0.37604166666666666 0.0671875 0.08958333333333333
1 0.51328125 0.8833333333333333 0.0765625 0.1
1 0.84453125 0.7963541666666667 0.075 0.10520833333333333
1 0.306640625 0.32916666666666666 0.07265625 0.09583333333333334
1 0.508984375 0.35 0.06953125 0.09791666666666667
1 0.770703125 0.19895833333333332 0.07421875 0.10208333333333333
1 0.94609375 0.2046875 0.0734375 0.09895833333333333
2 0.65546875 0.2109375 0.0828125 0.13229166666666667
1 0.397265625 0.41041666666666665 0.06953125 0.09583333333333334
1 0.193359375 0.7921875 0.06640625 0.09270833333333334
1 0.84921875 0.4395833333333333 0.0734375 0.1
1 0.42421875 0.2520833333333333 0.0734375 0.09166666666666666
1 0.859375 0.5609375 0.071875 0.090625
1 0.36875 0.7151041666666667 0.06875 0.096875
1 0.89453125 0.3578125 0.075 0.09479166666666666
1 0.057421875 0.7520833333333333 0.07109375 0.0875
1 0.52421875 0.6104166666666667 0.0703125 0.10416666666666667
1 0.740625 0.503125 0.08125 0.11041666666666666
1 0.39140625 0.8078125 0.075 0.09895833333333333
1 0.778125 0.771875 0.0671875 0.08958333333333333
1 0.160546875 0.621875 0.07265625 0.09375
1 0.173046875 0.45677083333333335 0.07578125 0.09479166666666666
1 0.8734375 0.17083333333333334 0.075 0.1
1 0.4671875 0.5364583333333334 0.0671875 0.10208333333333333