2 0.509375 0.39947916666666666 0.06875 0.11145833333333334
0 0.7921875 0.73125 0.028125 0.03333333333333333
1 0.701171875 0.05364583333333333 0.07734375 0.10520833333333333
1 0.437109375 0.0828125 0.07890625 0.09895833333333333
1 0.478125 0.6484375 0.071875 0.09895833333333333
0 0.99296875 0.4479166666666667 0.0140625 0.1
0 0.051171875 0.9901041666666667 0.01015625 0.015625
0 0.953125 0.9614583333333333 0.0125 0.016666666666666666
1 0.678515625 0.46041666666666664 0.07109375 0.10625
2 0.61875 0.9859375 0.084375 0.028125
2 0.309375 0.4635416666666667 0.046875 0.10208333333333333
0 0.2078125 0.9916666666666667 0.0125 0.016666666666666666
2 0.4296875 0.9020833333333333 0.071875 0.09583333333333334
2 0.65390625 0.7104166666666667 0.06875 0.1
0 0.23203125 0.8270833333333333 0.0296875 0.06041666666666667
1 0.515625 0.684375 0.075 0.09375
2 0.717578125 0.621875 0.07265625 0.08958333333333333
0 0.006640625 0.39427083333333335 0.01328125 0.09270833333333334
2 0.8171875 0.9822916666666667 0.1125 0.03125
2 0.69296875 0.8229166666666666 0.1015625 0.16666666666666666
1 0.653125 0.709375 0.071875 0.09791666666666667
0 0.01171875 0.8984375 0.021875 0.034375
1 0.54375 0.534375 0.0734375 0.09375
2 0.528125 0.20572916666666666 0.1046875 0.13854166666666667
1 0.36015625 0.9104166666666667 0.0734375 0.1125
0 0.121875 0.04739583333333333 0.01875 0.026041666666666668
1 0.9625 0.35052083333333334 0.0703125 0.10104166666666667
2 0.68203125 0.7947916666666667 0.0734375 0.09375
1 0.629296875 0.1484375 0.07421875 0.10520833333333333
2 0.80546875 0.8984375 0.0890625 0.14895833333333333
1 0.28515625 0.3802083333333333 0.0765625 0.10208333333333333
2 0.828125 0.4515625 0.071875 0.096875
2 0.06953125 0.0265625 0.0890625 0.051041666666666666
1 0.7140625 0.6234375 0.075 0.084375
2 0.091015625 0.9802083333333333 0.10859375 0.0375
1 0.51015625 0.3984375 0.06875 0.103125
2 0.96796875 0.5791666666666667 0.0640625 0.10833333333333334
2 0.38515625 0.2838541666666667 0.075 0.10520833333333333
2 0.9796875 0.051041666666666666 0.040625 0.10208333333333333
2 0.1796875 0.28229166666666666 0.071875 0.1
2 0.934375 0.921875 0.0609375 0.10208333333333333
1 0.56328125 0.023958333333333335 0.0765625 0.04791666666666667
1 0.070703125 0.0265625 0.08828125 0.053125
1 0.86015625 0.3020833333333333 0.075 0.09583333333333334
2 0.512109375 0.09322916666666667 0.07265625 0.09895833333333333
2 0.25078125 0.9375 0.075 0.09166666666666666
2 0.082421875 0.74375 0.08515625 0.1
2 0.96484375 0.3489583333333333 0.0703125 0.10208333333333333
1 0.62421875 0.051041666666666666 0.0765625 0.08333333333333333
2 0.438671875 0.07916666666666666 0.07890625 0.1
2 0.374609375 0.04479166666666667 0.08515625 0.08958333333333333
2 0.51015625 0.9645833333333333 0.1390625 0.07083333333333333
1 0.51328125 0.09322916666666667 0.0734375 0.10104166666666667
0 0.06640625 0.8104166666666667 0.028125 0.04583333333333333
2 0.0390625 0.30833333333333335 0.075 0.1
1 0.934375 0.9208333333333333 0.0609375 0.1
2 0.6265625 0.14895833333333333 0.075 0.10625
2 0.67578125 0.4557291666666667 0.06875 0.103125
1 0.8125 0.8755208333333333 0.0671875 0.09479166666666666
1 0.1625 0.3770833333333333 0.0796875 0.08125
1 0.38359375 0.2838541666666667 0.0765625 0.103125
1 0.25078125 0.9369791666666667 0.0765625 0.090625
2 0.285546875 0.378125 0.07890625 0.10208333333333333
1 0.759765625 0.11197916666666667 0.06953125 0.10729166666666666
1 0.73046875 0.5614583333333333 0.0734375 0.10208333333333333
1 0.058984375 0.10572916666666667 0.08046875 0.09895833333333333
0 0.205859375 0.08541666666666667 0.01796875 0.020833333333333332
1 0.825 0.10625 0.0734375 0.09583333333333334
2 0.7015625 0.05260416666666667 0.078125 0.10520833333333333
1 0.593359375 0.46927083333333336 0.08203125 0.090625
1 0.68203125 0.7942708333333334 0.0734375 0.09270833333333334
1 0.08125 0.7432291666666667 0.0859375 0.09895833333333333
2 0.271875 0.034375 0.075 0.06666666666666667
1 0.433203125 0.5802083333333333 0.06484375 0.0875
1 0.4296875 0.9010416666666666 0.071875 0.09375
1 0.770703125 0.3734375 0.07265625 0.096875
2 0.162890625 0.3776041666666667 0.08046875 0.08229166666666667
2 0.1953125 0.5333333333333333 0.0953125 0.12083333333333333
2 0.06015625 0.1078125 0.08125 0.09895833333333333
2 0.5421875 0.5317708333333333 0.078125 0.09895833333333333
1 0.14296875 0.8677083333333333 0.084375 0.09375
1 0.7984375 0.6046875 0.08125 0.10729166666666666
2 0.36015625 0.9109375 0.075 0.10729166666666666
1 0.44609375 0.234375 0.0671875 0.09791666666666667
2 0.455859375 0.7604166666666666 0.06953125 0.13333333333333333
1 0.89609375 0.07916666666666666 0.0703125 0.09166666666666666
2 0.212890625 0.184375 0.08359375 0.09583333333333334
1 0.357421875 0.3697916666666667 0.07421875 0.10208333333333333
2 0.95546875 0.8270833333333333 0.08125 0.09791666666666667
1 0.87734375 0.8380208333333333 0.0734375 0.09895833333333333
1 0.179296875 0.28229166666666666 0.07421875 0.09791666666666667
1 0.82734375 0.4515625 0.0734375 0.096875
2 0.4421875 0.35260416666666666 0.0875 0.11354166666666667
1 0.15625 0.45625 0.084375 0.08125
1 0.66640625 0.9322916666666666 0.0796875 0.08541666666666667
2 0.8609375 0.303125 0.075 0.09791666666666667
1 0.108984375 0.3026041666666667 0.06640625 0.103125
1 0.4359375 0.45625 0.0890625 0.09583333333333334
2 0.9171875 0.17239583333333333 0.078125 0.103125
1 0.728125 0.23958333333333334 0.075 0.1
2 0.370703125 0.7432291666666667 0.09765625 0.13229166666666667
1 0.362109375 0.6020833333333333 0.08046875 0.1
1 0.89609375 0.4484375 0.071875 0.09895833333333333
2 0.57734375 0.76875 0.1359375 0.17916666666666667
2 0.88359375 0.64375 0.0890625 0.15
1 0.832421875 0.746875 0.06796875 0.10416666666666667
2 0.6734375 0.3140625 0.08125 0.10104166666666667
2 0.0375 0.5666666666666667 0.075 0.11458333333333333
2 0.80546875 0.20520833333333333 0.090625 0.11458333333333333