2 0.661328125 0.9677083333333333 0.07734375 0.06458333333333334
2 0.55 0.9161458333333333 0.065625 0.103125
2 0.5453125 0.3140625 0.075 0.11354166666666667
1 0.78203125 0.4796875 0.0765625 0.12395833333333334
0 0.20625 0.17447916666666666 0.090625 0.10520833333333333
2 0.93515625 0.016145833333333335 0.0859375 0.03229166666666667
2 0.21484375 0.11302083333333333 0.4015625 0.22604166666666667
2 0.206640625 0.1765625 0.08203125 0.103125
2 0.43046875 0.9864583333333333 0.0796875 0.027083333333333334
1 0.971484375 0.878125 0.05703125 0.11041666666666666
2 0.334765625 0.01875 0.15234375 0.0375
0 0.5328125 0.011979166666666667 0.071875 0.021875
0 0.05546875 0.42604166666666665 0.0828125 0.11041666666666666
2 0.05546875 0.9713541666666666 0.0890625 0.053125
2 0.96953125 0.8770833333333333 0.0609375 0.1125
2 0.23125 0.6307291666666667 0.1140625 0.15104166666666666
0 0.05625 0.9723958333333333 0.0890625 0.053125
0 0.925 0.14583333333333334 0.025 0.0375
2 0.104296875 0.6072916666666667 0.07265625 0.09375
0 0.9546875 0.9890625 0.0703125 0.021875
2 0.878125 0.18125 0.0765625 0.09791666666666667
1 0.103515625 0.6052083333333333 0.07265625 0.09166666666666666
2 0.8 0.34791666666666665 0.078125 0.0875
2 0.505859375 0.9786458333333333 0.09765625 0.03854166666666667
2 0.86171875 0.0421875 0.090625 0.08229166666666667
2 0.62890625 0.9020833333333333 0.1046875 0.13125
2 0.83671875 0.6677083333333333 0.075 0.10208333333333333
1 0.055078125 0.9713541666666666 0.08984375 0.053125
1 0.55078125 0.9166666666666666 0.0671875 0.1
2 0.903125 0.3645833333333333 0.0703125 0.08958333333333333
2 0.5578125 0.1109375 0.084375 0.096875
2 0.0390625 0.6447916666666667 0.075 0.09791666666666667
2 0.270703125 0.06979166666666667 0.06953125 0.10416666666666667
0 0.00703125 0.4125 0.0140625 0.075
0 0.96875 0.8765625 0.0609375 0.109375
2 0.785546875 0.9786458333333333 0.13671875 0.040625
1 0.2703125 0.06875 0.06875 0.10416666666666667
2 0.137109375 0.9578125 0.10078125 0.084375
1 0.66015625 0.96875 0.0734375 0.06041666666666667
1 0.903125 0.3645833333333333 0.071875 0.08541666666666667
1 0.86171875 0.043229166666666666 0.0890625 0.08645833333333333
1 0.4890625 0.8989583333333333 0.059375 0.11041666666666666
2 0.13671875 0.027083333333333334 0.078125 0.05416666666666667
2 0.02890625 0.14895833333333333 0.0578125 0.18541666666666667
0 0.5578125 0.1109375 0.0875 0.09479166666666666
2 0.84375 0.48854166666666665 0.0765625 0.11875
0 0.9078125 0.6177083333333333 0.034375 0.04791666666666667
1 0.221484375 0.9677083333333333 0.08984375 0.06458333333333334
1 0.528515625 0.2171875 0.08203125 0.121875
1 0.89140625 0.45729166666666665 0.084375 0.09375
2 0.03125 0.54375 0.0609375 0.11666666666666667
2 0.97421875 0.13802083333333334 0.0515625 0.09895833333333333
1 0.03828125 0.6442708333333333 0.0765625 0.096875
1 0.546484375 0.31354166666666666 0.07890625 0.10416666666666667
2 0.0421875 0.8598958333333333 0.078125 0.09479166666666666
1 0.0546875 0.4270833333333333 0.08125 0.11041666666666666
1 0.486328125 0.34270833333333334 0.08046875 0.10625
0 0.4578125 0.03802083333333333 0.025 0.03854166666666667
2 0.462109375 0.1953125 0.07890625 0.128125
2 0.40703125 0.11979166666666667 0.08125 0.125
1 0.20546875 0.17447916666666666 0.0890625 0.103125
1 0.87578125 0.1796875 0.0734375 0.096875
1 0.8015625 0.6020833333333333 0.078125 0.10833333333333334
2 0.5296875 0.21666666666666667 0.08125 0.125
2 0.521484375 0.7572916666666667 0.10234375 0.08541666666666667
1 0.16328125 0.3380208333333333 0.09375 0.121875
2 0.846875 0.7739583333333333 0.0890625 0.11875
2 0.1453125 0.45729166666666665 0.103125 0.12916666666666668
2 0.826953125 0.25052083333333336 0.07265625 0.096875
2 0.199609375 0.051041666666666666 0.07578125 0.09166666666666666
2 0.40078125 0.9223958333333333 0.0734375 0.10104166666666667
1 0.799609375 0.34791666666666665 0.08046875 0.0875
2 0.0390625 0.2864583333333333 0.0765625 0.09791666666666667
2 0.472265625 0.42604166666666665 0.08828125 0.08958333333333333
2 0.33203125 0.4192708333333333 0.0828125 0.11145833333333334
1 0.96484375 0.41822916666666665 0.0703125 0.11145833333333334
2 0.94453125 0.22864583333333333 0.0609375 0.103125
1 0.7171875 0.34791666666666665 0.084375 0.09583333333333334
2 0.284375 0.2578125 0.0921875 0.13020833333333334
2 0.615234375 0.35572916666666665 0.08828125 0.13020833333333334
2 0.7625 0.11510416666666666 0.153125 0.20729166666666668
2 0.32890625 0.63125 0.0890625 0.12916666666666668
2 0.4578125 0.5348958333333333 0.084375 0.13229166666666667
2 0.76953125 0.8140625 0.0796875 0.13645833333333332
2 0.130078125 0.759375 0.15546875 0.21458333333333332
2 0.69921875 0.5427083333333333 0.1359375 0.19375
2 0.675 0.74375 0.1625 0.21666666666666667
2 0.57578125 0.6197916666666666 0.1765625 0.2125
2 0.676171875 0.2171875 0.12890625 0.16979166666666667