1 0.77578125 0.7729166666666667 0.0671875 0.09583333333333334
0 0.21953125 0.4010416666666667 0.0109375 0.022916666666666665
2 0.367578125 0.9703125 0.08203125 0.057291666666666664
1 0.255078125 0.14270833333333333 0.07109375 0.08333333333333333
1 0.804296875 0.9869791666666666 0.07734375 0.026041666666666668
0 0.68984375 0.47604166666666664 0.0140625 0.022916666666666665
2 0.38828125 0.9052083333333333 0.0890625 0.09375
1 0.990625 0.271875 0.01875 0.1125
1 0.223828125 0.9244791666666666 0.06015625 0.09270833333333334
0 0.160546875 0.9526041666666667 0.02421875 0.03229166666666667
1 0.859375 0.6875 0.0609375 0.0875
1 0.81796875 0.016145833333333335 0.0796875 0.03229166666666667
1 0.57109375 0.6166666666666667 0.0609375 0.09166666666666666
1 0.512109375 0.978125 0.07421875 0.04375
1 0.53359375 0.0265625 0.0921875 0.053125
1 0.023828125 0.23229166666666667 0.04765625 0.09583333333333334
0 0.36484375 0.08125 0.0203125 0.027083333333333334
1 0.475 0.7442708333333333 0.0625 0.084375
1 0.81796875 0.12708333333333333 0.0640625 0.08541666666666667
1 0.030078125 0.0828125 0.06015625 0.103125
0 0.64609375 0.24479166666666666 0.0203125 0.025
0 0.522265625 0.809375 0.02265625 0.027083333333333334
1 0.8703125 0.85 0.078125 0.09166666666666666
0 0.228125 0.0828125 0.025 0.030208333333333334
1 0.401953125 0.8197916666666667 0.06484375 0.09166666666666666
0 0.03359375 0.6125 0.021875 0.03333333333333333
1 0.082421875 0.9765625 0.08671875 0.042708333333333334
1 0.9171875 0.978125 0.06875 0.04375
0 0.0078125 0.590625 0.015625 0.029166666666666667
0 0.50234375 0.43645833333333334 0.0234375 0.025
0 0.621875 0.5161458333333333 0.01875 0.023958333333333335
1 0.278125 0.959375 0.0625 0.07708333333333334
1 0.59140625 0.9828125 0.0734375 0.034375
1 0.07734375 0.12395833333333334 0.0640625 0.09791666666666667
0 0.66640625 0.475 0.0171875 0.020833333333333332
1 0.046875 0.20885416666666667 0.0640625 0.08229166666666667
1 0.36484375 0.9713541666666666 0.0828125 0.053125
1 0.023828125 0.9520833333333333 0.04765625 0.09583333333333334
0 0.77421875 0.48020833333333335 0.0234375 0.027083333333333334
0 0.229296875 0.428125 0.01953125 0.025
1 0.68359375 0.17708333333333334 0.0828125 0.1
1 0.84765625 0.5166666666666667 0.078125 0.13333333333333333
1 0.74765625 0.5708333333333333 0.0578125 0.08333333333333333
1 0.387890625 0.903125 0.09296875 0.09375
1 0.019140625 0.5276041666666667 0.03828125 0.078125
1 0.01484375 0.4244791666666667 0.0296875 0.09270833333333334
1 0.816015625 0.03958333333333333 0.08203125 0.07708333333333334
1 0.540625 0.5671875 0.065625 0.08645833333333333
1 0.8671875 0.9385416666666667 0.0671875 0.09375
1 0.98125 0.17447916666666666 0.0375 0.09895833333333333
1 0.018359375 0.7708333333333334 0.03671875 0.09583333333333334
1 0.27578125 0.08489583333333334 0.065625 0.09270833333333334
1 0.96796875 0.325 0.0625 0.08333333333333333
0 0.42421875 0.34479166666666666 0.0265625 0.03958333333333333
1 0.59453125 0.035416666666666666 0.0859375 0.06875
1 0.8 0.171875 0.0640625 0.08125
1 0.22109375 0.24270833333333333 0.0578125 0.08541666666666667
1 0.91328125 0.3333333333333333 0.0765625 0.08958333333333333
1 0.12265625 0.8994791666666667 0.059375 0.084375
1 0.834375 0.696875 0.0578125 0.08125
1 0.339453125 0.021875 0.07421875 0.04375
0 0.79609375 0.5234375 0.028125 0.028125
1 0.2921875 0.3338541666666667 0.0640625 0.08645833333333333
1 0.686328125 0.04791666666666667 0.07109375 0.08541666666666667
1 0.176171875 0.028125 0.08359375 0.05625
1 0.54296875 0.4739583333333333 0.0703125 0.09583333333333334
1 0.2453125 0.34375 0.0625 0.0875
1 0.091015625 0.8083333333333333 0.06171875 0.0875
1 0.50078125 0.7135416666666666 0.0640625 0.08958333333333333
1 0.95390625 0.7552083333333334 0.08125 0.10208333333333333
1 0.8921875 0.6041666666666666 0.0765625 0.10208333333333333
1 0.7796875 0.5833333333333334 0.0609375 0.0875
1 0.501953125 0.6145833333333334 0.07421875 0.09166666666666666
1 0.717578125 0.27708333333333335 0.06640625 0.10833333333333334
1 0.6125 0.6192708333333333 0.0546875 0.08229166666666667
1 0.140234375 0.7401041666666667 0.06328125 0.10104166666666667
1 0.29765625 0.6807291666666667 0.0671875 0.09270833333333334
1 0.35859375 0.3302083333333333 0.06875 0.08541666666666667
1 0.74296875 0.8817708333333333 0.084375 0.103125
1 0.9546875 0.8572916666666667 0.0859375 0.09375
1 0.96875 0.0828125 0.0609375 0.10520833333333333
1 0.408203125 0.040625 0.06953125 0.07916666666666666
1 0.88515625 0.7604166666666666 0.0640625 0.08958333333333333
1 0.279296875 0.4421875 0.06953125 0.090625
1 0.46015625 0.9276041666666667 0.0703125 0.09479166666666666
1 0.259375 0.24895833333333334 0.0609375 0.08333333333333333
1 0.252734375 0.7552083333333334 0.07109375 0.09791666666666667
1 0.70234375 0.95 0.071875 0.1
1 0.87734375 0.17239583333333333 0.0734375 0.10104166666666667
1 0.72734375 0.12604166666666666 0.071875 0.09583333333333334
1 0.56875 0.778125 0.078125 0.09791666666666667
1 0.940625 0.5130208333333334 0.0734375 0.08229166666666667
1 0.94296875 0.2375 0.084375 0.10416666666666667
1 0.724609375 0.46927083333333336 0.06484375 0.08854166666666667
1 0.61875 0.7020833333333333 0.065625 0.09166666666666666
1 0.419921875 0.1359375 0.06328125 0.096875
1 0.29921875 0.5395833333333333 0.0828125 0.09583333333333334
1 0.35625 0.24479166666666666 0.0625 0.09166666666666666
1 0.43359375 0.5630208333333333 0.0640625 0.096875
1 0.809375 0.9208333333333333 0.071875 0.1
1 0.703515625 0.6744791666666666 0.08828125 0.103125
1 0.032421875 0.3307291666666667 0.06484375 0.08645833333333333
1 0.95546875 0.41875 0.0828125 0.10416666666666667
1 0.1765625 0.6520833333333333 0.06875 0.10416666666666667
1 0.77109375 0.3921875 0.0703125 0.09479166666666666
1 0.43203125 0.22604166666666667 0.0796875 0.09166666666666666
2 0.344140625 0.7739583333333333 0.08828125 0.11458333333333333
1 0.47578125 0.075 0.0640625 0.09166666666666666
1 0.4703125 0.3625 0.065625 0.09791666666666667
1 0.193359375 0.7958333333333333 0.05703125 0.09166666666666666
1 0.06328125 0.7041666666666667 0.071875 0.10625
1 0.31953125 0.1703125 0.0671875 0.10520833333333333
1 0.436328125 0.6598958333333333 0.06640625 0.096875
1 0.9578125 0.6604166666666667 0.0640625 0.09583333333333334
1 0.09375 0.5973958333333333 0.084375 0.128125
1 0.3625 0.6052083333333333 0.078125 0.09791666666666667
2 0.61484375 0.8828125 0.1234375 0.14479166666666668
1 0.455859375 0.8359375 0.06484375 0.09270833333333334
1 0.38515625 0.49270833333333336 0.0765625 0.10208333333333333
1 0.5984375 0.2755208333333333 0.075 0.10520833333333333
1 0.143359375 0.4510416666666667 0.07421875 0.10625
1 0.275 0.8588541666666667 0.08125 0.09270833333333334
1 0.783984375 0.30833333333333335 0.07421875 0.0875
1 0.646875 0.35520833333333335 0.071875 0.10416666666666667
1 0.23984375 0.6182291666666667 0.0640625 0.09479166666666666
2 0.55234375 0.17604166666666668 0.1328125 0.13958333333333334
1 0.615625 0.459375 0.065625 0.08958333333333333
1 0.84296875 0.39010416666666664 0.0703125 0.10520833333333333
1 0.545703125 0.3572916666666667 0.07265625 0.10625
1 0.03828125 0.8625 0.0765625 0.10208333333333333
1 0.403125 0.40260416666666665 0.065625 0.096875
1 0.31953125 0.403125 0.0625 0.08958333333333333
1 0.137890625 0.35833333333333334 0.07578125 0.0875