0 0.994921875 0.49114583333333334 0.01015625 0.07604166666666666
0 0.1859375 0.7822916666666667 0.021875 0.03125
1 0.258203125 0.303125 0.07578125 0.09375
0 0.9921875 0.6546875 0.015625 0.09479166666666666
1 0.0390625 0.965625 0.075 0.06875
1 0.54296875 0.1171875 0.0671875 0.07395833333333333
0 0.269140625 0.22239583333333332 0.02265625 0.03229166666666667
0 0.191015625 0.778125 0.01796875 0.029166666666666667
1 0.4265625 0.022395833333333334 0.071875 0.04479166666666667
1 0.990625 0.3 0.01875 0.1
1 0.048046875 0.22760416666666666 0.07421875 0.11770833333333333
1 0.946875 0.6682291666666667 0.0828125 0.11979166666666667
0 0.325390625 0.7223958333333333 0.03203125 0.040625
1 0.009375 0.28854166666666664 0.01875 0.10833333333333334
1 0.865625 0.26979166666666665 0.06875 0.0875
1 0.009765625 0.3859375 0.01953125 0.09270833333333334
1 0.98671875 0.8625 0.0265625 0.1125
0 0.0765625 0.16458333333333333 0.0203125 0.025
0 0.5171875 0.5317708333333333 0.021875 0.028125
0 0.383203125 0.017708333333333333 0.02421875 0.027083333333333334
0 0.630078125 0.5338541666666666 0.02265625 0.03229166666666667
0 0.91015625 0.4203125 0.021875 0.03229166666666667
0 0.48671875 0.9276041666666667 0.0234375 0.030208333333333334
0 0.21484375 0.3302083333333333 0.025 0.03125
0 0.65546875 0.07447916666666667 0.0203125 0.023958333333333335
1 0.61484375 0.03854166666666667 0.0703125 0.07708333333333334
0 0.088671875 0.7020833333333333 0.02265625 0.027083333333333334
1 0.46015625 0.975 0.0859375 0.04583333333333333
0 0.371875 0.7458333333333333 0.021875 0.025
0 0.26875 0.8015625 0.0234375 0.028125
0 0.1015625 0.25 0.025 0.03125
0 0.205078125 0.771875 0.02109375 0.03125
0 0.86328125 0.1859375 0.025 0.034375
0 0.67734375 0.4 0.0265625 0.041666666666666664
0 0.35390625 0.2046875 0.01875 0.021875
1 0.754296875 0.9645833333333333 0.09140625 0.07083333333333333
1 0.54296875 0.07291666666666667 0.0625 0.0875
1 0.464453125 0.3046875 0.07109375 0.08854166666666667
1 0.6609375 0.03125 0.0640625 0.0625
1 0.25859375 0.03958333333333333 0.075 0.07708333333333334
0 0.91015625 0.18385416666666668 0.03125 0.042708333333333334
1 0.67265625 0.9369791666666667 0.0671875 0.09479166666666666
0 0.179296875 0.4786458333333333 0.02109375 0.026041666666666668
1 0.0375 0.34322916666666664 0.0578125 0.08854166666666667
1 0.86796875 0.4703125 0.0640625 0.09479166666666666
1 0.019921875 0.13020833333333334 0.03984375 0.09166666666666666
1 0.2078125 0.121875 0.08125 0.09375
0 0.96953125 0.4796875 0.0265625 0.03229166666666667
1 0.0203125 0.8901041666666667 0.040625 0.096875
1 0.1359375 0.9661458333333334 0.0734375 0.06770833333333333
0 0.165625 0.44895833333333335 0.028125 0.03125
1 0.93515625 0.0328125 0.078125 0.06354166666666666
1 0.122265625 0.03125 0.07734375 0.0625
1 0.96328125 0.9484375 0.0734375 0.09479166666666666
1 0.94140625 0.26979166666666665 0.0671875 0.09375
1 0.3359375 0.9598958333333333 0.075 0.08020833333333334
1 0.80859375 0.42083333333333334 0.0671875 0.08541666666666667
1 0.33515625 0.03697916666666667 0.075 0.06770833333333333
1 0.021875 0.47239583333333335 0.04375 0.090625
1 0.68203125 0.88125 0.0828125 0.0875
1 0.7015625 0.2109375 0.0734375 0.096875
1 0.687109375 0.7822916666666667 0.06171875 0.08958333333333333
1 0.61328125 0.12447916666666667 0.0640625 0.08645833333333333
1 0.720703125 0.29635416666666664 0.06796875 0.08854166666666667
1 0.89453125 0.9307291666666667 0.071875 0.08645833333333333
1 0.026953125 0.04895833333333333 0.05390625 0.09791666666666667
1 0.3859375 0.6760416666666667 0.096875 0.09791666666666667
1 0.51796875 0.2984375 0.0796875 0.09270833333333334
1 0.059765625 0.621875 0.06484375 0.11041666666666666
1 0.4625 0.8786458333333333 0.071875 0.08229166666666667
1 0.183984375 0.6296875 0.06796875 0.090625
1 0.28671875 0.8822916666666667 0.0703125 0.08541666666666667
1 0.827734375 0.346875 0.07421875 0.08958333333333333
1 0.5234375 0.46875 0.078125 0.0875
1 0.4828125 0.03802083333333333 0.06875 0.07604166666666666
1 0.156640625 0.8640625 0.07109375 0.09479166666666666
1 0.61640625 0.35833333333333334 0.0859375 0.11458333333333333
1 0.484375 0.209375 0.0734375 0.08333333333333333
1 0.48671875 0.403125 0.0734375 0.09791666666666667
1 0.03515625 0.7942708333333334 0.0703125 0.07395833333333333
1 0.784765625 0.096875 0.06640625 0.0875
1 0.403125 0.9166666666666666 0.071875 0.11666666666666667
1 0.686328125 0.5213541666666667 0.06484375 0.103125
1 0.0625 0.4276041666666667 0.0640625 0.08854166666666667
1 0.846875 0.8557291666666667 0.0703125 0.09479166666666666
1 0.22421875 0.8395833333333333 0.0703125 0.09166666666666666
1 0.722265625 0.709375 0.06796875 0.09375
1 0.9390625 0.7875 0.078125 0.10416666666666667
1 0.65703125 0.13854166666666667 0.0671875 0.0875
1 0.266796875 0.4 0.07265625 0.08333333333333333
1 0.61953125 0.2140625 0.0765625 0.09479166666666666
1 0.0734375 0.8958333333333334 0.075 0.08333333333333333
1 0.46640625 0.6854166666666667 0.0703125 0.10416666666666667
1 0.52890625 0.875 0.0640625 0.08333333333333333
1 0.13984375 0.5583333333333333 0.075 0.09583333333333334
1 0.034375 0.7020833333333333 0.06875 0.09166666666666666
1 0.080859375 0.3182291666666667 0.07265625 0.10729166666666666
1 0.796484375 0.25677083333333334 0.07734375 0.09479166666666666
1 0.281640625 0.16510416666666666 0.06796875 0.090625
1 0.95703125 0.5385416666666667 0.084375 0.09791666666666667
1 0.640234375 0.5989583333333334 0.09609375 0.11458333333333333
1 0.57890625 0.9458333333333333 0.059375 0.10416666666666667
1 0.8015625 0.7166666666666667 0.075 0.09166666666666666
1 0.89375 0.3692708333333333 0.065625 0.08645833333333333
1 0.791015625 0.9010416666666666 0.07890625 0.08541666666666667
1 0.759765625 0.7947916666666667 0.06328125 0.09166666666666666
1 0.232421875 0.9494791666666667 0.08046875 0.096875
1 0.74609375 0.559375 0.0765625 0.08958333333333333
1 0.9453125 0.125 0.078125 0.1125
1 0.3296875 0.29010416666666666 0.0734375 0.109375
1 0.121484375 0.646875 0.07109375 0.08958333333333333
1 0.46171875 0.5458333333333333 0.0734375 0.1
1 0.816796875 0.16927083333333334 0.06796875 0.09270833333333334
1 0.41875 0.16354166666666667 0.0796875 0.09583333333333334
1 0.156640625 0.7182291666666667 0.08046875 0.10520833333333333
1 0.42734375 0.7791666666666667 0.0890625 0.1125
1 0.73046875 0.04479166666666667 0.0734375 0.08958333333333333
1 0.515625 0.6177083333333333 0.06875 0.09375
1 0.112890625 0.115625 0.08046875 0.09791666666666667
1 0.3640625 0.5770833333333333 0.078125 0.10416666666666667
1 0.8828125 0.7322916666666667 0.0703125 0.09375
1 0.0703125 0.521875 0.078125 0.08958333333333333
1 0.117578125 0.4635416666666667 0.06171875 0.08541666666666667
1 0.179296875 0.24166666666666667 0.07734375 0.10208333333333333
2 0.871875 0.6072916666666667 0.1265625 0.17083333333333334
1 0.72109375 0.3828125 0.0640625 0.09270833333333334
1 0.6015625 0.85625 0.071875 0.09583333333333334
1 0.331640625 0.815625 0.06640625 0.1
1 0.351953125 0.14166666666666666 0.06328125 0.09583333333333334
1 0.10390625 0.7916666666666666 0.065625 0.10625
1 0.36640625 0.4041666666666667 0.0796875 0.1
1 0.396484375 0.2557291666666667 0.06328125 0.09895833333333333
2 0.540625 0.7614583333333333 0.1375 0.16458333333333333
2 0.2546875 0.5307291666666667 0.146875 0.159375