1 0.0109375 0.9442708333333333 0.0203125 0.10729166666666666
2 0.71875 0.0171875 0.121875 0.034375
0 0.98046875 0.0546875 0.0390625 0.09479166666666666
2 0.15 0.10729166666666666 0.3 0.21458333333333332
1 0.98125 0.05416666666666667 0.0375 0.09375
1 0.91875 0.43802083333333336 0.0625 0.08229166666666667
2 0.74453125 0.043229166666666666 0.1765625 0.08020833333333334
0 0.218359375 0.9890625 0.06640625 0.021875
1 0.97265625 0.9729166666666667 0.0546875 0.05
2 0.403515625 0.23645833333333333 0.07578125 0.08541666666666667
1 0.96953125 0.7786458333333334 0.0578125 0.08020833333333334
0 0.013671875 0.18229166666666666 0.02421875 0.029166666666666667
0 0.0265625 0.259375 0.03125 0.03125
2 0.98046875 0.05520833333333333 0.0390625 0.09583333333333334
1 0.028515625 0.6385416666666667 0.05703125 0.09791666666666667
1 0.0140625 0.4625 0.028125 0.08333333333333333
1 0.604296875 0.8833333333333333 0.08046875 0.10416666666666667
2 0.76328125 0.9776041666666667 0.1046875 0.040625
1 0.96171875 0.36770833333333336 0.0734375 0.08541666666666667
2 0.0484375 0.021875 0.096875 0.04375
1 0.97578125 0.240625 0.046875 0.09791666666666667
1 0.16484375 0.69375 0.065625 0.09166666666666666
1 0.76875 0.4192708333333333 0.0875 0.12395833333333334
1 0.10234375 0.7510416666666667 0.0671875 0.09375
2 0.773046875 0.0390625 0.08359375 0.07604166666666666
1 0.022265625 0.365625 0.04453125 0.09791666666666667
1 0.84453125 0.027604166666666666 0.0609375 0.05520833333333333
1 0.190625 0.8 0.0796875 0.1
0 0.186328125 0.030729166666666665 0.07109375 0.057291666666666664
1 0.625390625 0.15625 0.07421875 0.09583333333333334
1 0.89921875 0.05260416666666667 0.0765625 0.096875
2 0.08984375 0.9083333333333333 0.0703125 0.09583333333333334
1 0.05078125 0.7494791666666667 0.0765625 0.09479166666666666
2 0.6453125 0.5036458333333333 0.125 0.17604166666666668
0 0.124609375 0.8625 0.02421875 0.027083333333333334
1 0.56484375 0.31979166666666664 0.0828125 0.10208333333333333
1 0.403125 0.2359375 0.075 0.084375
2 0.459375 0.93125 0.0828125 0.1375
1 0.346875 0.7859375 0.071875 0.08645833333333333
0 0.3265625 0.8666666666666667 0.025 0.03333333333333333
1 0.7234375 0.17239583333333333 0.0734375 0.10729166666666666
1 0.059765625 0.17395833333333333 0.07421875 0.10208333333333333
1 0.41328125 0.3411458333333333 0.053125 0.115625
1 0.262890625 0.09114583333333333 0.07109375 0.090625
1 0.85078125 0.16302083333333334 0.0609375 0.08854166666666667
1 0.865625 0.24895833333333334 0.0703125 0.08958333333333333
2 0.975 0.8614583333333333 0.0484375 0.09791666666666667
1 0.174609375 0.478125 0.07734375 0.11041666666666666
1 0.48125 0.4234375 0.06875 0.10520833333333333
2 0.76875 0.41770833333333335 0.0875 0.12708333333333333
1 0.7546875 0.9104166666666667 0.0625 0.08958333333333333
1 0.088671875 0.9083333333333333 0.07109375 0.09583333333333334
1 0.676171875 0.3671875 0.07109375 0.096875
0 0.4171875 0.05572916666666667 0.05625 0.078125
2 0.244921875 0.228125 0.07890625 0.12916666666666668
1 0.394140625 0.4354166666666667 0.06640625 0.08333333333333333
1 0.84453125 0.4083333333333333 0.0671875 0.09583333333333334
1 0.68828125 0.23072916666666668 0.0703125 0.08229166666666667
1 0.3328125 0.2677083333333333 0.06875 0.08958333333333333
1 0.83515625 0.6859375 0.0609375 0.10104166666666667
1 0.14296875 0.4140625 0.0703125 0.10104166666666667
1 0.787890625 0.29375 0.06328125 0.08541666666666667
1 0.62734375 0.6369791666666667 0.0796875 0.103125
1 0.803125 0.909375 0.075 0.11041666666666666
1 0.2296875 0.5401041666666667 0.071875 0.09479166666666666
1 0.217578125 0.33645833333333336 0.06171875 0.09375
1 0.9078125 0.678125 0.0796875 0.08958333333333333
2 0.92578125 0.14895833333333333 0.08125 0.125
1 0.16953125 0.21875 0.0703125 0.10416666666666667
1 0.8984375 0.7729166666666667 0.078125 0.09583333333333334
1 0.283984375 0.3546875 0.08203125 0.10520833333333333
1 0.1625 0.5927083333333333 0.0734375 0.09375
2 0.4421875 0.15625 0.096875 0.11666666666666667
2 0.311328125 0.17083333333333334 0.09765625 0.10416666666666667
2 0.1703125 0.11458333333333333 0.096875 0.1
2 0.39375 0.8973958333333333 0.0875 0.10104166666666667
1 0.48984375 0.7104166666666667 0.0796875 0.1
1 0.7734375 0.6234375 0.071875 0.096875
2 0.5515625 0.50625 0.115625 0.15
2 0.296484375 0.9479166666666666 0.11015625 0.10416666666666667
2 0.8703125 0.540625 0.1328125 0.18125
2 0.4828125 0.590625 0.1171875 0.16041666666666668