0 0.78125 0.3848958333333333 0.0109375 0.013541666666666667
1 0.18359375 0.8145833333333333 0.0734375 0.09166666666666666
1 0.19609375 0.4661458333333333 0.0640625 0.08645833333333333
1 0.98515625 0.8260416666666667 0.0296875 0.12291666666666666
1 0.571875 0.8614583333333333 0.05625 0.08125
1 0.456640625 0.3307291666666667 0.06171875 0.09895833333333333
1 0.010546875 0.5895833333333333 0.02109375 0.10833333333333334
0 0.3796875 0.12552083333333333 0.0375 0.059375
1 0.9875 0.33645833333333336 0.025 0.12708333333333333
2 0.380859375 0.12708333333333333 0.03515625 0.06041666666666667
1 0.755078125 0.027083333333333334 0.06640625 0.05416666666666667
1 0.21015625 0.8067708333333333 0.065625 0.103125
1 0.89609375 0.1109375 0.075 0.090625
1 0.21484375 0.6567708333333333 0.0578125 0.09270833333333334
1 0.828125 0.2708333333333333 0.0734375 0.08333333333333333
1 0.28671875 0.13072916666666667 0.0609375 0.090625
1 0.153125 0.3927083333333333 0.071875 0.08958333333333333
1 0.0078125 0.15 0.015625 0.10208333333333333
1 0.190234375 0.6671875 0.06328125 0.08645833333333333
1 0.9875 0.48125 0.0234375 0.09166666666666666
1 0.12734375 0.013541666666666667 0.0703125 0.027083333333333334
1 0.59765625 0.31927083333333334 0.0703125 0.090625
1 0.01875 0.878125 0.0375 0.09791666666666667
1 0.0578125 0.9640625 0.0703125 0.071875
1 0.2125 0.32447916666666665 0.06875 0.08645833333333333
1 0.771484375 0.29791666666666666 0.06015625 0.07916666666666666
1 0.90390625 0.015104166666666667 0.0734375 0.030208333333333334
1 0.9875 0.22083333333333333 0.025 0.0875
0 0.878125 0.20572916666666666 0.0234375 0.023958333333333335
0 0.416796875 0.571875 0.01953125 0.027083333333333334
0 0.774609375 0.35520833333333335 0.02109375 0.027083333333333334
1 0.884375 0.07291666666666667 0.0625 0.08958333333333333
1 0.91953125 0.41822916666666665 0.05625 0.09479166666666666
1 0.45390625 0.6739583333333333 0.0609375 0.08541666666666667
1 0.544140625 0.8317708333333333 0.07265625 0.10520833333333333
1 0.85625 0.6364583333333333 0.071875 0.12708333333333333
1 0.9859375 0.1078125 0.0265625 0.10104166666666667
2 0.54453125 0.8291666666666667 0.0734375 0.10416666666666667
1 0.7265625 0.03802083333333333 0.071875 0.07395833333333333
1 0.225 0.434375 0.071875 0.09375
2 0.41328125 0.24583333333333332 0.0796875 0.11666666666666667
1 0.978125 0.9572916666666667 0.0421875 0.07708333333333334
1 0.0109375 0.39010416666666664 0.021875 0.103125
0 0.484765625 0.0140625 0.02421875 0.026041666666666668
1 0.199609375 0.9708333333333333 0.07890625 0.058333333333333334
1 0.1296875 0.42291666666666666 0.0625 0.07916666666666666
1 0.4796875 0.3385416666666667 0.075 0.09791666666666667
1 0.251171875 0.12916666666666668 0.06640625 0.08125
1 0.6703125 0.96875 0.078125 0.0625
1 0.34296875 0.9640625 0.0671875 0.06979166666666667
1 0.398828125 0.01875 0.07578125 0.0375
0 0.94609375 0.32083333333333336 0.025 0.027083333333333334
1 0.6578125 0.41510416666666666 0.0640625 0.084375
1 0.686328125 0.6083333333333333 0.06640625 0.08541666666666667
1 0.513671875 0.425 0.06484375 0.08958333333333333
1 0.53359375 0.5458333333333333 0.0734375 0.09166666666666666
1 0.40234375 0.659375 0.06875 0.08958333333333333
1 0.746875 0.9635416666666666 0.0796875 0.07291666666666667
1 0.153125 0.21979166666666666 0.059375 0.08958333333333333
1 0.127734375 0.9708333333333333 0.07265625 0.05625
1 0.09375 0.8854166666666666 0.0625 0.08333333333333333
1 0.703515625 0.8895833333333333 0.06015625 0.09583333333333334
1 0.95078125 0.40208333333333335 0.0625 0.09583333333333334
1 0.49296875 0.13020833333333334 0.0640625 0.08541666666666667
1 0.45078125 0.7395833333333334 0.0703125 0.09791666666666667
1 0.281640625 0.715625 0.06953125 0.08958333333333333
1 0.14296875 0.8979166666666667 0.0609375 0.08333333333333333
1 0.50625 0.5875 0.075 0.09791666666666667
1 0.8953125 0.7375 0.059375 0.08333333333333333
1 0.207421875 0.8989583333333333 0.06796875 0.08541666666666667
1 0.86484375 0.9375 0.071875 0.09583333333333334
1 0.49140625 0.19010416666666666 0.0640625 0.09270833333333334
1 0.633203125 0.32864583333333336 0.06484375 0.090625
1 0.7375 0.7088541666666667 0.065625 0.090625
1 0.740625 0.8770833333333333 0.0625 0.09166666666666666
1 0.612890625 0.0328125 0.06796875 0.065625
1 0.225390625 0.559375 0.07734375 0.10208333333333333
1 0.153125 0.56875 0.0703125 0.1
1 0.41328125 0.24739583333333334 0.078125 0.115625
1 0.27578125 0.4901041666666667 0.0734375 0.090625
1 0.35078125 0.8848958333333333 0.0703125 0.090625
1 0.31796875 0.4239583333333333 0.0671875 0.08958333333333333
1 0.802734375 0.9135416666666667 0.05859375 0.08541666666666667
1 0.9625 0.6864583333333333 0.075 0.11875
1 0.9546875 0.04791666666666667 0.0671875 0.09583333333333334
1 0.89609375 0.5072916666666667 0.071875 0.09375
1 0.276953125 0.3567708333333333 0.08046875 0.10104166666666667
1 0.197265625 0.22395833333333334 0.06953125 0.08958333333333333
1 0.79375 0.70625 0.0609375 0.09166666666666666
1 0.909375 0.821875 0.0703125 0.08541666666666667
1 0.73203125 0.5354166666666667 0.06875 0.09583333333333334
1 0.066015625 0.7109375 0.08046875 0.08645833333333333
1 0.61328125 0.22708333333333333 0.065625 0.1
1 0.57890625 0.7458333333333333 0.0640625 0.0875
1 0.63515625 0.8729166666666667 0.0703125 0.09166666666666666
1 0.665234375 0.5229166666666667 0.06640625 0.09166666666666666
1 0.79765625 0.4244791666666667 0.071875 0.090625
1 0.8265625 0.14375 0.0671875 0.1
1 0.78671875 0.6166666666666667 0.0671875 0.09166666666666666
1 0.133984375 0.75 0.06640625 0.09166666666666666
1 0.44453125 0.8385416666666666 0.0703125 0.08958333333333333
1 0.76640625 0.2125 0.06875 0.09166666666666666
1 0.725390625 0.43697916666666664 0.06796875 0.09270833333333334
1 0.54765625 0.3770833333333333 0.0671875 0.09166666666666666
1 0.061328125 0.615625 0.07109375 0.09791666666666667
1 0.59453125 0.5135416666666667 0.0578125 0.09166666666666666
1 0.286328125 0.8197916666666667 0.08046875 0.11458333333333333
1 0.412890625 0.9208333333333333 0.06484375 0.1
1 0.9265625 0.5947916666666667 0.0640625 0.09375
1 0.665625 0.11145833333333334 0.065625 0.10208333333333333
1 0.28984375 0.9197916666666667 0.0578125 0.08541666666666667
1 0.376953125 0.75625 0.07734375 0.09166666666666666
1 0.59140625 0.1078125 0.0703125 0.08854166666666667
1 0.21953125 0.04791666666666667 0.0671875 0.09166666666666666
1 0.68359375 0.7770833333333333 0.0734375 0.11041666666666666
1 0.51875 0.7135416666666666 0.065625 0.09375
1 0.706640625 0.3421875 0.06953125 0.09270833333333334
1 0.27578125 0.628125 0.0640625 0.08541666666666667
1 0.83203125 0.8291666666666667 0.078125 0.10416666666666667
1 0.80390625 0.5197916666666667 0.0703125 0.09791666666666667
1 0.615625 0.6213541666666667 0.06875 0.090625
1 0.766015625 0.7895833333333333 0.06484375 0.08333333333333333
1 0.123828125 0.6578125 0.06171875 0.090625
1 0.15078125 0.07239583333333334 0.0671875 0.090625
1 0.26953125 0.2203125 0.0609375 0.08854166666666667
1 0.066015625 0.26875 0.06953125 0.09791666666666667
1 0.42421875 0.10729166666666666 0.0703125 0.09583333333333334
2 0.347265625 0.5598958333333334 0.11328125 0.146875
1 0.8609375 0.3572916666666667 0.0640625 0.09375
1 0.555859375 0.18385416666666668 0.05703125 0.09895833333333333