1 0.4078125 0.15572916666666667 0.078125 0.09270833333333334
1 0.9234375 0.9828125 0.10625 0.03229166666666667
1 0.011328125 0.041666666666666664 0.02265625 0.08333333333333333
1 0.240625 0.013020833333333334 0.075 0.026041666666666668
1 0.983984375 0.19583333333333333 0.03203125 0.08333333333333333
1 0.148046875 0.08072916666666667 0.08515625 0.103125
1 0.9875 0.3578125 0.0234375 0.11145833333333334
1 0.19765625 0.96875 0.0859375 0.0625
1 0.319140625 0.9791666666666666 0.08359375 0.0375
1 0.178515625 0.046875 0.05078125 0.09166666666666666
1 0.251953125 0.9307291666666667 0.07109375 0.109375
1 0.2921875 0.3625 0.071875 0.08333333333333333
1 0.661328125 0.018229166666666668 0.07265625 0.036458333333333336
1 0.5640625 0.35572916666666665 0.06875 0.09895833333333333
1 0.38828125 0.8942708333333333 0.0609375 0.10729166666666666
1 0.76796875 0.15 0.0703125 0.08958333333333333
1 0.80390625 0.4401041666666667 0.0703125 0.096875
1 0.375 0.030729166666666665 0.075 0.06145833333333333
1 0.412890625 0.10364583333333334 0.07578125 0.109375
1 0.525390625 0.7286458333333333 0.08203125 0.065625
1 0.058203125 0.7 0.07421875 0.09583333333333334
1 0.055078125 0.47604166666666664 0.07578125 0.08541666666666667
1 0.962890625 0.2828125 0.07421875 0.10104166666666667
1 0.96015625 0.46822916666666664 0.0734375 0.10104166666666667
1 0.148046875 0.534375 0.07890625 0.10208333333333333
1 0.766015625 0.4505208333333333 0.06953125 0.10104166666666667
1 0.0265625 0.634375 0.053125 0.10208333333333333
1 0.09765625 0.596875 0.0703125 0.10208333333333333
1 0.60390625 0.3333333333333333 0.0796875 0.10833333333333334
1 0.432421875 0.3578125 0.08046875 0.096875
1 0.96796875 0.04479166666666667 0.0625 0.08541666666666667
1 0.2625 0.3171875 0.0765625 0.096875
1 0.89453125 0.6385416666666667 0.06875 0.09791666666666667
1 0.48359375 0.946875 0.0953125 0.09791666666666667
1 0.8171875 0.03802083333333333 0.078125 0.07395833333333333
1 0.3234375 0.90625 0.0765625 0.10416666666666667
1 0.21328125 0.6645833333333333 0.0671875 0.10416666666666667
1 0.4984375 0.8171875 0.06875 0.084375
1 0.871875 0.9291666666666667 0.0890625 0.1
1 0.6171875 0.44375 0.1015625 0.1
1 0.50703125 0.1 0.071875 0.10416666666666667
1 0.375390625 0.5604166666666667 0.07734375 0.10416666666666667
1 0.203515625 0.8598958333333333 0.08671875 0.115625
1 0.96953125 0.9375 0.059375 0.10833333333333334
1 0.442578125 0.8640625 0.07265625 0.09479166666666666
1 0.8046875 0.5411458333333333 0.08125 0.10520833333333333
1 0.2421875 0.10989583333333333 0.0734375 0.10520833333333333
1 0.76640625 0.9609375 0.0859375 0.07604166666666666
1 0.63515625 0.721875 0.0765625 0.10208333333333333
1 0.422265625 0.659375 0.07109375 0.11666666666666667
1 0.56015625 0.7953125 0.0796875 0.109375
1 0.90546875 0.5109375 0.071875 0.09479166666666666
1 0.57578125 0.041666666666666664 0.0765625 0.08333333333333333
1 0.946875 0.84375 0.0765625 0.10416666666666667
1 0.273046875 0.6197916666666666 0.07265625 0.10208333333333333
1 0.88046875 0.27291666666666664 0.090625 0.1125
1 0.87578125 0.7708333333333334 0.071875 0.1
1 0.70390625 0.42552083333333335 0.0671875 0.10520833333333333
1 0.08984375 0.40625 0.0875 0.10208333333333333
1 0.44375 0.7515625 0.06875 0.10104166666666667
1 0.816796875 0.640625 0.08671875 0.09375
1 0.71796875 0.1125 0.084375 0.09375
1 0.188671875 0.1765625 0.08046875 0.10520833333333333
1 0.96171875 0.6729166666666667 0.071875 0.10416666666666667
1 0.372265625 0.3802083333333333 0.07734375 0.11041666666666666
1 0.603125 0.2109375 0.06875 0.103125
1 0.192578125 0.4479166666666667 0.08828125 0.08958333333333333
1 0.3625 0.24270833333333333 0.08125 0.10625
1 0.777734375 0.7208333333333333 0.06953125 0.1
1 0.703515625 0.6145833333333334 0.08046875 0.10833333333333334
1 0.8359375 0.13072916666666667 0.075 0.10729166666666666
1 0.465625 0.4510416666666667 0.0796875 0.10625
1 0.315625 0.46875 0.0859375 0.1125
1 0.15078125 0.671875 0.0703125 0.10208333333333333
2 0.5328125 0.5911458333333334 0.1640625 0.21354166666666666
1 0.32734375 0.11822916666666666 0.0953125 0.14270833333333333
1 0.6984375 0.8197916666666667 0.08125 0.10625
2 0.759375 0.2916666666666667 0.1625 0.21666666666666667
2 0.294921875 0.7708333333333334 0.15390625 0.19166666666666668