1 0.04453125 0.40989583333333335 0.053125 0.084375
0 0.596875 0.5255208333333333 0.03125 0.04479166666666667
0 0.795703125 0.33177083333333335 0.03203125 0.026041666666666668
0 0.8578125 0.9104166666666667 0.021875 0.029166666666666667
0 0.719921875 0.5380208333333333 0.01171875 0.021875
1 0.623046875 0.23177083333333334 0.04296875 0.065625
1 0.49375 0.9697916666666667 0.0609375 0.06041666666666667
1 0.9890625 0.8177083333333334 0.021875 0.09375
1 0.940625 0.015104166666666667 0.075 0.030208333333333334
1 0.8296875 0.10520833333333333 0.0546875 0.08333333333333333
0 0.006640625 0.4010416666666667 0.01328125 0.029166666666666667
1 0.03203125 0.9104166666666667 0.053125 0.14583333333333334
1 0.15625 0.440625 0.053125 0.06458333333333334
1 0.0109375 0.21302083333333333 0.021875 0.08854166666666667
1 0.565234375 0.9828125 0.07265625 0.034375
1 0.6171875 0.4244791666666667 0.0640625 0.084375
1 0.9296875 0.8213541666666667 0.0546875 0.057291666666666664
1 0.363671875 0.11302083333333333 0.06328125 0.08229166666666667
0 0.351171875 0.6989583333333333 0.02578125 0.04375
0 0.97421875 0.5885416666666666 0.0234375 0.03125
1 0.80859375 0.09583333333333334 0.0625 0.0875
1 0.22734375 0.2765625 0.0546875 0.078125
0 0.355078125 0.4 0.02109375 0.0375
0 0.04296875 0.19739583333333333 0.03125 0.04479166666666667
1 0.9828125 0.45989583333333334 0.0328125 0.10520833333333333
1 0.49921875 0.0171875 0.0546875 0.034375
0 0.921875 0.9677083333333333 0.0296875 0.03958333333333333
1 0.790234375 0.91875 0.08828125 0.10833333333333334
1 0.36875 0.4578125 0.0734375 0.09270833333333334
0 0.6625 0.553125 0.028125 0.03125
0 0.319140625 0.8677083333333333 0.03828125 0.03958333333333333
1 0.98515625 0.65 0.0296875 0.1
1 0.78671875 0.28854166666666664 0.040625 0.07083333333333333
1 0.302734375 0.36354166666666665 0.05546875 0.0875
1 0.34765625 0.9666666666666667 0.075 0.06666666666666667
1 0.363671875 0.025520833333333333 0.05859375 0.051041666666666666
0 0.96796875 0.7375 0.0234375 0.0375
1 0.8 0.019270833333333334 0.075 0.03854166666666667
1 0.06484375 0.140625 0.0546875 0.058333333333333334
1 0.07109375 0.446875 0.0625 0.09791666666666667
1 0.42421875 0.7473958333333334 0.0578125 0.078125
1 0.85703125 0.965625 0.075 0.06666666666666667
0 0.781640625 0.51875 0.02578125 0.035416666666666666
1 0.73515625 0.018229166666666668 0.0640625 0.036458333333333336
0 0.373828125 0.30833333333333335 0.02734375 0.029166666666666667
0 0.5265625 0.51875 0.028125 0.03958333333333333
1 0.57734375 0.9302083333333333 0.0796875 0.07708333333333334
0 0.4484375 0.80625 0.0375 0.0375
0 0.649609375 0.03802083333333333 0.03515625 0.04895833333333333
0 0.33984375 0.8260416666666667 0.0265625 0.027083333333333334
1 0.4359375 0.9614583333333333 0.0609375 0.07291666666666667
1 0.97265625 0.05416666666666667 0.053125 0.075
1 0.708203125 0.5796875 0.05390625 0.07395833333333333
1 0.49296875 0.4979166666666667 0.0421875 0.06041666666666667
1 0.3453125 0.14635416666666667 0.065625 0.08229166666666667
1 0.05234375 0.6958333333333333 0.0671875 0.0875
1 0.7765625 0.6973958333333333 0.06875 0.09479166666666666
1 0.33359375 0.3567708333333333 0.0625 0.07604166666666666
1 0.398828125 0.565625 0.06796875 0.09375
1 0.808984375 0.5864583333333333 0.06484375 0.08541666666666667
1 0.111328125 0.759375 0.06015625 0.06875
1 0.63671875 0.3848958333333333 0.0671875 0.09270833333333334
1 0.601953125 0.11510416666666666 0.05390625 0.07604166666666666
1 0.08203125 0.834375 0.0609375 0.06875
1 0.18203125 0.5802083333333333 0.059375 0.07916666666666666
1 0.4140625 0.89375 0.065625 0.07291666666666667
1 0.24921875 0.5317708333333333 0.0625 0.096875
1 0.082421875 0.6109375 0.07890625 0.084375
1 0.884375 0.3640625 0.0609375 0.08229166666666667
1 0.18671875 0.7213541666666666 0.059375 0.090625
1 0.5171875 0.5932291666666667 0.059375 0.10520833333333333
1 0.915625 0.7375 0.05625 0.09166666666666666
1 0.83359375 0.7479166666666667 0.05625 0.09166666666666666
1 0.540234375 0.3880208333333333 0.05078125 0.11770833333333333
1 0.51171875 0.30364583333333334 0.0578125 0.096875
1 0.196484375 0.8328125 0.07109375 0.08020833333333334
1 0.056640625 0.059375 0.06796875 0.08125
1 0.1078125 0.903125 0.0625 0.10208333333333333
1 0.67890625 0.4510416666666667 0.0515625 0.08958333333333333
1 0.289453125 0.453125 0.05390625 0.0875
1 0.5296875 0.8489583333333334 0.06875 0.07708333333333334
1 0.1234375 0.1203125 0.065625 0.08854166666666667
1 0.58671875 0.3203125 0.0484375 0.09895833333333333
1 0.45703125 0.6416666666666667 0.0640625 0.0875
1 0.65078125 0.8635416666666667 0.0578125 0.08541666666666667
1 0.651953125 0.7671875 0.06328125 0.09479166666666666
1 0.9375 0.6541666666666667 0.0671875 0.075
1 0.9359375 0.27708333333333335 0.0796875 0.10208333333333333
1 0.315234375 0.5947916666666667 0.04921875 0.10625
1 0.81171875 0.2125 0.0515625 0.1125
1 0.736328125 0.2786458333333333 0.05234375 0.084375
1 0.378125 0.23177083333333334 0.065625 0.09479166666666666
1 0.254296875 0.634375 0.07578125 0.09375
1 0.18828125 0.3765625 0.0640625 0.08854166666666667
1 0.11171875 0.36614583333333334 0.0703125 0.103125
1 0.255859375 0.05677083333333333 0.07109375 0.096875
1 0.4796875 0.1828125 0.0625 0.08645833333333333
1 0.89375 0.058333333333333334 0.0671875 0.09583333333333334
1 0.56015625 0.24114583333333334 0.05625 0.096875
1 0.9125 0.5671875 0.0703125 0.103125
1 0.128515625 0.6588541666666666 0.06953125 0.096875
1 0.70859375 0.8833333333333333 0.0640625 0.10416666666666667
1 0.44140625 0.43854166666666666 0.0609375 0.07708333333333334
1 0.441796875 0.2598958333333333 0.06015625 0.084375
1 0.76484375 0.43854166666666666 0.0734375 0.09791666666666667
1 0.484765625 0.08125 0.06171875 0.1125
1 0.304296875 0.6885416666666667 0.05859375 0.08125
1 0.415625 0.0671875 0.059375 0.090625
1 0.3984375 0.7901041666666667 0.059375 0.08645833333333333
1 0.721875 0.7911458333333333 0.0734375 0.08854166666666667
1 0.24375 0.7541666666666667 0.05625 0.1
1 0.567578125 0.6994791666666667 0.06328125 0.09895833333333333
1 0.672265625 0.20729166666666668 0.06328125 0.09791666666666667
1 0.66953125 0.10260416666666666 0.0640625 0.10104166666666667