1 0.06953125 0.08385416666666666 0.0671875 0.09479166666666666
1 0.57734375 0.665625 0.05625 0.09791666666666667
1 0.966796875 0.4765625 0.06640625 0.11354166666666667
1 0.70625 0.8619791666666666 0.084375 0.10520833333333333
1 0.551953125 0.017708333333333333 0.10859375 0.035416666666666666
1 0.0140625 0.6822916666666666 0.028125 0.075
1 0.183984375 0.9880208333333333 0.08359375 0.023958333333333335
1 0.01484375 0.0890625 0.0296875 0.09479166666666666
1 0.2078125 0.17864583333333334 0.071875 0.08854166666666667
1 0.25390625 0.9651041666666667 0.065625 0.06979166666666667
1 0.6890625 0.21979166666666666 0.08125 0.10208333333333333
1 0.940625 0.2515625 0.0609375 0.084375
1 0.125390625 0.16875 0.06015625 0.08333333333333333
1 0.37421875 0.9885416666666667 0.0578125 0.022916666666666665
1 0.022265625 0.60625 0.04453125 0.09166666666666666
1 0.690234375 0.9833333333333333 0.07890625 0.03333333333333333
1 0.9203125 0.04010416666666667 0.0609375 0.08020833333333334
1 0.170703125 0.26458333333333334 0.07734375 0.11666666666666667
1 0.439453125 0.51875 0.06953125 0.08958333333333333
1 0.83515625 0.1328125 0.0765625 0.09895833333333333
1 0.2921875 0.834375 0.075 0.0875
1 0.7234375 0.036458333333333336 0.0625 0.07291666666666667
1 0.01796875 0.3390625 0.0359375 0.08645833333333333
1 0.859375 0.040625 0.059375 0.08125
1 0.09765625 0.2609375 0.0765625 0.08854166666666667
1 0.41875 0.6989583333333333 0.084375 0.10833333333333334
1 0.61796875 0.43854166666666666 0.0640625 0.09375
1 0.51796875 0.35989583333333336 0.0640625 0.10104166666666667
1 0.6109375 0.834375 0.065625 0.11041666666666666
1 0.9125 0.26875 0.0671875 0.09166666666666666
1 0.80859375 0.6135416666666667 0.0578125 0.08541666666666667
1 0.49140625 0.275 0.0640625 0.0875
1 0.0328125 0.023958333333333335 0.065625 0.04791666666666667
0 0.42109375 0.9895833333333334 0.0203125 0.020833333333333332
1 0.69453125 0.5484375 0.0765625 0.09895833333333333
1 0.253125 0.9140625 0.06875 0.09270833333333334
1 0.59296875 0.34010416666666665 0.0671875 0.096875
1 0.7640625 0.48072916666666665 0.075 0.10104166666666667
1 0.81796875 0.35260416666666666 0.0671875 0.09895833333333333
1 0.8453125 0.6010416666666667 0.0640625 0.1
1 0.721875 0.653125 0.08125 0.10625
1 0.53125 0.24010416666666667 0.075 0.09895833333333333
1 0.14609375 0.15885416666666666 0.065625 0.08854166666666667
1 0.91953125 0.934375 0.0671875 0.08958333333333333
1 0.51953125 0.084375 0.0640625 0.10625
1 0.45234375 0.6057291666666667 0.071875 0.096875
1 0.64609375 0.7171875 0.0671875 0.09479166666666666
1 0.790625 0.03802083333333333 0.059375 0.07604166666666666
1 0.8828125 0.7875 0.0734375 0.10416666666666667
1 0.6171875 0.9708333333333333 0.06875 0.058333333333333334
1 0.60234375 0.08333333333333333 0.0828125 0.1
1 0.031640625 0.44114583333333335 0.06328125 0.109375
1 0.48828125 0.3734375 0.0640625 0.10104166666666667
1 0.8296875 0.796875 0.065625 0.09375
1 0.222265625 0.6786458333333333 0.06640625 0.090625
1 0.73359375 0.2947916666666667 0.0640625 0.08958333333333333
1 0.8 0.2786458333333333 0.075 0.09270833333333334
1 0.778515625 0.8989583333333333 0.06015625 0.08958333333333333
1 0.341796875 0.5484375 0.07265625 0.08229166666666667
1 0.609375 0.23229166666666667 0.059375 0.08333333333333333
1 0.9515625 0.3645833333333333 0.075 0.10833333333333334
1 0.53984375 0.5109375 0.071875 0.10104166666666667
1 0.202734375 0.0625 0.07578125 0.11458333333333333
1 0.386328125 0.2916666666666667 0.07421875 0.09166666666666666
1 0.94140625 0.14479166666666668 0.078125 0.10208333333333333
1 0.515625 0.6677083333333333 0.0609375 0.10625
2 0.075390625 0.5416666666666666 0.15078125 0.13333333333333333
1 0.04375 0.753125 0.0875 0.10208333333333333
1 0.069921875 0.9057291666666667 0.06796875 0.096875
1 0.11796875 0.80625 0.065625 0.09166666666666666
1 0.86875 0.4359375 0.078125 0.096875
1 0.751171875 0.11822916666666666 0.06171875 0.08854166666666667
1 0.1859375 0.575 0.0734375 0.125
1 0.725 0.4083333333333333 0.065625 0.09166666666666666
1 0.85625 0.9520833333333333 0.0734375 0.09375
1 0.769921875 0.7291666666666666 0.07265625 0.10416666666666667
2 0.3546875 0.775 0.084375 0.1125
2 0.358984375 0.634375 0.08359375 0.1
1 0.530078125 0.8875 0.07421875 0.10416666666666667
2 0.89296875 0.6848958333333334 0.0890625 0.10729166666666666
2 0.3046875 0.4505208333333333 0.0875 0.11770833333333333
1 0.4484375 0.09010416666666667 0.0765625 0.109375
1 0.275 0.6260416666666667 0.0640625 0.09166666666666666