2 0.880078125 0.3567708333333333 0.17265625 0.2552083333333333
2 0.20859375 0.26979166666666665 0.4171875 0.5395833333333333
2 0.193359375 0.7130208333333333 0.38671875 0.5739583333333333
2 0.341796875 0.5046875 0.08984375 0.18229166666666666
1 0.1921875 0.6375 0.075 0.1
1 0.199609375 0.7911458333333333 0.06640625 0.12604166666666666
1 0.7140625 0.3859375 0.078125 0.13229166666666667
2 0.68671875 0.9609375 0.0796875 0.07604166666666666
2 0.133984375 0.6828125 0.08515625 0.10729166666666666
2 0.875 0.8411458333333334 0.08125 0.096875
1 0.268359375 0.017708333333333333 0.08671875 0.035416666666666666
0 0.180078125 0.033854166666666664 0.07890625 0.06770833333333333
2 0.044921875 0.0390625 0.08828125 0.07395833333333333
1 0.29765625 0.26927083333333335 0.06875 0.09479166666666666
0 0.9375 0.0078125 0.046875 0.015625
1 0.27734375 0.946875 0.075 0.09791666666666667
2 0.954296875 0.5729166666666666 0.09140625 0.13333333333333333
2 0.02421875 0.7270833333333333 0.0484375 0.12083333333333333
2 0.1765625 0.18958333333333333 0.0765625 0.10208333333333333
1 0.176953125 0.1890625 0.08046875 0.10104166666666667
1 0.8265625 0.5052083333333334 0.09375 0.11041666666666666
1 0.521875 0.08541666666666667 0.096875 0.12291666666666666
1 0.023828125 0.7296875 0.04609375 0.11770833333333333
1 0.766015625 0.5989583333333334 0.06328125 0.09375
2 0.58125 0.9614583333333333 0.140625 0.07708333333333334
0 0.00625 0.5151041666666667 0.0125 0.034375
2 0.165625 0.39895833333333336 0.078125 0.11041666666666666
1 0.86328125 0.7416666666666667 0.0828125 0.11666666666666667
0 0.01015625 0.3302083333333333 0.0203125 0.09375
1 0.5921875 0.03958333333333333 0.071875 0.07708333333333334
1 0.798046875 0.6380208333333334 0.06171875 0.096875
0 0.830078125 0.021354166666666667 0.06953125 0.040625
1 0.220703125 0.6947916666666667 0.08359375 0.10208333333333333
1 0.76015625 0.9708333333333333 0.0859375 0.05416666666666667
2 0.23828125 0.5296875 0.1265625 0.15520833333333334
2 0.6234375 0.0953125 0.0875 0.140625
1 0.2515625 0.07239583333333334 0.071875 0.096875
0 0.135546875 0.09010416666666667 0.06953125 0.08229166666666667
0 0.9890625 0.42135416666666664 0.021875 0.103125
0 0.463671875 0.13125 0.02578125 0.035416666666666666
0 0.988671875 0.6854166666666667 0.02265625 0.0875
2 0.018359375 0.4244791666666667 0.03671875 0.10729166666666666
0 0.00859375 0.178125 0.0171875 0.08333333333333333
2 0.95390625 0.9697916666666667 0.0875 0.058333333333333334
1 0.4703125 0.41875 0.06875 0.09583333333333334
1 0.8609375 0.41041666666666665 0.0859375 0.10208333333333333
2 0.940625 0.1125 0.11875 0.14166666666666666
1 0.70859375 0.1671875 0.0734375 0.103125
1 0.213671875 0.3458333333333333 0.06796875 0.09375
2 0.7234375 0.496875 0.0828125 0.12291666666666666
1 0.179296875 0.0328125 0.08046875 0.065625
2 0.315625 0.8166666666666667 0.103125 0.14583333333333334
1 0.45078125 0.8916666666666667 0.0921875 0.09166666666666666
2 0.712890625 0.3885416666666667 0.07890625 0.13125
2 0.8609375 0.4109375 0.0890625 0.10104166666666667
1 0.5859375 0.6244791666666667 0.075 0.09479166666666666
2 0.157421875 0.2869791666666667 0.07578125 0.10729166666666666
2 0.317578125 0.3338541666666667 0.11796875 0.190625
2 0.86328125 0.7411458333333333 0.084375 0.11770833333333333
1 0.7015625 0.5953125 0.071875 0.103125
1 0.22265625 0.2203125 0.0640625 0.10104166666666667
2 0.82890625 0.5052083333333334 0.096875 0.11041666666666666
1 0.3859375 0.06875 0.078125 0.10833333333333334
1 0.396484375 0.609375 0.08671875 0.11041666666666666
1 0.07421875 0.41875 0.0703125 0.1
1 0.028125 0.6536458333333334 0.05625 0.10520833333333333
2 0.73125 0.26927083333333335 0.08125 0.10729166666666666
1 0.87578125 0.840625 0.08125 0.09166666666666666
1 0.94921875 0.7729166666666667 0.078125 0.10625
2 0.78828125 0.7651041666666667 0.084375 0.13645833333333332
2 0.08984375 0.5875 0.084375 0.12708333333333333
1 0.063671875 0.2604166666666667 0.07578125 0.10625
2 0.88046875 0.94375 0.103125 0.10833333333333334
2 0.06484375 0.9515625 0.090625 0.09270833333333334
2 0.413671875 0.9614583333333333 0.09609375 0.07708333333333334
2 0.503125 0.34791666666666665 0.0765625 0.12083333333333333
1 0.61640625 0.43697916666666664 0.0828125 0.09895833333333333
2 0.30546875 0.14114583333333333 0.0890625 0.121875
1 0.046875 0.121875 0.071875 0.1
2 0.86640625 0.590625 0.0875 0.09375
2 0.43671875 0.2546875 0.084375 0.11354166666666667
2 0.128125 0.4901041666666667 0.0828125 0.11145833333333334
1 0.88359375 0.2140625 0.08125 0.109375
2 0.59140625 0.5255208333333333 0.0828125 0.10729166666666666
2 0.53828125 0.19895833333333332 0.0859375 0.125
2 0.475 0.5390625 0.1046875 0.146875
2 0.58203125 0.30885416666666665 0.0921875 0.140625
2 0.276171875 0.9447916666666667 0.08046875 0.10625
2 0.522265625 0.08385416666666666 0.09765625 0.115625
2 0.49296875 0.7666666666666667 0.1546875 0.17916666666666667
2 0.095703125 0.8135416666666667 0.08984375 0.12291666666666666