0 0.995703125 0.9765625 0.00859375 0.04479166666666667
0 0.57578125 0.98125 0.08125 0.0375
1 0.60703125 0.29270833333333335 0.0703125 0.0875
0 0.928125 0.6875 0.0734375 0.09583333333333334
2 0.97890625 0.5630208333333333 0.0421875 0.09479166666666666
2 0.91171875 0.016145833333333335 0.121875 0.03229166666666667
2 0.305078125 0.015104166666666667 0.07265625 0.030208333333333334
2 0.61328125 0.45364583333333336 0.078125 0.103125
0 0.33046875 0.721875 0.0671875 0.08333333333333333
0 0.100390625 0.35572916666666665 0.06640625 0.09895833333333333
1 0.322265625 0.5989583333333334 0.07890625 0.10208333333333333
2 0.3203125 0.6010416666666667 0.0765625 0.09791666666666667
0 0.32109375 0.6005208333333333 0.0734375 0.10104166666666667
2 0.5765625 0.9791666666666666 0.103125 0.0375
0 0.979296875 0.5635416666666667 0.04140625 0.09583333333333334
2 0.341796875 0.30520833333333336 0.06015625 0.08958333333333333
0 0.3828125 0.4875 0.059375 0.075
1 0.20859375 0.6760416666666667 0.075 0.09791666666666667
2 0.6859375 0.5682291666666667 0.075 0.10104166666666667
2 0.753515625 0.475 0.07734375 0.09791666666666667
1 0.3296875 0.7229166666666667 0.06875 0.08125
2 0.083984375 0.044270833333333336 0.08203125 0.084375
1 0.66953125 0.2046875 0.084375 0.10520833333333333
2 0.101171875 0.35520833333333335 0.07265625 0.09791666666666667
0 0.9921875 0.7510416666666667 0.015625 0.07708333333333334
2 0.0375 0.4744791666666667 0.075 0.090625
2 0.38046875 0.3078125 0.0734375 0.090625
1 0.8859375 0.9333333333333333 0.071875 0.10833333333333334
0 0.0140625 0.08125 0.028125 0.09166666666666666
0 0.00703125 0.3776041666666667 0.0140625 0.08854166666666667
0 0.3125 0.9182291666666667 0.0265625 0.023958333333333335
0 0.744140625 0.18697916666666667 0.02890625 0.023958333333333335
0 0.084765625 0.04375 0.08359375 0.08125
0 0.443359375 0.175 0.01796875 0.01875
0 0.76171875 0.6895833333333333 0.0625 0.07916666666666666
2 0.7171875 0.5953125 0.0875 0.12604166666666666
2 0.3828125 0.4869791666666667 0.059375 0.07604166666666666
1 0.375 0.8104166666666667 0.071875 0.09166666666666666
2 0.026171875 0.9682291666666667 0.05078125 0.059375
0 0.96640625 0.8364583333333333 0.0640625 0.09375
1 0.76171875 0.6875 0.0625 0.08333333333333333
0 0.49296875 0.9010416666666666 0.0671875 0.0875
2 0.37578125 0.8114583333333333 0.0734375 0.08958333333333333
1 0.117578125 0.7947916666666667 0.10234375 0.10208333333333333
1 0.79765625 0.309375 0.0765625 0.1
0 0.716015625 0.4078125 0.06171875 0.08020833333333334
1 0.103125 0.503125 0.078125 0.08541666666666667
2 0.339453125 0.08489583333333334 0.07109375 0.10729166666666666
2 0.19609375 0.03177083333333333 0.078125 0.06145833333333333
2 0.153515625 0.9255208333333333 0.07734375 0.10104166666666667
0 0.75234375 0.47760416666666666 0.0734375 0.09270833333333334
2 0.66875 0.2046875 0.084375 0.10729166666666666
2 0.961328125 0.2515625 0.07734375 0.08645833333333333
0 0.4703125 0.03854166666666667 0.0765625 0.07083333333333333
2 0.978515625 0.4234375 0.04296875 0.109375
0 0.591015625 0.6458333333333334 0.03671875 0.04583333333333333
2 0.11640625 0.7947916666666667 0.1015625 0.10208333333333333
1 0.8734375 0.7791666666666667 0.0765625 0.0875
2 0.20859375 0.6770833333333334 0.0765625 0.09583333333333334
2 0.05625 0.65625 0.0734375 0.10416666666666667
1 0.6125 0.45677083333333335 0.078125 0.103125
2 0.28828125 0.9604166666666667 0.1140625 0.07916666666666666
0 0.694921875 0.0875 0.07421875 0.09166666666666666
2 0.696484375 0.7895833333333333 0.08046875 0.08958333333333333
2 0.745703125 0.94375 0.18828125 0.10833333333333334
1 0.037109375 0.4739583333333333 0.07421875 0.09166666666666666
1 0.43515625 0.48854166666666665 0.0578125 0.08958333333333333
2 0.028515625 0.7838541666666666 0.05546875 0.08020833333333334
2 0.3296875 0.17395833333333333 0.090625 0.10208333333333333
1 0.412109375 0.7291666666666666 0.06953125 0.10416666666666667
1 0.928125 0.6854166666666667 0.0765625 0.09583333333333334
2 0.82265625 0.13177083333333334 0.103125 0.165625
1 0.502734375 0.4609375 0.07890625 0.10104166666666667
2 0.15703125 0.5822916666666667 0.0828125 0.10625
2 0.9078125 0.503125 0.08125 0.10625
2 0.296484375 0.3927083333333333 0.08984375 0.09791666666666667
2 0.422265625 0.95625 0.07421875 0.08541666666666667
2 0.079296875 0.18177083333333333 0.07890625 0.11979166666666667
2 0.5203125 0.7520833333333333 0.08125 0.10416666666666667
2 0.519140625 0.203125 0.09453125 0.11458333333333333
2 0.207421875 0.25104166666666666 0.11640625 0.12291666666666666
2 0.4734375 0.609375 0.153125 0.18125