1 0.607421875 0.5859375 0.06484375 0.103125
2 0.5453125 0.8223958333333333 0.0734375 0.09895833333333333
0 0.995703125 0.7296875 0.00859375 0.06354166666666666
1 0.95546875 0.7651041666666667 0.0640625 0.09270833333333334
1 0.28671875 0.010416666666666666 0.0671875 0.020833333333333332
2 0.128515625 0.790625 0.07421875 0.08541666666666667
0 0.603125 0.9911458333333333 0.0421875 0.017708333333333333
1 0.308203125 0.3177083333333333 0.07109375 0.09583333333333334
2 0.88203125 0.278125 0.084375 0.12083333333333333
1 0.013671875 0.621875 0.02734375 0.10625
1 0.012109375 0.503125 0.02421875 0.10833333333333334
1 0.8546875 0.4890625 0.0578125 0.084375
1 0.98828125 0.9520833333333333 0.021875 0.09375
1 0.88046875 0.27395833333333336 0.0875 0.11875
1 0.978125 0.025520833333333333 0.04375 0.051041666666666666
1 0.019140625 0.1875 0.03828125 0.14166666666666666
1 0.646875 0.7890625 0.08125 0.08229166666666667
1 0.36796875 0.275 0.0671875 0.1
0 0.83515625 0.21770833333333334 0.028125 0.0375
1 0.8640625 0.6354166666666666 0.0765625 0.1
1 0.085546875 0.019791666666666666 0.08046875 0.03958333333333333
0 0.81484375 0.46510416666666665 0.0296875 0.042708333333333334
0 0.51796875 0.7234375 0.0234375 0.03854166666666667
1 0.371875 0.020833333333333332 0.078125 0.041666666666666664
1 0.017578125 0.9458333333333333 0.03515625 0.09791666666666667
0 0.7734375 0.5760416666666667 0.03125 0.04791666666666667
1 0.85 0.684375 0.0640625 0.1
1 0.97109375 0.79375 0.05625 0.09166666666666666
1 0.787109375 0.696875 0.06171875 0.08541666666666667
1 0.201953125 0.546875 0.06796875 0.09791666666666667
0 0.806640625 0.18072916666666666 0.02890625 0.040625
1 0.058203125 0.975 0.07265625 0.04583333333333333
1 0.19375 0.023958333333333335 0.071875 0.04791666666666667
1 0.84921875 0.7432291666666667 0.0796875 0.084375
1 0.27890625 0.459375 0.071875 0.09375
1 0.98203125 0.13020833333333334 0.0359375 0.09166666666666666
1 0.48828125 0.0265625 0.0734375 0.053125
1 0.344921875 0.5005208333333333 0.06484375 0.090625
1 0.78203125 0.6453125 0.0828125 0.103125
1 0.544921875 0.23541666666666666 0.06328125 0.09791666666666667
0 0.8953125 0.6755208333333333 0.0296875 0.034375
1 0.126171875 0.7895833333333333 0.07578125 0.0875
2 0.302734375 0.20677083333333332 0.09609375 0.09479166666666666
1 0.790625 0.965625 0.065625 0.06875
1 0.58203125 0.5630208333333333 0.06875 0.09479166666666666
1 0.70625 0.023958333333333335 0.06875 0.04791666666666667
1 0.92890625 0.9739583333333334 0.0796875 0.04791666666666667
1 0.596484375 0.44427083333333334 0.06953125 0.103125
1 0.236328125 0.9703125 0.08046875 0.057291666666666664
1 0.30234375 0.20677083333333332 0.0953125 0.09479166666666666
1 0.3859375 0.40677083333333336 0.0625 0.07395833333333333
1 0.86015625 0.052083333333333336 0.06875 0.08958333333333333
1 0.97734375 0.621875 0.04375 0.09375
1 0.558984375 0.035416666666666666 0.07578125 0.07083333333333333
1 0.62109375 0.7317708333333334 0.065625 0.08229166666666667
1 0.773046875 0.134375 0.06171875 0.08958333333333333
1 0.544140625 0.8234375 0.06796875 0.10104166666666667
1 0.56171875 0.1109375 0.0734375 0.08854166666666667
1 0.43671875 0.25052083333333336 0.0640625 0.09895833333333333
1 0.89453125 0.4890625 0.071875 0.10104166666666667
1 0.89921875 0.3921875 0.053125 0.090625
1 0.67109375 0.565625 0.0796875 0.09375
1 0.65078125 0.45989583333333334 0.065625 0.08854166666666667
1 0.38984375 0.4864583333333333 0.0640625 0.08125
1 0.28046875 0.4 0.0671875 0.08958333333333333
1 0.08984375 0.5875 0.078125 0.09583333333333334
1 0.124609375 0.26927083333333335 0.07265625 0.10104166666666667
1 0.463671875 0.9645833333333333 0.08359375 0.06875
1 0.2515625 0.08177083333333333 0.071875 0.09270833333333334
1 0.099609375 0.17447916666666666 0.07265625 0.090625
1 0.6578125 0.065625 0.06875 0.08541666666666667
1 0.8359375 0.134375 0.0640625 0.09166666666666666
1 0.85234375 0.9416666666666667 0.06875 0.10208333333333333
1 0.812109375 0.8979166666666667 0.07109375 0.1
1 0.9046875 0.1609375 0.06875 0.08854166666666667
1 0.163671875 0.5244791666666667 0.06796875 0.08854166666666667
1 0.201171875 0.43645833333333334 0.07109375 0.09375
1 0.26484375 0.2916666666666667 0.0671875 0.08333333333333333
2 0.626171875 0.2078125 0.16484375 0.234375
1 0.0609375 0.39791666666666664 0.075 0.09166666666666666
1 0.97421875 0.43697916666666664 0.05 0.09479166666666666
1 0.455078125 0.5244791666666667 0.07734375 0.10104166666666667
1 0.097265625 0.48072916666666665 0.07265625 0.09270833333333334
1 0.542578125 0.4088541666666667 0.08046875 0.09479166666666666
1 0.050390625 0.109375 0.06796875 0.09375
1 0.180859375 0.16458333333333333 0.07265625 0.10625
1 0.1421875 0.9385416666666667 0.06875 0.09791666666666667
1 0.389453125 0.565625 0.06171875 0.08125
1 0.34921875 0.9484375 0.0796875 0.10104166666666667
1 0.047265625 0.2859375 0.08203125 0.10520833333333333
1 0.719921875 0.7390625 0.07109375 0.096875
1 0.70859375 0.42864583333333334 0.0671875 0.084375
1 0.2546875 0.8895833333333333 0.078125 0.09583333333333334
1 0.776171875 0.8072916666666666 0.07421875 0.09375
1 0.574609375 0.678125 0.07734375 0.08958333333333333
1 0.303125 0.8020833333333334 0.0734375 0.09166666666666666
1 0.2515625 0.621875 0.075 0.10208333333333333
1 0.3984375 0.3229166666666667 0.071875 0.09375
1 0.65078125 0.9572916666666667 0.0734375 0.08541666666666667
1 0.20625 0.778125 0.06875 0.08125
1 0.36171875 0.64375 0.0734375 0.0875
1 0.18046875 0.859375 0.065625 0.09375
1 0.40234375 0.07864583333333333 0.0703125 0.096875
1 0.96171875 0.28854166666666664 0.0734375 0.09791666666666667
1 0.4109375 0.7807291666666667 0.071875 0.09479166666666666
1 0.93515625 0.5609375 0.0671875 0.090625
1 0.178125 0.3458333333333333 0.078125 0.0875
1 0.5390625 0.3151041666666667 0.0796875 0.084375
1 0.38828125 0.17135416666666667 0.0734375 0.090625
1 0.68046875 0.6625 0.0640625 0.09583333333333334
1 0.3234375 0.10833333333333334 0.06875 0.09583333333333334
1 0.5984375 0.8739583333333333 0.06875 0.09791666666666667
1 0.0625 0.871875 0.0734375 0.1
1 0.355859375 0.8510416666666667 0.06484375 0.08541666666666667
1 0.12890625 0.08541666666666667 0.0734375 0.10625
1 0.2 0.6890625 0.0734375 0.09479166666666666
1 0.795703125 0.30833333333333335 0.07578125 0.10625
1 0.6671875 0.871875 0.071875 0.09791666666666667
1 0.1 0.690625 0.08125 0.10625
1 0.345703125 0.7229166666666667 0.08046875 0.09166666666666666
1 0.46953125 0.434375 0.0625 0.08958333333333333
1 0.54765625 0.9239583333333333 0.0640625 0.09375
1 0.93125 0.08385416666666666 0.065625 0.09479166666666666
1 0.490625 0.21875 0.059375 0.09583333333333334