0 0.5671875 0.0078125 0.0546875 0.015625
0 0.297265625 0.9885416666666667 0.02265625 0.022916666666666665
2 0.8484375 0.6104166666666667 0.0671875 0.0875
2 0.3171875 0.43385416666666665 0.0609375 0.09270833333333334
0 0.8421875 0.20052083333333334 0.034375 0.040625
0 0.84921875 0.6104166666666667 0.06875 0.0875
2 0.31484375 0.325 0.0890625 0.1375
1 0.8484375 0.6109375 0.0671875 0.08645833333333333
2 0.26328125 0.5630208333333333 0.06875 0.08645833333333333
0 0.00859375 0.5015625 0.0171875 0.06145833333333333
0 0.16171875 0.3359375 0.0546875 0.042708333333333334
2 0.679296875 0.7791666666666667 0.09453125 0.15833333333333333
1 0.353125 0.175 0.0640625 0.08958333333333333
0 0.2640625 0.9916666666666667 0.034375 0.016666666666666666
2 0.11875 0.696875 0.065625 0.08958333333333333
1 0.83984375 0.6979166666666666 0.071875 0.09166666666666666
1 0.31640625 0.434375 0.0609375 0.08958333333333333
1 0.93671875 0.20572916666666666 0.06875 0.09895833333333333
1 0.814453125 0.4395833333333333 0.07578125 0.08958333333333333
1 0.975 0.5265625 0.0484375 0.08645833333333333
2 0.3234375 0.971875 0.0765625 0.052083333333333336
2 0.4875 0.0203125 0.071875 0.040625
1 0.3734375 0.018229166666666668 0.071875 0.036458333333333336
2 0.3515625 0.9072916666666667 0.0671875 0.08541666666666667
1 0.49453125 0.5229166666666667 0.0484375 0.08333333333333333
2 0.97421875 0.5270833333333333 0.0484375 0.08541666666666667
1 0.737109375 0.78125 0.05859375 0.07916666666666666
0 0.757421875 0.990625 0.03671875 0.01875
1 0.469921875 0.6395833333333333 0.08359375 0.09583333333333334
1 0.323046875 0.971875 0.07421875 0.05625
0 0.773046875 0.023958333333333335 0.03515625 0.0375
1 0.434375 0.06197916666666667 0.0671875 0.09895833333333333
0 0.93046875 0.0375 0.08125 0.06875
0 0.13125 0.09166666666666666 0.034375 0.04583333333333333
1 0.01328125 0.5583333333333333 0.0265625 0.08333333333333333
2 0.93359375 0.8270833333333333 0.0765625 0.10208333333333333
2 0.11171875 0.9760416666666667 0.13125 0.04375
2 0.97890625 0.4348958333333333 0.0421875 0.09479166666666666
2 0.388671875 0.5010416666666667 0.07109375 0.11041666666666666
2 0.051953125 0.034895833333333334 0.10390625 0.06770833333333333
1 0.93046875 0.0375 0.08125 0.07083333333333333
2 0.379296875 0.09479166666666666 0.05859375 0.08958333333333333
0 0.0765625 0.6333333333333333 0.0265625 0.035416666666666666
2 0.96640625 0.35 0.0671875 0.09166666666666666
2 0.1390625 0.7083333333333334 0.1109375 0.11875
2 0.3390625 0.8125 0.06875 0.1
2 0.6359375 0.2604166666666667 0.1328125 0.24375
2 0.7578125 0.40520833333333334 0.071875 0.09375
2 0.9375 0.20677083333333332 0.071875 0.096875
2 0.977734375 0.628125 0.04453125 0.11458333333333333
1 0.125 0.9052083333333333 0.078125 0.09375
2 0.239453125 0.35833333333333334 0.06171875 0.075
2 0.058203125 0.5182291666666666 0.06796875 0.08854166666666667
2 0.433984375 0.0609375 0.06796875 0.096875
0 0.520703125 0.17864583333333334 0.06015625 0.08229166666666667
2 0.05078125 0.125 0.078125 0.0875
2 0.469921875 0.6395833333333333 0.08359375 0.1
2 0.166796875 0.48854166666666665 0.05859375 0.09375
2 0.840625 0.6989583333333333 0.075 0.08958333333333333
2 0.69765625 0.66875 0.0828125 0.1125
2 0.147265625 0.16145833333333334 0.07578125 0.09375
2 0.68359375 0.5119791666666667 0.0734375 0.103125
2 0.42109375 0.30052083333333335 0.109375 0.153125
2 0.115625 0.4083333333333333 0.0734375 0.11666666666666667
2 0.302734375 0.09635416666666667 0.08984375 0.13645833333333332
2 0.217578125 0.06510416666666667 0.08671875 0.11770833333333333
2 0.06015625 0.3265625 0.0734375 0.121875
2 0.8703125 0.8838541666666667 0.259375 0.23229166666666667
2 0.061328125 0.7864583333333334 0.07734375 0.11041666666666666
2 0.859375 0.35989583333333336 0.09375 0.109375
2 0.594140625 0.7598958333333333 0.08203125 0.09479166666666666
2 0.51875 0.30625 0.1 0.12916666666666668
2 0.55859375 0.409375 0.1 0.12291666666666666
2 0.25546875 0.8822916666666667 0.0828125 0.10208333333333333
2 0.56953125 0.5208333333333334 0.0984375 0.11666666666666667
2 0.242578125 0.171875 0.08984375 0.10833333333333334