1 0.48984375 0.5057291666666667 0.03125 0.04479166666666667
2 0.99140625 0.7088541666666667 0.0171875 0.057291666666666664
0 0.50625 0.3697916666666667 0.04375 0.04583333333333333
0 0.40234375 0.990625 0.03125 0.01875
0 0.690625 0.5380208333333333 0.03125 0.04479166666666667
1 0.60390625 0.678125 0.0328125 0.04375
2 0.50546875 0.37135416666666665 0.0453125 0.046875
1 0.95546875 0.8270833333333333 0.025 0.03958333333333333
1 0.94375 0.6010416666666667 0.0296875 0.04375
1 0.047265625 0.8739583333333333 0.02890625 0.03958333333333333
1 0.43359375 0.027083333333333334 0.0296875 0.03958333333333333
0 0.562890625 0.928125 0.04453125 0.04791666666666667
1 0.35078125 0.6989583333333333 0.03125 0.052083333333333336
1 0.3171875 0.32760416666666664 0.03125 0.04479166666666667
1 0.215625 0.4583333333333333 0.0359375 0.05
1 0.31484375 0.621875 0.0265625 0.035416666666666666
0 0.196484375 0.83125 0.03046875 0.05
1 0.77109375 0.6901041666666666 0.028125 0.036458333333333336
0 0.0078125 0.0390625 0.015625 0.065625
1 0.246484375 0.9864583333333333 0.03203125 0.027083333333333334
1 0.285546875 0.403125 0.03046875 0.041666666666666664
1 0.984375 0.18541666666666667 0.0265625 0.041666666666666664
1 0.6640625 0.23020833333333332 0.028125 0.03125
2 0.15078125 0.23072916666666668 0.0328125 0.04895833333333333
1 0.8 0.7145833333333333 0.0265625 0.041666666666666664
1 0.93984375 0.465625 0.03125 0.052083333333333336
0 0.1921875 0.8989583333333333 0.0359375 0.0375
2 0.60078125 0.03125 0.0390625 0.05625
1 0.34375 0.315625 0.0265625 0.03958333333333333
1 0.143359375 0.84375 0.03203125 0.0375
0 0.65546875 0.015625 0.04375 0.029166666666666667
0 0.59765625 0.7802083333333333 0.034375 0.04375
0 0.214453125 0.4583333333333333 0.03515625 0.05
1 0.587890625 0.15364583333333334 0.03984375 0.04479166666666667
1 0.28125 0.49114583333333334 0.0328125 0.04479166666666667
2 0.2140625 0.06927083333333334 0.03125 0.04895833333333333
2 0.865625 0.9682291666666667 0.0421875 0.04479166666666667
1 0.69765625 0.027083333333333334 0.0359375 0.04375
1 0.07890625 0.7041666666666667 0.03125 0.03958333333333333
1 0.915625 0.6942708333333333 0.034375 0.042708333333333334
0 0.014453125 0.2526041666666667 0.02890625 0.03854166666666667
0 0.43359375 0.026041666666666668 0.0296875 0.03958333333333333
2 0.78515625 0.39479166666666665 0.034375 0.04791666666666667
1 0.75390625 0.95 0.0265625 0.04583333333333333
0 0.379296875 0.36354166666666665 0.03359375 0.04375
1 0.8671875 0.96875 0.040625 0.04375
1 0.991015625 0.9802083333333333 0.01796875 0.03958333333333333
1 0.658203125 0.7984375 0.03515625 0.04479166666666667
1 0.8328125 0.6453125 0.034375 0.040625
2 0.55859375 0.6036458333333333 0.0328125 0.04479166666666667
1 0.314453125 0.48385416666666664 0.03359375 0.036458333333333336
1 0.89921875 0.30833333333333335 0.0265625 0.041666666666666664
1 0.316015625 0.5895833333333333 0.02890625 0.03958333333333333
1 0.163671875 0.016666666666666666 0.02734375 0.03333333333333333
1 0.325 0.2875 0.03125 0.03125
1 0.91875 0.3802083333333333 0.0296875 0.03958333333333333
0 0.600390625 0.7203125 0.03203125 0.036458333333333336
1 0.046875 0.2635416666666667 0.0359375 0.04583333333333333
1 0.691015625 0.5385416666666667 0.03046875 0.041666666666666664
0 0.594921875 0.019270833333333334 0.03359375 0.036458333333333336
0 0.992578125 0.12395833333333334 0.01484375 0.052083333333333336
1 0.4109375 0.7979166666666667 0.040625 0.05
0 0.196875 0.5192708333333333 0.040625 0.046875
2 0.22265625 0.18802083333333333 0.0359375 0.046875
1 0.562890625 0.39947916666666666 0.03984375 0.04479166666666667
1 0.1046875 0.0546875 0.028125 0.040625
1 0.3515625 0.8114583333333333 0.03125 0.03958333333333333
1 0.346484375 0.10104166666666667 0.02578125 0.03333333333333333
0 0.375 0.9333333333333333 0.034375 0.03333333333333333
0 0.31953125 0.2552083333333333 0.0265625 0.03333333333333333
2 0.5859375 0.153125 0.040625 0.04791666666666667
1 0.834375 0.8671875 0.0390625 0.040625
2 0.0375 0.7223958333333333 0.04375 0.042708333333333334
1 0.4234375 0.31354166666666666 0.03125 0.03958333333333333
0 0.375390625 0.25052083333333336 0.03515625 0.040625
1 0.740625 0.18802083333333333 0.03125 0.034375
1 0.3140625 0.12552083333333333 0.03125 0.04895833333333333
1 0.6703125 0.7375 0.03125 0.041666666666666664
2 0.8359375 0.11875 0.040625 0.04375
1 0.9078125 0.8296875 0.03125 0.03854166666666667
1 0.7125 0.853125 0.028125 0.03958333333333333
2 0.37890625 0.36354166666666665 0.034375 0.04375
1 0.64375 0.9203125 0.03125 0.042708333333333334
1 0.6921875 0.22916666666666666 0.028125 0.03333333333333333
1 0.815625 0.3515625 0.0515625 0.065625
1 0.123046875 0.8072916666666666 0.03671875 0.04583333333333333
1 0.76171875 0.4322916666666667 0.0390625 0.052083333333333336
1 0.77890625 0.9510416666666667 0.0265625 0.03958333333333333
0 0.93671875 0.746875 0.0328125 0.04791666666666667
0 0.5015625 0.21041666666666667 0.025 0.0375
2 0.9359375 0.746875 0.0328125 0.04791666666666667
0 0.8234375 0.15989583333333332 0.03125 0.040625
1 0.618359375 0.10416666666666667 0.03671875 0.03958333333333333
1 0.740625 0.6958333333333333 0.0375 0.041666666666666664
1 0.376171875 0.7947916666666667 0.02890625 0.03958333333333333
0 0.228125 0.88125 0.03125 0.0375
2 0.5625 0.9270833333333334 0.040625 0.04583333333333333
0 0.456640625 0.7614583333333333 0.03828125 0.05625
1 0.7421875 0.5630208333333333 0.0625 0.07395833333333333
0 0.52734375 0.7677083333333333 0.0296875 0.03958333333333333
1 0.11875 0.12239583333333333 0.028125 0.034375
1 0.46875 0.32395833333333335 0.034375 0.05416666666666667
1 0.766015625 0.26614583333333336 0.03046875 0.04895833333333333
2 0.077734375 0.75 0.03984375 0.052083333333333336
0 0.103515625 0.8854166666666666 0.03515625 0.041666666666666664
1 0.74375 0.9875 0.034375 0.025
0 0.263671875 0.7682291666666666 0.03984375 0.057291666666666664
0 0.83359375 0.6447916666666667 0.034375 0.04375
1 0.59140625 0.08489583333333334 0.028125 0.042708333333333334
1 0.675390625 0.3828125 0.03203125 0.042708333333333334
2 0.2859375 0.8505208333333333 0.0390625 0.040625
0 0.315625 0.9692708333333333 0.0296875 0.03854166666666667
0 0.77890625 0.049479166666666664 0.0390625 0.03854166666666667
1 0.265625 0.4244791666666667 0.0296875 0.03854166666666667
2 0.01171875 0.3671875 0.0234375 0.078125
0 0.8359375 0.11927083333333334 0.0421875 0.04479166666666667
1 0.674609375 0.19322916666666667 0.03046875 0.042708333333333334
0 0.508203125 0.9770833333333333 0.01484375 0.016666666666666666
1 0.52734375 0.034895833333333334 0.0296875 0.040625
0 0.5640625 0.8697916666666666 0.03125 0.04375
0 0.21328125 0.559375 0.040625 0.04791666666666667
0 0.4953125 0.035416666666666666 0.034375 0.03958333333333333
0 0.498046875 0.008333333333333333 0.03046875 0.016666666666666666
1 0.73203125 0.8822916666666667 0.0296875 0.0375
0 0.2765625 0.7182291666666667 0.03125 0.036458333333333336
1 0.8265625 0.70625 0.028125 0.0375
1 0.69375 0.41875 0.028125 0.041666666666666664
2 0.940625 0.017708333333333333 0.0609375 0.035416666666666666
0 0.32734375 0.921875 0.021875 0.022916666666666665
1 0.42421875 0.9208333333333333 0.0359375 0.05
1 0.048046875 0.21614583333333334 0.03046875 0.03854166666666667
0 0.75546875 0.0375 0.0109375 0.014583333333333334
0 0.05 0.346875 0.03125 0.052083333333333336
1 0.9640625 0.7291666666666666 0.03125 0.05
1 0.87578125 0.2890625 0.028125 0.04479166666666667
1 0.928125 0.13802083333333334 0.046875 0.06770833333333333
1 0.8578125 0.15520833333333334 0.0328125 0.0375
0 0.007421875 0.28541666666666665 0.01015625 0.016666666666666666
1 0.6796875 0.9692708333333333 0.028125 0.040625
0 0.495703125 0.7520833333333333 0.03984375 0.05
2 0.705078125 0.628125 0.04296875 0.06875
1 0.733984375 0.275 0.03671875 0.03333333333333333
1 0.273828125 0.9807291666666667 0.03359375 0.03854166666666667
1 0.7421875 0.7333333333333333 0.03125 0.03333333333333333
1 0.2890625 0.0421875 0.0328125 0.042708333333333334
2 0.987109375 0.2526041666666667 0.02578125 0.11145833333333334
1 0.9328125 0.9458333333333333 0.0359375 0.041666666666666664
0 0.61953125 0.10416666666666667 0.0359375 0.041666666666666664
1 0.94609375 0.5515625 0.0296875 0.046875
0 0.030859375 0.17760416666666667 0.03984375 0.042708333333333334
1 0.9171875 0.6520833333333333 0.0265625 0.0375
1 0.59921875 0.2125 0.0265625 0.0375
0 0.091796875 0.01875 0.03515625 0.035416666666666666
1 0.124609375 0.20885416666666667 0.03046875 0.042708333333333334
1 0.46640625 0.15416666666666667 0.0359375 0.041666666666666664
1 0.5546875 0.052083333333333336 0.03125 0.04791666666666667
0 0.825 0.021875 0.0359375 0.03958333333333333
0 0.63359375 0.9723958333333333 0.0359375 0.04895833333333333
1 0.940625 0.7916666666666666 0.0265625 0.0375
0 0.994140625 0.7947916666666667 0.01171875 0.04375
1 0.453125 0.20104166666666667 0.03125 0.04375
0 0.012890625 0.5197916666666667 0.02578125 0.052083333333333336
0 0.06953125 0.9729166666666667 0.034375 0.0375
2 0.35703125 0.5161458333333333 0.046875 0.06979166666666667
0 0.2234375 0.1875 0.034375 0.04375
0 0.425 0.96875 0.040625 0.04583333333333333
1 0.56796875 0.4661458333333333 0.0578125 0.07604166666666666
1 0.63359375 0.228125 0.0328125 0.03958333333333333
1 0.2765625 0.3619791666666667 0.034375 0.04895833333333333
2 0.033984375 0.76875 0.04140625 0.041666666666666664
1 0.148046875 0.5286458333333334 0.06328125 0.071875
1 0.97109375 0.8614583333333333 0.0328125 0.04375
1 0.8109375 0.2984375 0.034375 0.034375
1 0.4421875 0.07552083333333333 0.028125 0.040625
2 0.1140625 0.4895833333333333 0.0484375 0.07083333333333333
1 0.345703125 0.9520833333333333 0.03203125 0.041666666666666664
2 0.087109375 0.590625 0.05234375 0.06458333333333334
1 0.4703125 0.0640625 0.0296875 0.046875
1 0.8046875 0.9213541666666667 0.03125 0.042708333333333334
0 0.59375 0.8510416666666667 0.03125 0.04791666666666667
1 0.325390625 0.07916666666666666 0.03515625 0.04583333333333333
1 0.356640625 0.06510416666666667 0.03203125 0.036458333333333336
1 0.070703125 0.24114583333333334 0.03203125 0.042708333333333334
1 0.638671875 0.6651041666666667 0.03203125 0.040625
1 0.151171875 0.23020833333333332 0.03203125 0.04375
0 0.28671875 0.85 0.0390625 0.041666666666666664
1 0.774609375 0.8765625 0.03046875 0.042708333333333334
1 0.603125 0.24895833333333334 0.03125 0.03958333333333333
1 0.425 0.9697916666666667 0.040625 0.04375
1 0.4546875 0.43854166666666666 0.05 0.06041666666666667
0 0.47421875 0.815625 0.0296875 0.035416666666666666
0 0.137890625 0.019270833333333334 0.03046875 0.036458333333333336
0 0.36796875 0.6197916666666666 0.040625 0.05
1 0.0109375 0.36666666666666664 0.021875 0.075
1 0.255859375 0.041666666666666664 0.02734375 0.05
0 0.289453125 0.44947916666666665 0.03203125 0.03854166666666667
1 0.925 0.984375 0.0296875 0.03125
2 0.834375 0.8677083333333333 0.040625 0.04375
1 0.660546875 0.8880208333333334 0.03046875 0.042708333333333334
2 0.3171875 0.5354166666666667 0.0421875 0.058333333333333334
0 0.35078125 0.7 0.03125 0.052083333333333336
1 0.91328125 0.8661458333333333 0.0296875 0.03854166666666667
1 0.378125 0.44166666666666665 0.06875 0.06666666666666667
1 0.10234375 0.15989583333333332 0.0390625 0.04895833333333333
1 0.5359375 0.13020833333333334 0.028125 0.03958333333333333
1 0.7640625 0.09947916666666666 0.028125 0.042708333333333334
0 0.124609375 0.3770833333333333 0.03359375 0.04791666666666667
1 0.17734375 0.1453125 0.034375 0.046875
1 0.637109375 0.5770833333333333 0.03984375 0.041666666666666664
1 0.70546875 0.6864583333333333 0.0328125 0.04375
1 0.82578125 0.8260416666666667 0.03125 0.03958333333333333
2 0.035546875 0.453125 0.06171875 0.07708333333333334
0 0.052734375 0.7979166666666667 0.02265625 0.025
1 0.98515625 0.06510416666666667 0.0296875 0.07395833333333333
0 0.34765625 0.8958333333333334 0.0328125 0.04375
1 0.9671875 0.9614583333333333 0.0359375 0.035416666666666666
1 0.3109375 0.3927083333333333 0.03125 0.04791666666666667
1 0.9046875 0.7723958333333333 0.03125 0.040625
1 0.72578125 0.15208333333333332 0.0296875 0.03958333333333333
0 0.00625 0.5739583333333333 0.0125 0.05416666666666667
1 0.794140625 0.26458333333333334 0.02578125 0.035416666666666666
1 0.7953125 0.984375 0.034375 0.03125
1 0.78359375 0.17708333333333334 0.0296875 0.04583333333333333
1 0.76953125 0.7291666666666666 0.0296875 0.03958333333333333
1 0.5640625 0.1265625 0.028125 0.04479166666666667
1 0.87265625 0.9302083333333333 0.03125 0.035416666666666666
1 0.809765625 0.7625 0.03203125 0.0375
1 0.9140625 0.9072916666666667 0.0390625 0.03958333333333333
1 0.7484375 0.23333333333333334 0.034375 0.0375
2 0.49453125 0.753125 0.0390625 0.05
1 0.0359375 0.45208333333333334 0.0640625 0.075
0 0.75 0.014583333333333334 0.040625 0.027083333333333334
1 0.56171875 0.21458333333333332 0.0515625 0.07083333333333333
0 0.594140625 0.9901041666666667 0.03203125 0.019791666666666666
1 0.145703125 0.14479166666666668 0.03203125 0.035416666666666666
1 0.01328125 0.1390625 0.0265625 0.042708333333333334
1 0.675 0.3046875 0.0296875 0.040625
2 0.156640625 0.5291666666666667 0.04921875 0.06666666666666667
2 0.9046875 0.20885416666666667 0.0484375 0.059375
0 0.411328125 0.23020833333333332 0.03671875 0.04375
0 0.290234375 0.9260416666666667 0.03203125 0.04375
1 0.52265625 0.1890625 0.03125 0.03854166666666667
0 0.312890625 0.8145833333333333 0.02890625 0.041666666666666664
1 0.23671875 0.8354166666666667 0.0421875 0.04583333333333333
0 0.250390625 0.1328125 0.02109375 0.03229166666666667
1 0.48359375 0.18854166666666666 0.0296875 0.041666666666666664
0 0.6328125 0.8541666666666666 0.0328125 0.041666666666666664
1 0.54609375 0.3416666666666667 0.0328125 0.05416666666666667
0 0.0125 0.9552083333333333 0.025 0.04791666666666667
1 0.93515625 0.3026041666666667 0.0375 0.042708333333333334
0 0.559375 0.9703125 0.034375 0.03854166666666667
1 0.3171875 0.5359375 0.040625 0.053125
2 0.813671875 0.35 0.05234375 0.07083333333333333
1 0.41015625 0.05364583333333333 0.0296875 0.03854166666666667
1 0.54609375 0.5171875 0.0515625 0.065625
1 0.046484375 0.04635416666666667 0.03828125 0.053125
2 0.92734375 0.1375 0.0453125 0.06458333333333334
1 0.8671875 0.784375 0.0375 0.035416666666666666
1 0.1140625 0.4890625 0.0484375 0.06770833333333333
2 0.377734375 0.4427083333333333 0.06640625 0.06666666666666667
1 0.709375 0.9760416666666667 0.034375 0.03958333333333333
0 0.371875 0.984375 0.0328125 0.03125
1 0.90390625 0.20729166666666668 0.046875 0.05625
1 0.8890625 0.6395833333333333 0.028125 0.041666666666666664
0 0.91484375 0.6953125 0.0328125 0.04479166666666667
2 0.420703125 0.6583333333333333 0.06640625 0.08541666666666667
0 0.517578125 0.8520833333333333 0.02578125 0.0375
0 0.4828125 0.975 0.03125 0.0375
1 0.73515625 0.1125 0.0328125 0.04375
0 0.98125 0.584375 0.03125 0.06041666666666667
1 0.9328125 0.24739583333333334 0.03125 0.046875
0 0.51015625 0.9114583333333334 0.0421875 0.04791666666666667
0 0.1453125 0.7177083333333333 0.0453125 0.03958333333333333
2 0.9421875 0.07291666666666667 0.05625 0.06875
0 0.116015625 0.9734375 0.03359375 0.046875
1 0.60859375 0.4322916666666667 0.0453125 0.07083333333333333
2 0.56171875 0.21458333333333332 0.0515625 0.07291666666666667
0 0.175390625 0.6552083333333333 0.03671875 0.035416666666666666
2 0.31015625 0.6734375 0.0578125 0.06979166666666667
1 0.3578125 0.51875 0.05 0.06666666666666667
2 0.74140625 0.5635416666666667 0.0609375 0.07083333333333333
1 0.596875 0.5625 0.0453125 0.06041666666666667
1 0.332421875 0.1859375 0.04140625 0.051041666666666666
1 0.84453125 0.2625 0.0484375 0.0625
2 0.20546875 0.76875 0.0703125 0.07083333333333333
1 0.6546875 0.51875 0.04375 0.05416666666666667
1 0.25703125 0.5708333333333333 0.0515625 0.075
2 0.153125 0.9375 0.059375 0.07083333333333333
2 0.87421875 0.5401041666666667 0.0625 0.08645833333333333
1 0.0875 0.5895833333333333 0.053125 0.06666666666666667
2 0.48046875 0.8640625 0.0546875 0.065625
2 0.4546875 0.4390625 0.05 0.06354166666666666
0 0.4 0.7255208333333333 0.0421875 0.046875
2 0.41953125 0.15520833333333334 0.0546875 0.06875
2 0.6328125 0.3104166666666667 0.059375 0.075
2 0.068359375 0.9192708333333334 0.05859375 0.071875
0 0.8015625 0.0859375 0.034375 0.046875
2 0.4734375 0.5916666666666667 0.0734375 0.09166666666666666
2 0.2421875 0.3229166666666667 0.065625 0.08333333333333333
2 0.7265625 0.7848958333333333 0.071875 0.084375