1 0.062890625 0.19114583333333332 0.06640625 0.096875
1 0.354296875 0.9864583333333333 0.08828125 0.027083333333333334
0 0.158203125 0.24895833333333334 0.01484375 0.027083333333333334
1 0.4328125 0.42083333333333334 0.0625 0.0875
1 0.01640625 0.9703125 0.0328125 0.057291666666666664
1 0.609375 0.9609375 0.06875 0.078125
0 0.5265625 0.81875 0.03125 0.0375
1 0.584375 0.030208333333333334 0.0703125 0.06041666666666667
1 0.9609375 0.11510416666666666 0.0609375 0.08645833333333333
1 0.85859375 0.9875 0.0703125 0.025
1 0.48984375 0.246875 0.0609375 0.09375
1 0.454296875 0.9833333333333333 0.07421875 0.03333333333333333
0 0.9484375 0.990625 0.0234375 0.01875
1 0.273046875 0.8395833333333333 0.07109375 0.10416666666666667
0 0.32109375 0.5697916666666667 0.0234375 0.035416666666666666
1 0.66953125 0.846875 0.0578125 0.08541666666666667
1 0.412890625 0.134375 0.06796875 0.08958333333333333
1 0.98046875 0.14270833333333333 0.0375 0.07916666666666666
1 0.988671875 0.05260416666666667 0.02265625 0.09895833333333333
1 0.98515625 0.8041666666666667 0.0296875 0.09583333333333334
0 0.65234375 0.6390625 0.0171875 0.019791666666666666
1 0.690625 0.0171875 0.06875 0.034375
1 0.4078125 0.2234375 0.0625 0.090625
1 0.98359375 0.5291666666666667 0.0328125 0.1
0 0.65078125 0.7552083333333334 0.0265625 0.03333333333333333
1 0.978125 0.6994791666666667 0.04375 0.08645833333333333
0 0.31328125 0.030208333333333334 0.028125 0.025
1 0.50703125 0.019791666666666666 0.0765625 0.03958333333333333
1 0.03671875 0.23489583333333333 0.0671875 0.090625
0 0.8265625 0.4390625 0.028125 0.03229166666666667
0 0.91484375 0.7010416666666667 0.0265625 0.03125
1 0.07734375 0.65 0.0703125 0.09166666666666666
1 0.751953125 0.7145833333333333 0.07734375 0.09166666666666666
1 0.676171875 0.9791666666666666 0.06796875 0.041666666666666664
1 0.8265625 0.023958333333333335 0.071875 0.04791666666666667
1 0.43515625 0.035416666666666666 0.0609375 0.07083333333333333
1 0.0265625 0.049479166666666664 0.0515625 0.090625
1 0.365625 0.634375 0.05625 0.07916666666666666
1 0.122265625 0.5864583333333333 0.06484375 0.08541666666666667
1 0.566015625 0.39479166666666665 0.07109375 0.09583333333333334
1 0.87890625 0.43020833333333336 0.0859375 0.09375
1 0.84921875 0.8244791666666667 0.06875 0.10104166666666667
1 0.3171875 0.4010416666666667 0.06875 0.10625
1 0.072265625 0.7833333333333333 0.06796875 0.09166666666666666
1 0.95234375 0.8677083333333333 0.06875 0.09791666666666667
1 0.971875 0.43385416666666665 0.05625 0.09895833333333333
1 0.52734375 0.2328125 0.0671875 0.09270833333333334
1 0.387890625 0.721875 0.07265625 0.09375
1 0.81484375 0.290625 0.0734375 0.10208333333333333
1 0.203515625 0.0375 0.06796875 0.075
1 0.45390625 0.8598958333333333 0.0671875 0.09895833333333333
1 0.5578125 0.5510416666666667 0.0640625 0.08541666666666667
1 0.82421875 0.3484375 0.0671875 0.08854166666666667
1 0.9390625 0.0375 0.0765625 0.075
1 0.88359375 0.30833333333333335 0.0640625 0.09166666666666666
1 0.63125 0.3770833333333333 0.065625 0.0875
1 0.12734375 0.7229166666666667 0.0671875 0.09583333333333334
1 0.180078125 0.7307291666666667 0.07421875 0.08854166666666667
1 0.312890625 0.13020833333333334 0.05859375 0.08125
1 0.299609375 0.6375 0.06796875 0.1
1 0.975 0.6130208333333333 0.0484375 0.08229166666666667
1 0.41015625 0.9354166666666667 0.0703125 0.09166666666666666
1 0.44921875 0.45729166666666665 0.0625 0.08958333333333333
1 0.773828125 0.6385416666666667 0.06953125 0.09375
1 0.84296875 0.9505208333333334 0.0703125 0.090625
1 0.9296875 0.37083333333333335 0.06875 0.09375
1 0.3609375 0.07291666666666667 0.065625 0.09791666666666667
1 0.802734375 0.18697916666666667 0.06484375 0.090625
1 0.6109375 0.6010416666666667 0.065625 0.08958333333333333
1 0.70390625 0.85625 0.0609375 0.08958333333333333
1 0.596875 0.06927083333333334 0.06875 0.096875
1 0.9109375 0.940625 0.065625 0.09166666666666666
1 0.43984375 0.1828125 0.0703125 0.103125
1 0.16640625 0.6458333333333334 0.0671875 0.0875
1 0.2890625 0.2140625 0.078125 0.08854166666666667
1 0.2890625 0.3072916666666667 0.0671875 0.0875
1 0.663671875 0.2015625 0.07890625 0.103125
1 0.94140625 0.753125 0.0625 0.09375
1 0.168359375 0.528125 0.06015625 0.08541666666666667
1 0.5171875 0.45416666666666666 0.06875 0.09583333333333334
1 0.099609375 0.29583333333333334 0.07109375 0.08958333333333333
1 0.664453125 0.4473958333333333 0.06796875 0.08020833333333334
1 0.69765625 0.3765625 0.0609375 0.084375
1 0.078515625 0.528125 0.07265625 0.09375
1 0.824609375 0.71875 0.06796875 0.09166666666666666
1 0.240625 0.36041666666666666 0.06875 0.10625
1 0.88984375 0.11302083333333333 0.06875 0.090625
1 0.7 0.559375 0.0640625 0.08541666666666667
1 0.16953125 0.2989583333333333 0.0640625 0.07916666666666666
1 0.08984375 0.871875 0.0671875 0.08541666666666667
1 0.576171875 0.6734375 0.06328125 0.09270833333333334
1 0.5234375 0.14375 0.075 0.1
1 0.21953125 0.2125 0.0640625 0.08333333333333333
1 0.24140625 0.12760416666666666 0.071875 0.08854166666666667
1 0.51328125 0.33697916666666666 0.0734375 0.090625
1 0.58125 0.471875 0.059375 0.08125
1 0.735546875 0.16927083333333334 0.07109375 0.096875
1 0.4828125 0.07135416666666666 0.059375 0.078125
1 0.35 0.27239583333333334 0.0625 0.09479166666666666
1 0.31484375 0.7270833333333333 0.0671875 0.09166666666666666
1 0.730859375 0.9401041666666666 0.06328125 0.08229166666666667
1 0.1734375 0.3859375 0.0734375 0.096875
1 0.107421875 0.03958333333333333 0.06484375 0.07916666666666666
1 0.43515625 0.7427083333333333 0.071875 0.09375
1 0.235546875 0.6703125 0.06484375 0.09479166666666666
1 0.267578125 0.04375 0.06484375 0.0875
1 0.183984375 0.921875 0.06953125 0.09791666666666667
1 0.0671875 0.1203125 0.075 0.10729166666666666
1 0.634375 0.5177083333333333 0.0625 0.0875
1 0.6265625 0.9197916666666667 0.075 0.10208333333333333
1 0.96875 0.23229166666666667 0.0625 0.09375
1 0.69765625 0.7614583333333333 0.0671875 0.09375
1 0.028515625 0.71875 0.05703125 0.1
1 0.315625 0.475 0.071875 0.10625
1 0.384375 0.3515625 0.0625 0.084375
1 0.7546875 0.259375 0.0625 0.09375
2 0.90390625 0.5458333333333333 0.1453125 0.1625
1 0.483203125 0.8098958333333334 0.06171875 0.08854166666666667
1 0.88125 0.20208333333333334 0.0734375 0.09166666666666666
1 0.312890625 0.8213541666666667 0.06953125 0.09270833333333334
1 0.609375 0.8114583333333333 0.065625 0.08541666666666667
1 0.5125 0.6302083333333334 0.0703125 0.09791666666666667
1 0.382421875 0.5244791666666667 0.07109375 0.09895833333333333
1 0.7890625 0.8916666666666667 0.06875 0.09583333333333334
1 0.129296875 0.45677083333333335 0.06484375 0.103125
1 0.027734375 0.8427083333333333 0.05546875 0.09791666666666667
1 0.589453125 0.17552083333333332 0.06796875 0.09895833333333333
1 0.130078125 0.19479166666666667 0.06484375 0.09166666666666666
1 0.87109375 0.6604166666666667 0.071875 0.09166666666666666
1 0.7609375 0.3932291666666667 0.0625 0.08854166666666667
1 0.52265625 0.9125 0.0703125 0.1
1 0.44765625 0.32864583333333336 0.0625 0.08854166666666667
1 0.81796875 0.5833333333333334 0.0640625 0.09583333333333334
1 0.48984375 0.5364583333333334 0.0703125 0.09375
1 0.16875 0.109375 0.06875 0.09166666666666666
1 0.2296875 0.4828125 0.071875 0.09895833333333333
1 0.40625 0.61875 0.0640625 0.08958333333333333
1 0.815625 0.09791666666666667 0.065625 0.09375
1 0.696875 0.29010416666666666 0.0703125 0.09479166666666666
1 0.780859375 0.8015625 0.06953125 0.08854166666666667
1 0.387109375 0.8229166666666666 0.07109375 0.10416666666666667
1 0.62734375 0.690625 0.0671875 0.09375
1 0.1171875 0.9520833333333333 0.065625 0.09166666666666666
1 0.68671875 0.09479166666666666 0.0578125 0.08541666666666667
1 0.72890625 0.478125 0.0765625 0.09375
2 0.0625 0.4083333333333333 0.125 0.19583333333333333
1 0.87578125 0.7770833333333333 0.0609375 0.09375
1 0.18203125 0.8260416666666667 0.0703125 0.09375
1 0.692578125 0.6541666666666667 0.06640625 0.09583333333333334
1 0.971875 0.9364583333333333 0.05625 0.09791666666666667
1 0.75234375 0.05364583333333333 0.0703125 0.10520833333333333
1 0.028125 0.5875 0.05625 0.09583333333333334