2 0.092578125 0.6520833333333333 0.18515625 0.30416666666666664
1 0.566015625 0.05364583333333333 0.09609375 0.10520833333333333
0 0.233984375 0.23385416666666667 0.06328125 0.07604166666666666
2 0.840625 0.125 0.3171875 0.25
0 0.1640625 0.17604166666666668 0.0203125 0.022916666666666665
2 0.6390625 0.05625 0.06875 0.1125
0 0.05625 0.0140625 0.0734375 0.028125
0 0.97890625 0.9614583333333333 0.0421875 0.07291666666666667
2 0.0296875 0.521875 0.059375 0.10208333333333333
2 0.29765625 0.953125 0.1609375 0.08958333333333333
2 0.98984375 0.5026041666666666 0.0203125 0.11979166666666667
2 0.97265625 0.2734375 0.053125 0.14895833333333333
2 0.335546875 0.25 0.15859375 0.19583333333333333
2 0.97890625 0.9625 0.0421875 0.075
2 0.8640625 0.06510416666666667 0.0984375 0.128125
0 0.60546875 0.5588541666666667 0.0828125 0.09895833333333333
1 0.017578125 0.6583333333333333 0.03359375 0.12916666666666668
2 0.18046875 0.090625 0.0828125 0.12291666666666666
2 0.214453125 0.0359375 0.14609375 0.06979166666666667
2 0.573046875 0.059375 0.24765625 0.11875
2 0.778125 0.06979166666666667 0.1078125 0.13125
2 0.017578125 0.6546875 0.03359375 0.13020833333333334
2 0.237109375 0.9463541666666667 0.31015625 0.10729166666666666
2 0.059375 0.23125 0.071875 0.10833333333333334
0 0.06640625 0.42135416666666664 0.01875 0.030208333333333334
2 0.145703125 0.9119791666666667 0.13671875 0.171875
2 0.2046875 0.07916666666666666 0.175 0.15833333333333333
2 0.64375 0.39166666666666666 0.078125 0.1125
0 0.98984375 0.5046875 0.0203125 0.09479166666666666
2 0.037109375 0.9697916666666667 0.07421875 0.06041666666666667
2 0.43515625 0.859375 0.0765625 0.10625
0 0.1234375 0.3421875 0.025 0.028125
2 0.965234375 0.340625 0.06953125 0.30625
0 0.285546875 0.022395833333333334 0.02421875 0.034375
2 0.84140625 0.775 0.29375 0.44166666666666665
0 0.428515625 0.9895833333333334 0.05390625 0.020833333333333332
1 0.028125 0.146875 0.0546875 0.09583333333333334
2 0.703125 0.7145833333333333 0.0921875 0.175
0 0.5734375 0.3489583333333333 0.0453125 0.029166666666666667
2 0.409375 0.15364583333333334 0.1890625 0.24270833333333333
2 0.859375 0.20052083333333334 0.0953125 0.140625
2 0.9078125 0.44583333333333336 0.06875 0.10416666666666667
2 0.4671875 0.6989583333333333 0.134375 0.22708333333333333
2 0.29921875 0.3640625 0.1328125 0.215625
2 0.833203125 0.6375 0.16640625 0.20833333333333334
2 0.50546875 0.24010416666666667 0.1390625 0.20729166666666668
2 0.84375 0.45625 0.0828125 0.14583333333333334
2 0.1921875 0.37864583333333335 0.1421875 0.22395833333333334
2 0.585546875 0.721875 0.17578125 0.26458333333333334
2 0.434375 0.4161458333333333 0.15 0.18645833333333334
2 0.3984375 0.5770833333333333 0.16875 0.18333333333333332