1 0.43828125 0.0109375 0.0703125 0.021875
2 0.994140625 0.9380208333333333 0.01171875 0.12395833333333334
1 0.966015625 0.9864583333333333 0.06796875 0.027083333333333334
0 0.273046875 0.9916666666666667 0.01796875 0.016666666666666666
1 0.90703125 0.7260416666666667 0.0703125 0.09375
1 0.012890625 0.7244791666666667 0.02578125 0.115625
1 0.0265625 0.24635416666666668 0.053125 0.10104166666666667
1 0.890625 0.011458333333333333 0.071875 0.022916666666666665
1 0.039453125 0.090625 0.06484375 0.10416666666666667
1 0.148828125 0.7786458333333334 0.05078125 0.08854166666666667
0 0.43203125 0.578125 0.0234375 0.025
0 0.00546875 0.565625 0.0109375 0.03333333333333333
0 0.83359375 0.41041666666666665 0.009375 0.016666666666666666
1 0.8765625 0.27239583333333334 0.071875 0.08854166666666667
1 0.01015625 0.6302083333333334 0.0203125 0.10208333333333333
1 0.009375 0.8625 0.01875 0.09583333333333334
1 0.31640625 0.5526041666666667 0.0671875 0.11145833333333334
2 0.453125 0.34375 0.06875 0.0875
1 0.78203125 0.5729166666666666 0.06875 0.1125
1 0.84140625 0.7739583333333333 0.0703125 0.09791666666666667
1 0.980859375 0.196875 0.03828125 0.15
1 0.564453125 0.9854166666666667 0.08359375 0.029166666666666667
1 0.81953125 0.33645833333333336 0.0609375 0.09791666666666667
2 0.53984375 0.7947916666666667 0.071875 0.09375
1 0.98984375 0.759375 0.0203125 0.09791666666666667
1 0.03515625 0.2875 0.06875 0.1
2 0.4578125 0.75 0.08125 0.09583333333333334
2 0.95625 0.11197916666666667 0.0796875 0.08645833333333333
0 0.02890625 0.75625 0.0234375 0.029166666666666667
1 0.61015625 0.775 0.0671875 0.10416666666666667
1 0.054296875 0.9229166666666667 0.08984375 0.14375
1 0.95078125 0.028125 0.0921875 0.05625
1 0.337890625 0.4708333333333333 0.06171875 0.07916666666666666
2 0.528125 0.34375 0.06875 0.09166666666666666
2 0.055859375 0.921875 0.09140625 0.14375
2 0.98125 0.19635416666666666 0.0375 0.153125
0 0.7390625 0.5359375 0.021875 0.030208333333333334
0 0.409375 0.021875 0.021875 0.029166666666666667
1 0.2640625 0.6973958333333333 0.059375 0.08645833333333333
2 0.68671875 0.6114583333333333 0.06875 0.10208333333333333
1 0.7421875 0.471875 0.06875 0.08125
1 0.3203125 0.6125 0.0890625 0.10833333333333334
1 0.22421875 0.38645833333333335 0.0609375 0.09375
0 0.58828125 0.029166666666666667 0.0234375 0.029166666666666667
2 0.9109375 0.6 0.071875 0.1375
1 0.02734375 0.7026041666666667 0.0515625 0.08229166666666667
2 0.1109375 0.3026041666666667 0.0796875 0.090625
1 0.93046875 0.37864583333333335 0.0609375 0.08854166666666667
1 0.015234375 0.022916666666666665 0.03046875 0.04583333333333333
2 0.13046875 0.584375 0.075 0.1
1 0.15234375 0.04583333333333333 0.0609375 0.08125
2 0.242578125 0.028645833333333332 0.08984375 0.057291666666666664
1 0.386328125 0.5286458333333334 0.06484375 0.08229166666666667
1 0.1765625 0.8697916666666666 0.0546875 0.07916666666666666
1 0.365234375 0.4890625 0.06171875 0.07604166666666666
1 0.84453125 0.7364583333333333 0.059375 0.08958333333333333
0 0.019140625 0.3625 0.02265625 0.03125
2 0.95234375 0.027604166666666666 0.09375 0.05520833333333333
2 0.18359375 0.4734375 0.084375 0.090625
1 0.73203125 0.42135416666666664 0.0703125 0.096875
1 0.509375 0.42083333333333334 0.06875 0.08333333333333333
1 0.19609375 0.6171875 0.0703125 0.084375
1 0.965625 0.4114583333333333 0.0671875 0.09583333333333334
0 0.095703125 0.45208333333333334 0.02265625 0.0375
1 0.1234375 0.7427083333333333 0.065625 0.08958333333333333
1 0.319140625 0.9651041666666667 0.06484375 0.06979166666666667
1 0.249609375 0.39375 0.06484375 0.09375
1 0.242578125 0.028645833333333332 0.08828125 0.057291666666666664
1 0.01640625 0.425 0.0328125 0.08958333333333333
1 0.95625 0.11197916666666667 0.0765625 0.090625
1 0.52734375 0.3458333333333333 0.0703125 0.09166666666666666
1 0.84375 0.04895833333333333 0.0515625 0.08541666666666667
1 0.212890625 0.8697916666666666 0.05859375 0.08541666666666667
1 0.6359375 0.3020833333333333 0.075 0.0875
2 0.603515625 0.5489583333333333 0.08515625 0.09791666666666667
1 0.200390625 0.565625 0.06015625 0.07708333333333334
1 0.3671875 0.06510416666666667 0.071875 0.09270833333333334
2 0.41953125 0.8447916666666667 0.0828125 0.10416666666666667
1 0.97421875 0.5791666666666667 0.0515625 0.09166666666666666
1 0.096875 0.19010416666666666 0.0765625 0.12395833333333334
1 0.60234375 0.55 0.084375 0.09583333333333334
1 0.6921875 0.5239583333333333 0.065625 0.08541666666666667
1 0.79296875 0.6302083333333334 0.0625 0.08541666666666667
1 0.94296875 0.25625 0.0625 0.08333333333333333
1 0.163671875 0.23072916666666668 0.06015625 0.096875
1 0.63515625 0.06041666666666667 0.0859375 0.10208333333333333
1 0.91015625 0.6 0.071875 0.14166666666666666
1 0.61171875 0.6947916666666667 0.0765625 0.11458333333333333
1 0.3296875 0.3 0.075 0.10833333333333334
1 0.8515625 0.46927083333333336 0.0671875 0.11354166666666667
1 0.90234375 0.18645833333333334 0.065625 0.08125
1 0.18046875 0.4713541666666667 0.0890625 0.09270833333333334
1 0.90234375 0.7786458333333334 0.0703125 0.084375
1 0.91015625 0.95 0.0765625 0.09583333333333334
1 0.97421875 0.31927083333333334 0.0515625 0.096875
1 0.80703125 0.04375 0.0640625 0.08541666666666667
1 0.34453125 0.8708333333333333 0.0625 0.08333333333333333
1 0.620703125 0.959375 0.08046875 0.08125
1 0.80859375 0.9380208333333333 0.0671875 0.090625
1 0.153515625 0.3776041666666667 0.06484375 0.084375
1 0.30234375 0.709375 0.065625 0.09375
1 0.69453125 0.9348958333333334 0.0734375 0.11145833333333334
1 0.38203125 0.7645833333333333 0.0640625 0.0875
1 0.4515625 0.34322916666666664 0.06875 0.08645833333333333
1 0.387109375 0.95 0.07109375 0.09166666666666666
1 0.17265625 0.7953125 0.0546875 0.08854166666666667
1 0.210546875 0.22239583333333332 0.06171875 0.09479166666666666
1 0.130078125 0.940625 0.07734375 0.10208333333333333
1 0.455859375 0.7520833333333333 0.08515625 0.1
1 0.130859375 0.5828125 0.07421875 0.096875
1 0.56640625 0.1046875 0.0671875 0.10520833333333333
1 0.103515625 0.0828125 0.06640625 0.08645833333333333
1 0.249609375 0.515625 0.06484375 0.08958333333333333
1 0.525 0.049479166666666664 0.084375 0.09270833333333334
1 0.060546875 0.38177083333333334 0.06796875 0.084375
1 0.4453125 0.4744791666666667 0.075 0.08645833333333333
1 0.386328125 0.6713541666666667 0.07421875 0.10520833333333333
1 0.034765625 0.5010416666666667 0.06796875 0.09791666666666667
1 0.58203125 0.4552083333333333 0.0765625 0.09791666666666667
1 0.486328125 0.5510416666666667 0.06484375 0.08541666666666667
1 0.85 0.584375 0.065625 0.09375
1 0.10859375 0.30572916666666666 0.0828125 0.09479166666666666
1 0.596875 0.37135416666666665 0.065625 0.08854166666666667
1 0.48984375 0.6489583333333333 0.0765625 0.10416666666666667
1 0.68515625 0.6072916666666667 0.0734375 0.10625
1 0.696875 0.26927083333333335 0.06875 0.090625
1 0.196484375 0.7130208333333333 0.06796875 0.096875
1 0.683203125 0.7104166666666667 0.06796875 0.09166666666666666
1 0.85390625 0.13125 0.0625 0.0875
1 0.8609375 0.8723958333333334 0.0703125 0.10104166666666667
1 0.0578125 0.6088541666666667 0.078125 0.10729166666666666
1 0.554296875 0.24739583333333334 0.06328125 0.090625
1 0.39765625 0.11510416666666666 0.075 0.09895833333333333
1 0.29765625 0.20729166666666668 0.075 0.09583333333333334
1 0.53828125 0.7973958333333333 0.0703125 0.090625
1 0.484375 0.25625 0.071875 0.09791666666666667
1 0.71484375 0.1875 0.0625 0.09166666666666666
1 0.678125 0.8020833333333334 0.06875 0.09166666666666666
1 0.665625 0.3723958333333333 0.071875 0.09479166666666666
1 0.4203125 0.21770833333333334 0.0765625 0.09791666666666667
2 0.5 0.9135416666666667 0.121875 0.16458333333333333
2 0.6328125 0.18802083333333333 0.1140625 0.14479166666666668