0 0.39609375 0.9895833333333334 0.0671875 0.020833333333333332
1 0.21875 0.9838541666666667 0.08125 0.03229166666666667
0 0.99453125 0.9875 0.0109375 0.025
0 0.140234375 0.44166666666666665 0.01171875 0.0125
1 0.159765625 0.0125 0.08828125 0.025
0 0.784765625 0.6963541666666667 0.02265625 0.026041666666666668
0 0.798828125 0.7239583333333334 0.01328125 0.027083333333333334
0 0.456640625 0.5859375 0.02890625 0.03854166666666667
0 0.499609375 0.24010416666666667 0.02734375 0.028125
0 0.3296875 0.08177083333333333 0.028125 0.034375
1 0.62109375 0.98125 0.0828125 0.0375
1 0.65625 0.6380208333333334 0.065625 0.08854166666666667
1 0.5078125 0.459375 0.075 0.09375
1 0.76484375 0.6083333333333333 0.059375 0.0875
1 0.012109375 0.8114583333333333 0.02421875 0.10208333333333333
1 0.98359375 0.15520833333333334 0.0328125 0.09583333333333334
0 0.144140625 0.41822916666666665 0.02265625 0.03229166666666667
1 0.47265625 0.9630208333333333 0.0765625 0.07395833333333333
1 0.053515625 0.03125 0.07578125 0.0625
1 0.126171875 0.06614583333333333 0.06953125 0.09270833333333334
1 0.971875 0.5442708333333334 0.0546875 0.09479166666666666
1 0.69609375 0.2947916666666667 0.0578125 0.08541666666666667
1 0.596875 0.2734375 0.078125 0.08854166666666667
1 0.4859375 0.035416666666666666 0.075 0.07083333333333333
1 0.103515625 0.5395833333333333 0.06484375 0.0875
1 0.474609375 0.5369791666666667 0.07421875 0.08854166666666667
1 0.263671875 0.9364583333333333 0.07890625 0.10625
1 0.022265625 0.09114583333333333 0.04453125 0.103125
1 0.66015625 0.03697916666666667 0.0703125 0.07395833333333333
1 0.6953125 0.6229166666666667 0.071875 0.09583333333333334
1 0.716015625 0.54375 0.07421875 0.0875
1 0.90234375 0.042708333333333334 0.0671875 0.08541666666666667
1 0.077734375 0.9442708333333333 0.08046875 0.103125
1 0.86484375 0.3177083333333333 0.078125 0.09791666666666667
1 0.541015625 0.21458333333333332 0.06328125 0.09791666666666667
1 0.476953125 0.18020833333333333 0.06796875 0.09166666666666666
1 0.75546875 0.2546875 0.0765625 0.09895833333333333
1 0.92109375 0.38958333333333334 0.0671875 0.08958333333333333
1 0.925 0.6041666666666666 0.084375 0.09583333333333334
1 0.198828125 0.0546875 0.07890625 0.09270833333333334
1 0.29765625 0.5010416666666667 0.06875 0.09375
1 0.88515625 0.9552083333333333 0.08125 0.08958333333333333
1 0.96875 0.3140625 0.0625 0.10729166666666666
1 0.69140625 0.13125 0.0671875 0.0875
1 0.220703125 0.23489583333333333 0.07734375 0.08854166666666667
1 0.12578125 0.221875 0.071875 0.09166666666666666
1 0.971875 0.44583333333333336 0.05625 0.10208333333333333
1 0.731640625 0.753125 0.07734375 0.09791666666666667
1 0.64296875 0.5348958333333333 0.0703125 0.10104166666666667
1 0.816015625 0.0375 0.08203125 0.075
1 0.6890625 0.9005208333333333 0.065625 0.08645833333333333
1 0.565625 0.34791666666666665 0.0734375 0.08958333333333333
1 0.622265625 0.11458333333333333 0.06484375 0.1
1 0.169140625 0.9145833333333333 0.07578125 0.09583333333333334
1 0.7609375 0.1015625 0.075 0.09895833333333333
1 0.405859375 0.06302083333333333 0.06484375 0.08854166666666667
1 0.081640625 0.14635416666666667 0.06640625 0.09270833333333334
1 0.456640625 0.8739583333333333 0.08515625 0.10625
1 0.130859375 0.7125 0.08203125 0.10416666666666667
1 0.374609375 0.5822916666666667 0.07578125 0.08958333333333333
1 0.39140625 0.9354166666666667 0.06875 0.09166666666666666
1 0.946875 0.8020833333333334 0.075 0.10208333333333333
1 0.269921875 0.8135416666666667 0.07109375 0.09791666666666667
1 0.17109375 0.5078125 0.06875 0.096875
1 0.928125 0.13125 0.078125 0.10208333333333333
1 0.1921875 0.4109375 0.078125 0.09270833333333334
1 0.9171875 0.23958333333333334 0.0765625 0.09583333333333334
1 0.660546875 0.7427083333333333 0.07578125 0.11458333333333333
1 0.6125 0.8364583333333333 0.075 0.09791666666666667
1 0.80234375 0.6052083333333333 0.0609375 0.08541666666666667
1 0.8046875 0.18020833333333333 0.0875 0.0875
1 0.748046875 0.8552083333333333 0.07890625 0.10625
1 0.5296875 0.11510416666666666 0.06875 0.096875
1 0.418359375 0.7833333333333333 0.07421875 0.09583333333333334
1 0.63828125 0.35885416666666664 0.071875 0.103125
1 0.034765625 0.45 0.06953125 0.1
1 0.408203125 0.18802083333333333 0.06015625 0.08645833333333333
1 0.36484375 0.2953125 0.0671875 0.09895833333333333
1 0.250390625 0.58125 0.07421875 0.09791666666666667
1 0.541796875 0.7572916666666667 0.07265625 0.09791666666666667
1 0.334375 0.17604166666666668 0.084375 0.1125
1 0.34609375 0.85625 0.0796875 0.10416666666666667
1 0.566796875 0.9197916666666667 0.07734375 0.09791666666666667
1 0.87109375 0.4895833333333333 0.071875 0.09583333333333334
1 0.404296875 0.4713541666666667 0.06953125 0.10104166666666667
1 0.036328125 0.24375 0.07265625 0.09791666666666667
1 0.20625 0.1453125 0.078125 0.084375
1 0.43203125 0.3416666666666667 0.071875 0.1
1 0.55 0.5895833333333333 0.078125 0.10208333333333333
1 0.28046875 0.321875 0.08125 0.10625
1 0.2046875 0.321875 0.075 0.08541666666666667
1 0.06484375 0.8395833333333333 0.084375 0.10416666666666667
1 0.14765625 0.8197916666666667 0.0765625 0.09583333333333334
1 0.5484375 0.43802083333333336 0.071875 0.096875
1 0.1671875 0.6072916666666667 0.078125 0.08958333333333333
1 0.398046875 0.6708333333333333 0.07421875 0.09375
1 0.062890625 0.6416666666666667 0.07578125 0.09375
1 0.89453125 0.7010416666666667 0.0890625 0.11041666666666666
1 0.06328125 0.33958333333333335 0.078125 0.09791666666666667
2 0.7390625 0.4041666666666667 0.15 0.20208333333333334