1 0.93359375 0.4953125 0.0828125 0.084375
1 0.809375 0.85 0.375 0.3
1 0.00859375 0.06458333333333334 0.0171875 0.1125
1 0.391796875 0.6802083333333333 0.06171875 0.08958333333333333
2 0.734375 0.984375 0.1171875 0.03125
1 0.2015625 0.765625 0.075 0.09583333333333334
1 0.17734375 0.8088541666666667 0.0640625 0.078125
1 0.4421875 0.40520833333333334 0.059375 0.11041666666666666
1 0.008203125 0.48072916666666665 0.01640625 0.09895833333333333
1 0.431640625 0.0125 0.08046875 0.025
1 0.27734375 0.7854166666666667 0.0734375 0.09583333333333334
1 0.4203125 0.16614583333333333 0.06875 0.08229166666666667
0 0.007421875 0.06614583333333333 0.01484375 0.08645833333333333
1 0.35859375 0.5640625 0.0640625 0.09270833333333334
1 0.50078125 0.013020833333333334 0.0765625 0.026041666666666668
1 0.44375 0.4427083333333333 0.05625 0.07291666666666667
1 0.108984375 0.96875 0.07421875 0.0625
0 0.987890625 0.9885416666666667 0.02421875 0.022916666666666665
1 0.804296875 0.9770833333333333 0.08359375 0.041666666666666664
1 0.015625 0.7401041666666667 0.03125 0.09895833333333333
1 0.9828125 0.4703125 0.034375 0.115625
1 0.0203125 0.6354166666666666 0.040625 0.09583333333333334
1 0.4703125 0.9635416666666666 0.075 0.07083333333333333
1 0.44140625 0.7005208333333334 0.0671875 0.08229166666666667
1 0.253515625 0.7421875 0.07265625 0.103125
1 0.409375 0.49375 0.065625 0.0875
1 0.6453125 0.8885416666666667 0.078125 0.08958333333333333
1 0.89609375 0.017708333333333333 0.0640625 0.035416666666666666
1 0.328125 0.8994791666666667 0.06875 0.08854166666666667
1 0.50390625 0.771875 0.0671875 0.08541666666666667
1 0.340625 0.9697916666666667 0.0890625 0.06041666666666667
1 0.298046875 0.33489583333333334 0.09140625 0.115625
1 0.978125 0.7072916666666667 0.040625 0.09375
1 0.068359375 0.6494791666666667 0.07890625 0.09270833333333334
1 0.628125 0.9614583333333333 0.071875 0.07708333333333334
1 0.39375 0.59375 0.0671875 0.10208333333333333
1 0.89609375 0.0734375 0.0640625 0.090625
1 0.0234375 0.38958333333333334 0.046875 0.09791666666666667
1 0.356640625 0.6895833333333333 0.07109375 0.09166666666666666
1 0.959375 0.0390625 0.0796875 0.07604166666666666
1 0.172265625 0.5677083333333334 0.07421875 0.09583333333333334
1 0.744140625 0.7276041666666667 0.09296875 0.10729166666666666
1 0.580859375 0.078125 0.06484375 0.09375
1 0.503125 0.29375 0.071875 0.11666666666666667
1 0.480078125 0.08645833333333333 0.07578125 0.10208333333333333
1 0.49296875 0.38229166666666664 0.0640625 0.07708333333333334
1 0.097265625 0.896875 0.07421875 0.09375
1 0.81171875 0.778125 0.075 0.08958333333333333
1 0.101953125 0.2604166666666667 0.07265625 0.08333333333333333
1 0.4546875 0.625 0.075 0.10416666666666667
1 0.03359375 0.8213541666666667 0.0671875 0.10520833333333333
1 0.10859375 0.0421875 0.078125 0.08229166666666667
1 0.209375 0.05520833333333333 0.065625 0.0875
1 0.80703125 0.32447916666666665 0.0859375 0.10104166666666667
1 0.86953125 0.7609375 0.0609375 0.08229166666666667
1 0.26796875 0.875 0.0734375 0.09166666666666666
1 0.7015625 0.7927083333333333 0.078125 0.1
1 0.092578125 0.7270833333333333 0.06953125 0.09375
1 0.4140625 0.3171875 0.075 0.096875
1 0.112890625 0.8114583333333333 0.07421875 0.09791666666666667
1 0.92734375 0.5677083333333334 0.0765625 0.10416666666666667
1 0.066015625 0.340625 0.08203125 0.09166666666666666
1 0.84609375 0.10416666666666667 0.0703125 0.09375
2 0.824609375 0.6713541666666667 0.09296875 0.121875
1 0.0953125 0.17447916666666666 0.071875 0.08854166666666667
1 0.953125 0.771875 0.071875 0.09583333333333334
1 0.384375 0.4109375 0.06875 0.11145833333333334
1 0.08828125 0.5635416666666667 0.0734375 0.10625
1 0.61015625 0.40208333333333335 0.0734375 0.1
1 0.3546875 0.17760416666666667 0.071875 0.096875
1 0.626953125 0.071875 0.06953125 0.10416666666666667
1 0.782421875 0.07916666666666666 0.07109375 0.1
1 0.47265625 0.2109375 0.0796875 0.09895833333333333
1 0.2703125 0.0921875 0.078125 0.096875
1 0.805078125 0.20520833333333333 0.06953125 0.09791666666666667
1 0.4875 0.8838541666666667 0.06875 0.109375
2 0.53515625 0.5479166666666667 0.1296875 0.2125
1 0.15625 0.14895833333333333 0.0703125 0.09583333333333334
1 0.815625 0.38645833333333335 0.06875 0.09375
1 0.758203125 0.5708333333333333 0.08515625 0.125
1 0.925 0.284375 0.0828125 0.10625