1 0.9921875 0.20104166666666667 0.015625 0.08958333333333333
1 0.608203125 0.6875 0.06953125 0.09375
1 0.069921875 0.31197916666666664 0.07421875 0.10520833333333333
0 0.97734375 0.990625 0.0421875 0.01875
1 0.3515625 0.35104166666666664 0.0625 0.09375
1 0.9640625 0.0265625 0.06875 0.053125
1 0.774609375 0.8864583333333333 0.06484375 0.10208333333333333
1 0.675 0.0609375 0.0625 0.10520833333333333
2 0.4765625 0.3260416666666667 0.0734375 0.09791666666666667
1 0.028515625 0.21145833333333333 0.05703125 0.11041666666666666
1 0.44765625 0.58125 0.0546875 0.09583333333333334
2 0.061328125 0.496875 0.08828125 0.10208333333333333
1 0.34921875 0.4401041666666667 0.075 0.109375
1 0.53359375 0.48802083333333335 0.0765625 0.08854166666666667
1 0.80859375 0.8614583333333333 0.0640625 0.11458333333333333
1 0.9625 0.07864583333333333 0.0609375 0.084375
1 0.67109375 0.9151041666666667 0.065625 0.09270833333333334
2 0.065234375 0.7104166666666667 0.08828125 0.12083333333333333
0 0.465234375 0.06875 0.02421875 0.035416666666666666
1 0.975 0.12239583333333333 0.05 0.090625
0 0.875 0.10729166666666666 0.0453125 0.05416666666666667
1 0.01875 0.2859375 0.0375 0.10729166666666666
2 0.51015625 0.9447916666666667 0.0828125 0.10625
1 0.769921875 0.5447916666666667 0.09296875 0.13125
1 0.476953125 0.68125 0.08515625 0.10416666666666667
2 0.807421875 0.6375 0.07421875 0.09166666666666666
1 0.47421875 0.325 0.0703125 0.09583333333333334
1 0.069140625 0.2604166666666667 0.07265625 0.09583333333333334
1 0.51015625 0.9427083333333334 0.0796875 0.11041666666666666
1 0.403125 0.19427083333333334 0.0875 0.115625
0 0.432421875 0.040625 0.02265625 0.03125
1 0.298046875 0.34270833333333334 0.07265625 0.08958333333333333
1 0.221875 0.9677083333333333 0.0828125 0.06458333333333334
0 0.86484375 0.05364583333333333 0.0203125 0.026041666666666668
1 0.1375 0.9317708333333333 0.0578125 0.11145833333333334
1 0.119921875 0.46770833333333334 0.06953125 0.10208333333333333
1 0.097265625 0.8645833333333334 0.06015625 0.08958333333333333
1 0.166015625 0.4734375 0.05859375 0.08229166666666667
1 0.130859375 0.2708333333333333 0.06171875 0.09166666666666666
1 0.03515625 0.8791666666666667 0.0640625 0.09375
1 0.6640625 0.840625 0.065625 0.09791666666666667
1 0.021875 0.6416666666666667 0.04375 0.10416666666666667
1 0.3984375 0.027604166666666666 0.075 0.05520833333333333
1 0.806640625 0.6364583333333333 0.07265625 0.08958333333333333
1 0.1984375 0.7625 0.090625 0.10833333333333334
1 0.4921875 0.58125 0.0625 0.1125
1 0.648828125 0.12916666666666668 0.06171875 0.0875
1 0.88515625 0.37604166666666666 0.071875 0.09166666666666666
1 0.58046875 0.6083333333333333 0.0796875 0.10833333333333334
1 0.45625 0.7770833333333333 0.0625 0.10416666666666667
1 0.37578125 0.6833333333333333 0.0734375 0.08958333333333333
1 0.365625 0.7729166666666667 0.08125 0.09583333333333334
1 0.780859375 0.04010416666666667 0.06484375 0.08020833333333334
1 0.10703125 0.6375 0.0734375 0.1
1 0.54609375 0.8390625 0.0734375 0.10104166666666667
1 0.0640625 0.709375 0.0890625 0.11666666666666667
1 0.964453125 0.6859375 0.07109375 0.14895833333333333
1 0.91484375 0.903125 0.0796875 0.09166666666666666
1 0.419140625 0.4786458333333333 0.08359375 0.10104166666666667
1 0.65625 0.4901041666666667 0.0625 0.084375
1 0.93984375 0.31979166666666664 0.0546875 0.09375
1 0.056640625 0.4953125 0.07890625 0.09895833333333333
1 0.7578125 0.22864583333333333 0.084375 0.096875
1 0.283203125 0.04479166666666667 0.06015625 0.0875
1 0.30703125 0.11614583333333334 0.0828125 0.10520833333333333
1 0.096875 0.3796875 0.09375 0.09895833333333333
1 0.7234375 0.6848958333333334 0.071875 0.10520833333333333
1 0.90234375 0.5791666666666667 0.0828125 0.10416666666666667
1 0.264453125 0.6005208333333333 0.08984375 0.11354166666666667
1 0.33828125 0.259375 0.0796875 0.11458333333333333
2 0.609375 0.4010416666666667 0.103125 0.14375