2 0.928125 0.7833333333333333 0.1265625 0.24166666666666667
1 0.696875 0.2859375 0.071875 0.11145833333333334
0 0.6421875 0.9869791666666666 0.078125 0.026041666666666668
0 0.98671875 0.6119791666666666 0.0265625 0.103125
1 0.98515625 0.7463541666666667 0.0296875 0.09895833333333333
2 0.67578125 0.7776041666666667 0.05625 0.11145833333333334
2 0.435546875 0.490625 0.06640625 0.10208333333333333
2 0.5828125 0.06822916666666666 0.0625 0.090625
2 0.805078125 0.9708333333333333 0.07265625 0.05416666666666667
1 0.582421875 0.0671875 0.06484375 0.08854166666666667
1 0.67578125 0.7760416666666666 0.05625 0.10833333333333334
1 0.299609375 0.3697916666666667 0.06015625 0.09166666666666666
2 0.299609375 0.3697916666666667 0.05703125 0.09375
2 0.643359375 0.9880208333333333 0.07734375 0.023958333333333335
2 0.3421875 0.13541666666666666 0.0671875 0.12083333333333333
1 0.86328125 0.46197916666666666 0.06875 0.08854166666666667
2 0.6578125 0.3765625 0.06875 0.103125
2 0.1359375 0.016145833333333335 0.1078125 0.03229166666666667
2 0.986328125 0.6135416666666667 0.02734375 0.12291666666666666
2 0.59765625 0.425 0.1109375 0.14375
2 0.92890625 0.8322916666666667 0.09375 0.13958333333333334
0 0.46484375 0.38645833333333335 0.0203125 0.035416666666666666
1 0.112890625 0.07239583333333334 0.08359375 0.096875
2 0.634375 0.5916666666666667 0.0703125 0.11041666666666666
1 0.268359375 0.759375 0.06015625 0.08958333333333333
1 0.43515625 0.4890625 0.06875 0.103125
2 0.327734375 0.571875 0.06328125 0.08125
1 0.8046875 0.9708333333333333 0.071875 0.05416666666666667
0 0.994921875 0.25885416666666666 0.01015625 0.071875
2 0.634375 0.22083333333333333 0.071875 0.0875
1 0.09296875 0.625 0.075 0.09583333333333334
2 0.65625 0.0390625 0.0734375 0.07604166666666666
2 0.56484375 0.27447916666666666 0.0671875 0.08645833333333333
2 0.01875 0.94375 0.0375 0.10833333333333334
1 0.664453125 0.12239583333333333 0.07265625 0.096875
0 0.32734375 0.5713541666666667 0.0625 0.07395833333333333
0 0.341796875 0.134375 0.06953125 0.11875
2 0.68515625 0.5458333333333333 0.0703125 0.10416666666666667
2 0.290625 0.98125 0.1484375 0.0375
2 0.284765625 0.475 0.07890625 0.10208333333333333
0 0.591015625 0.5833333333333334 0.02109375 0.03125
1 0.035546875 0.05260416666666667 0.07109375 0.09270833333333334
0 0.57109375 0.9875 0.0703125 0.025
0 0.994921875 0.06041666666666667 0.01015625 0.06458333333333334
1 0.585546875 0.15364583333333334 0.08203125 0.09479166666666666
1 0.366015625 0.5140625 0.07109375 0.090625
2 0.040234375 0.8447916666666667 0.08046875 0.10625
2 0.21796875 0.0625 0.1109375 0.12083333333333333
1 0.5640625 0.2734375 0.06875 0.08645833333333333
2 0.665625 0.12135416666666667 0.075 0.096875
2 0.02734375 0.6161458333333333 0.053125 0.11145833333333334
2 0.5875 0.15364583333333334 0.08125 0.096875
0 0.72890625 0.9901041666666667 0.0515625 0.019791666666666666
0 0.71796875 0.5989583333333334 0.0203125 0.027083333333333334
1 0.634375 0.22083333333333333 0.071875 0.0875
0 0.5421875 0.63125 0.01875 0.025
2 0.41640625 0.0234375 0.1265625 0.046875
2 0.36640625 0.5130208333333334 0.0703125 0.09479166666666666
2 0.32734375 0.7984375 0.08125 0.109375
2 0.26796875 0.7604166666666666 0.059375 0.08958333333333333
0 0.096484375 0.134375 0.02578125 0.035416666666666666
2 0.315625 0.2791666666666667 0.059375 0.0875
2 0.512890625 0.5578125 0.06796875 0.09270833333333334
1 0.632421875 0.590625 0.06953125 0.10625
0 0.446875 0.3885416666666667 0.0265625 0.04791666666666667
0 0.82421875 0.8135416666666667 0.0625 0.08125
1 0.658203125 0.378125 0.07265625 0.09791666666666667
2 0.7109375 0.45625 0.0796875 0.09583333333333334
2 0.08671875 0.39479166666666665 0.0546875 0.09375
2 0.11484375 0.07239583333333334 0.0890625 0.09479166666666666
2 0.697265625 0.284375 0.07265625 0.11041666666666666
2 0.8625 0.4630208333333333 0.0703125 0.08854166666666667
2 0.90546875 0.04114583333333333 0.0703125 0.08020833333333334
2 0.49921875 0.23697916666666666 0.06875 0.11145833333333334
0 0.6484375 0.296875 0.0296875 0.035416666666666666
0 0.3125 0.6291666666666667 0.0296875 0.04375
2 0.503125 0.3984375 0.075 0.13645833333333332
2 0.5109375 0.04739583333333333 0.084375 0.09479166666666666
2 0.78515625 0.5322916666666667 0.0671875 0.09375
2 0.039453125 0.7375 0.07734375 0.1125
2 0.95390625 0.5427083333333333 0.0796875 0.10208333333333333
2 0.09296875 0.6255208333333333 0.0765625 0.09895833333333333
1 0.03984375 0.8453125 0.0796875 0.10729166666666666
2 0.74140625 0.89375 0.096875 0.16666666666666666
2 0.096875 0.9604166666666667 0.075 0.07916666666666666
1 0.684765625 0.546875 0.06796875 0.10416666666666667
2 0.355078125 0.4244791666666667 0.06640625 0.090625
2 0.240625 0.8604166666666667 0.08125 0.125
1 0.284375 0.47604166666666664 0.0796875 0.10208333333333333
2 0.25546875 0.5619791666666667 0.0765625 0.084375
2 0.83359375 0.0828125 0.0703125 0.11354166666666667
2 0.95390625 0.36614583333333334 0.0890625 0.10729166666666666
2 0.396484375 0.2791666666666667 0.08828125 0.10416666666666667
2 0.87890625 0.9479166666666666 0.0875 0.10416666666666667
2 0.44453125 0.6447916666666667 0.0953125 0.13125
2 0.358984375 0.6942708333333333 0.08046875 0.103125
2 0.780078125 0.18854166666666666 0.08828125 0.10208333333333333
2 0.22578125 0.25 0.078125 0.1
2 0.1625 0.4661458333333333 0.103125 0.159375
2 0.4671875 0.7890625 0.1203125 0.15729166666666666
2 0.92109375 0.1875 0.1578125 0.20833333333333334
2 0.40703125 0.9020833333333333 0.1359375 0.17083333333333334
2 0.584375 0.8145833333333333 0.140625 0.20833333333333334
2 0.17265625 0.6458333333333334 0.090625 0.12083333333333333
2 0.0984375 0.25 0.15625 0.19166666666666668
2 0.744921875 0.6927083333333334 0.14921875 0.18541666666666667