2 0.1390625 0.9614583333333333 0.08125 0.07291666666666667
1 0.077734375 0.20520833333333333 0.06953125 0.09375
0 0.02265625 0.9598958333333333 0.0453125 0.08020833333333334
0 0.567578125 0.471875 0.06640625 0.08541666666666667
1 0.7515625 0.0390625 0.0625 0.078125
2 0.055859375 0.190625 0.11015625 0.20833333333333334
2 0.66328125 0.07291666666666667 0.121875 0.14583333333333334
1 0.017578125 0.7098958333333333 0.03359375 0.10104166666666667
1 0.277734375 0.17083333333333334 0.06953125 0.08125
2 0.94375 0.03125 0.0859375 0.0625
2 0.085546875 0.016145833333333335 0.11328125 0.03229166666666667
0 0.799609375 0.0078125 0.05078125 0.015625
2 0.8640625 0.39895833333333336 0.0625 0.08541666666666667
2 0.22578125 0.17135416666666667 0.4515625 0.34270833333333334
1 0.065234375 0.24947916666666667 0.12890625 0.3177083333333333
1 0.5296875 0.053125 0.08125 0.1
1 0.655859375 0.6979166666666666 0.08046875 0.10208333333333333
0 0.86875 0.24791666666666667 0.075 0.07916666666666666
0 0.821875 0.20260416666666667 0.065625 0.09895833333333333
2 0.8109375 0.23333333333333334 0.3765625 0.4666666666666667
1 0.73125 0.6302083333333334 0.0578125 0.08958333333333333
2 0.366796875 0.10208333333333333 0.21484375 0.20416666666666666
0 0.17578125 0.3640625 0.0734375 0.096875
2 0.465625 0.16614583333333333 0.5546875 0.33229166666666665
2 0.459375 0.30572916666666666 0.065625 0.09895833333333333
2 0.787109375 0.440625 0.07265625 0.08958333333333333
1 0.94296875 0.030729166666666665 0.0828125 0.06145833333333333
2 0.52890625 0.9697916666666667 0.0796875 0.058333333333333334
1 0.378125 0.16041666666666668 0.078125 0.0875
2 0.784375 0.08072916666666667 0.0625 0.096875
2 0.9875 0.30416666666666664 0.025 0.09583333333333334
2 0.122265625 0.8770833333333333 0.06953125 0.1
0 0.459765625 0.30572916666666666 0.06796875 0.10104166666666667
0 0.98671875 0.9864583333333333 0.0265625 0.022916666666666665
2 0.989453125 0.9328125 0.02109375 0.121875
1 0.777734375 0.65625 0.07734375 0.1125
1 0.5 0.41041666666666665 0.071875 0.09791666666666667
0 0.022265625 0.8567708333333334 0.04453125 0.10104166666666667
1 0.084765625 0.3546875 0.06796875 0.08229166666666667
1 0.1265625 0.7171875 0.084375 0.109375
2 0.514453125 0.13072916666666667 0.07890625 0.09895833333333333
2 0.680078125 0.9114583333333334 0.07734375 0.08541666666666667
1 0.459375 0.30572916666666666 0.0671875 0.10104166666666667
0 0.005859375 0.5489583333333333 0.01171875 0.06458333333333334
1 0.8234375 0.203125 0.065625 0.10208333333333333
1 0.022265625 0.9609375 0.04453125 0.078125
2 0.5421875 0.559375 0.0671875 0.09166666666666666
1 0.17734375 0.3645833333333333 0.0734375 0.09791666666666667
1 0.342578125 0.8895833333333333 0.07890625 0.10416666666666667
0 0.005859375 0.48541666666666666 0.01171875 0.07083333333333333
2 0.56640625 0.471875 0.065625 0.08958333333333333
1 0.19453125 0.9729166666666667 0.0734375 0.05
1 0.1390625 0.9578125 0.078125 0.08020833333333334
2 0.95078125 0.3802083333333333 0.0828125 0.11875
1 0.528125 0.96875 0.078125 0.058333333333333334
1 0.108203125 0.42916666666666664 0.08671875 0.1125
2 0.165625 0.6229166666666667 0.0578125 0.10833333333333334
1 0.86796875 0.246875 0.075 0.08125
1 0.513671875 0.1296875 0.07890625 0.09479166666666666
2 0.529296875 0.051041666666666666 0.07734375 0.09375
2 0.554296875 0.8942708333333333 0.07421875 0.103125
0 0.16640625 0.621875 0.0609375 0.10625
2 0.959765625 0.08125 0.08046875 0.10625
1 0.41640625 0.24791666666666667 0.0609375 0.09583333333333334
2 0.01640625 0.7083333333333334 0.0328125 0.1
2 0.060546875 0.578125 0.07109375 0.10416666666666667
0 0.3921875 0.9859375 0.05625 0.028125
0 0.72734375 0.2578125 0.0609375 0.071875
0 0.4078125 0.9760416666666667 0.0125 0.014583333333333334
2 0.382421875 0.6020833333333333 0.10390625 0.13333333333333333
0 0.08671875 0.9890625 0.05 0.021875
2 0.169140625 0.15260416666666668 0.12421875 0.11770833333333333
2 0.840625 0.31197916666666664 0.075 0.08854166666666667
2 0.779296875 0.6546875 0.07421875 0.115625
1 0.88359375 0.6671875 0.08125 0.096875
2 0.2484375 0.31979166666666664 0.0765625 0.08541666666666667
1 0.059375 0.5770833333333333 0.0703125 0.10416666666666667
0 0.98671875 0.30572916666666666 0.025 0.09270833333333334
1 0.021875 0.8567708333333334 0.04375 0.09895833333333333
1 0.63828125 0.41875 0.0671875 0.09166666666666666
2 0.2859375 0.24739583333333334 0.075 0.096875
2 0.65625 0.6953125 0.08125 0.10104166666666667
1 0.8390625 0.31145833333333334 0.075 0.08958333333333333
1 0.86953125 0.9208333333333333 0.0625 0.075
1 0.24765625 0.3203125 0.0734375 0.084375
1 0.553125 0.8947916666666667 0.075 0.10208333333333333
1 0.88671875 0.9739583333333334 0.075 0.04791666666666667
2 0.728125 0.25625 0.0625 0.07083333333333333
1 0.86328125 0.39947916666666666 0.0625 0.08020833333333334
1 0.096484375 0.28072916666666664 0.07109375 0.07604166666666666
2 0.801953125 0.53125 0.08203125 0.11666666666666667
1 0.5078125 0.2359375 0.0625 0.09270833333333334
2 0.8828125 0.6671875 0.0828125 0.09895833333333333
2 0.61484375 0.20625 0.1265625 0.13958333333333334
1 0.871875 0.4942708333333333 0.0703125 0.096875
2 0.029296875 0.39479166666666665 0.05859375 0.11041666666666666
1 0.359375 0.05572916666666667 0.059375 0.09479166666666666
1 0.94921875 0.38333333333333336 0.08125 0.1125
1 0.786328125 0.4401041666666667 0.07421875 0.090625
1 0.284375 0.9604166666666667 0.0625 0.07291666666666667
1 0.296875 0.7807291666666667 0.0875 0.08854166666666667
1 0.81328125 0.90625 0.059375 0.09583333333333334
2 0.108984375 0.4276041666666667 0.08671875 0.11770833333333333
1 0.5421875 0.559375 0.065625 0.08958333333333333
0 0.097265625 0.28229166666666666 0.07578125 0.075
1 0.678125 0.9104166666666667 0.078125 0.0875
2 0.2421875 0.896875 0.090625 0.12291666666666666
2 0.48828125 0.48854166666666665 0.0875 0.13125
2 0.9671875 0.5447916666666667 0.0640625 0.10208333333333333
2 0.690234375 0.8265625 0.08828125 0.09479166666666666
2 0.342578125 0.890625 0.08203125 0.10833333333333334
1 0.758203125 0.8552083333333333 0.06953125 0.0875
2 0.126953125 0.7177083333333333 0.08515625 0.10833333333333334
1 0.55625 0.7473958333333334 0.065625 0.09270833333333334
2 0.653515625 0.5234375 0.09453125 0.134375
2 0.762109375 0.340625 0.08984375 0.10416666666666667
2 0.20234375 0.5 0.084375 0.10416666666666667
2 0.228515625 0.7317708333333334 0.07734375 0.11354166666666667
2 0.475 0.9229166666666667 0.078125 0.10416666666666667
2 0.8625 0.7989583333333333 0.103125 0.1625
2 0.323046875 0.47760416666666666 0.14453125 0.18229166666666666