1 0.5 0.9890625 0.065625 0.021875
1 0.316015625 0.3260416666666667 0.05546875 0.075
1 0.70703125 0.1640625 0.0515625 0.06979166666666667
1 0.05859375 0.009895833333333333 0.0703125 0.019791666666666666
1 0.6984375 0.01875 0.05 0.0375
0 0.6234375 0.5661458333333333 0.025 0.03854166666666667
1 0.9171875 0.9796875 0.0546875 0.03854166666666667
1 0.991015625 0.5885416666666666 0.01796875 0.10208333333333333
1 0.9921875 0.1875 0.015625 0.12083333333333333
1 0.278125 0.4427083333333333 0.065625 0.06875
1 0.021875 0.8947916666666667 0.0421875 0.09791666666666667
1 0.630078125 0.3390625 0.04921875 0.065625
1 0.12265625 0.015625 0.0625 0.03125
1 0.64921875 0.98125 0.0640625 0.0375
1 0.016796875 0.9708333333333333 0.03359375 0.05416666666666667
0 0.341796875 0.0453125 0.02421875 0.034375
0 0.87890625 0.3697916666666667 0.021875 0.035416666666666666
1 0.984375 0.027083333333333334 0.0296875 0.05416666666666667
2 0.59375 0.721875 0.084375 0.09791666666666667
1 0.2671875 0.7447916666666666 0.053125 0.07083333333333333
1 0.5921875 0.7197916666666667 0.090625 0.10208333333333333
1 0.358984375 0.6260416666666667 0.05078125 0.08125
0 0.141015625 0.35885416666666664 0.02265625 0.028125
1 0.183984375 0.015625 0.06484375 0.03125
1 0.5703125 0.978125 0.075 0.04375
1 0.93515625 0.8041666666666667 0.0734375 0.1
1 0.321484375 0.7182291666666667 0.05234375 0.084375
0 0.79296875 0.4822916666666667 0.0265625 0.03958333333333333
1 0.0140625 0.5703125 0.028125 0.08645833333333333
1 0.98125 0.8364583333333333 0.0359375 0.08125
1 0.971875 0.7520833333333333 0.0546875 0.09166666666666666
0 0.9234375 0.684375 0.0328125 0.04375
1 0.019140625 0.43020833333333336 0.03828125 0.1
1 0.38828125 0.9802083333333333 0.071875 0.03958333333333333
1 0.27734375 0.019270833333333334 0.0734375 0.03854166666666667
1 0.26640625 0.9666666666666667 0.0609375 0.06666666666666667
1 0.90625 0.56875 0.0671875 0.1
1 0.128515625 0.0921875 0.06484375 0.10104166666666667
1 0.373828125 0.2625 0.06796875 0.09583333333333334
1 0.15703125 0.07239583333333334 0.059375 0.08645833333333333
1 0.797265625 0.9645833333333333 0.06015625 0.06875
1 0.8671875 0.159375 0.053125 0.07708333333333334
1 0.247265625 0.478125 0.05234375 0.06666666666666667
1 0.794921875 0.2578125 0.06484375 0.07395833333333333
1 0.9796875 0.5307291666666667 0.0390625 0.07604166666666666
1 0.8890625 0.0828125 0.053125 0.07604166666666666
1 0.020703125 0.03697916666666667 0.04140625 0.07395833333333333
1 0.13046875 0.7166666666666667 0.071875 0.0875
1 0.696484375 0.7645833333333333 0.06640625 0.08541666666666667
1 0.40234375 0.4713541666666667 0.0484375 0.06770833333333333
1 0.90625 0.515625 0.06875 0.08333333333333333
1 0.06875 0.5854166666666667 0.0765625 0.1
1 0.97734375 0.4432291666666667 0.0453125 0.090625
0 0.2 0.4578125 0.0421875 0.06354166666666666
1 0.5484375 0.9192708333333334 0.05 0.06979166666666667
1 0.563671875 0.3921875 0.06796875 0.11145833333333334
1 0.079296875 0.9411458333333333 0.05703125 0.078125
1 0.289453125 0.5510416666666667 0.09453125 0.06875
1 0.9703125 0.9401041666666666 0.0578125 0.08229166666666667
1 0.4109375 0.09166666666666666 0.053125 0.07291666666666667
1 0.73203125 0.49947916666666664 0.0796875 0.06979166666666667
1 0.112109375 0.8697916666666666 0.05546875 0.075
1 0.9640625 0.65 0.0640625 0.10416666666666667
1 0.42109375 0.026041666666666668 0.0703125 0.052083333333333336
1 0.805859375 0.18020833333333333 0.06484375 0.08125
1 0.74765625 0.20416666666666666 0.0484375 0.08541666666666667
1 0.5515625 0.30052083333333335 0.08125 0.10104166666666667
1 0.301953125 0.23229166666666667 0.06796875 0.11458333333333333
1 0.05 0.23854166666666668 0.065625 0.07291666666666667
1 0.66171875 0.915625 0.0484375 0.08541666666666667
1 0.07265625 0.31302083333333336 0.065625 0.07604166666666666
1 0.7265625 0.9328125 0.075 0.096875
1 0.65625 0.4625 0.075 0.11458333333333333
1 0.62421875 0.04635416666666667 0.0765625 0.090625
1 0.224609375 0.8114583333333333 0.07578125 0.08958333333333333
1 0.784765625 0.09635416666666667 0.05703125 0.084375
1 0.526953125 0.7901041666666667 0.08046875 0.065625
1 0.71171875 0.3333333333333333 0.0625 0.10833333333333334
1 0.45625 0.5234375 0.0671875 0.090625
1 0.04296875 0.15104166666666666 0.0484375 0.08125
1 0.48984375 0.4125 0.0734375 0.09791666666666667
1 0.494140625 0.6375 0.06953125 0.09375
1 0.22109375 0.09479166666666666 0.0640625 0.06666666666666667
1 0.1484375 0.43645833333333334 0.05625 0.11666666666666667
1 0.4328125 0.1875 0.084375 0.08541666666666667
1 0.853125 0.275 0.0640625 0.0875
1 0.237109375 0.6484375 0.06953125 0.096875
1 0.68828125 0.0984375 0.0671875 0.090625
1 0.562890625 0.6104166666666667 0.06171875 0.08541666666666667
1 0.179296875 0.8989583333333333 0.06015625 0.08125
1 0.30234375 0.09375 0.0828125 0.10416666666666667
1 0.62734375 0.8020833333333334 0.0609375 0.07916666666666666
1 0.52578125 0.7130208333333333 0.0546875 0.078125
1 0.90859375 0.21927083333333333 0.0671875 0.08645833333333333
1 0.803125 0.8791666666666667 0.06875 0.09166666666666666
1 0.39140625 0.5609375 0.0546875 0.078125
1 0.829296875 0.044270833333333336 0.07734375 0.08645833333333333
1 0.3328125 0.8713541666666667 0.065625 0.103125
1 0.74765625 0.4276041666666667 0.0484375 0.071875
1 0.9125 0.346875 0.0703125 0.11458333333333333
1 0.110546875 0.209375 0.06640625 0.09375
1 0.828125 0.42864583333333334 0.071875 0.09895833333333333
1 0.448828125 0.29583333333333334 0.07734375 0.09166666666666666
1 0.22421875 0.22760416666666666 0.0546875 0.07604166666666666
1 0.027734375 0.784375 0.05546875 0.08958333333333333
1 0.0921875 0.7916666666666666 0.059375 0.08333333333333333
1 0.30078125 0.628125 0.0546875 0.08958333333333333
1 0.63359375 0.6333333333333333 0.0734375 0.09166666666666666
1 0.5515625 0.17916666666666667 0.0796875 0.10208333333333333
1 0.17734375 0.16979166666666667 0.0703125 0.08541666666666667
1 0.4234375 0.37552083333333336 0.0625 0.078125
1 0.3421875 0.40572916666666664 0.071875 0.09270833333333334
1 0.496484375 0.23697916666666666 0.05234375 0.103125
1 0.1484375 0.6135416666666667 0.078125 0.09583333333333334
1 0.252734375 0.30625 0.06484375 0.09375
1 0.476171875 0.8770833333333333 0.06953125 0.10833333333333334
1 0.5265625 0.525 0.0625 0.10416666666666667
1 0.8578125 0.8270833333333333 0.0671875 0.10416666666666667
1 0.38828125 0.8041666666666667 0.0640625 0.1
1 0.395703125 0.7041666666666667 0.07578125 0.0875
1 0.471875 0.09375 0.0734375 0.10625
1 0.689453125 0.5692708333333333 0.06953125 0.090625
1 0.71484375 0.66875 0.0796875 0.1
1 0.578125 0.8536458333333333 0.053125 0.078125
1 0.96328125 0.2890625 0.0703125 0.10104166666666667
1 0.820703125 0.5875 0.08203125 0.08958333333333333
1 0.7671875 0.75 0.0625 0.09583333333333334
1 0.65703125 0.22708333333333333 0.0765625 0.11041666666666666