0 0.82734375 0.6947916666666667 0.0109375 0.01875
0 0.347265625 0.12708333333333333 0.02421875 0.027083333333333334
1 0.209375 0.5494791666666666 0.0515625 0.08020833333333334
0 0.07265625 0.49375 0.015625 0.016666666666666666
1 0.29921875 0.6338541666666667 0.0671875 0.07604166666666666
1 0.076171875 0.4427083333333333 0.05390625 0.08125
1 0.51796875 0.9166666666666666 0.0578125 0.07916666666666666
1 0.303125 0.5864583333333333 0.0578125 0.08125
0 0.178125 0.015104166666666667 0.0140625 0.021875
1 0.98828125 0.9588541666666667 0.021875 0.08229166666666667
1 0.86328125 0.540625 0.059375 0.08125
0 0.21953125 0.01875 0.0515625 0.035416666666666666
1 0.94375 0.5052083333333334 0.05 0.08125
1 0.17578125 0.3380208333333333 0.0640625 0.08229166666666667
1 0.23359375 0.9864583333333333 0.0640625 0.027083333333333334
1 0.034765625 0.015625 0.06171875 0.03125
1 0.70546875 0.020833333333333332 0.0484375 0.041666666666666664
0 0.76875 0.09010416666666667 0.021875 0.034375
0 0.83046875 0.65625 0.0234375 0.03333333333333333
0 0.47265625 0.6979166666666666 0.0359375 0.041666666666666664
1 0.1109375 0.9489583333333333 0.0515625 0.07708333333333334
1 0.93203125 0.6875 0.0484375 0.075
1 0.85546875 0.5765625 0.0484375 0.078125
0 0.0203125 0.5635416666666667 0.034375 0.035416666666666666
1 0.9609375 0.5208333333333334 0.0640625 0.08541666666666667
1 0.02109375 0.27291666666666664 0.0421875 0.08958333333333333
1 0.5265625 0.5520833333333334 0.046875 0.07708333333333334
1 0.534765625 0.98125 0.06015625 0.0375
1 0.575 0.22864583333333333 0.053125 0.103125
0 0.8203125 0.8890625 0.0296875 0.034375
0 0.598046875 0.940625 0.01953125 0.027083333333333334
1 0.4890625 0.934375 0.0578125 0.07916666666666666
1 0.053515625 0.43020833333333336 0.06796875 0.08958333333333333
1 0.91796875 0.853125 0.0609375 0.06875
1 0.9734375 0.8177083333333334 0.05 0.06458333333333334
1 0.734375 0.8098958333333334 0.06875 0.09270833333333334
1 0.151171875 0.5661458333333333 0.06484375 0.09479166666666666
1 0.0234375 0.8921875 0.0453125 0.090625
1 0.31953125 0.23541666666666666 0.0640625 0.08125
0 0.78828125 0.796875 0.025 0.03125
1 0.421875 0.6911458333333333 0.053125 0.08020833333333334
1 0.396484375 0.16041666666666668 0.05390625 0.07916666666666666
1 0.358984375 0.4744791666666667 0.06171875 0.09270833333333334
1 0.821875 0.021354166666666667 0.078125 0.042708333333333334
1 0.035546875 0.7072916666666667 0.05390625 0.08958333333333333
1 0.16640625 0.7484375 0.06875 0.06979166666666667
1 0.978125 0.178125 0.04375 0.09166666666666666
1 0.066015625 0.9192708333333334 0.04921875 0.084375
1 0.203515625 0.95 0.05390625 0.1
1 0.42890625 0.18385416666666668 0.0609375 0.09479166666666666
1 0.156640625 0.4401041666666667 0.06328125 0.06770833333333333
1 0.175390625 0.17083333333333334 0.06484375 0.07916666666666666
1 0.273828125 0.29375 0.05703125 0.08958333333333333
1 0.65 0.8671875 0.084375 0.08854166666666667
1 0.47734375 0.3614583333333333 0.0640625 0.08125
1 0.35703125 0.6770833333333334 0.0515625 0.0875
1 0.065625 0.703125 0.053125 0.08333333333333333
1 0.940625 0.4244791666666667 0.0671875 0.06354166666666666
1 0.31875 0.5572916666666666 0.0609375 0.075
1 0.347265625 0.7833333333333333 0.05703125 0.07916666666666666
1 0.7484375 0.7510416666666667 0.06875 0.08125
1 0.634375 0.13020833333333334 0.05625 0.08541666666666667
1 0.203515625 0.3921875 0.05859375 0.07604166666666666
1 0.659375 0.7229166666666667 0.059375 0.08333333333333333
1 0.71171875 0.5833333333333334 0.0609375 0.07916666666666666
1 0.54453125 0.33645833333333336 0.08125 0.075
1 0.640625 0.041666666666666664 0.059375 0.08333333333333333
1 0.258984375 0.06979166666666667 0.05859375 0.07708333333333334
1 0.155078125 0.23385416666666667 0.06171875 0.08229166666666667
1 0.57734375 0.04739583333333333 0.0671875 0.090625
1 0.242578125 0.190625 0.06484375 0.09375
1 0.39296875 0.9489583333333333 0.0796875 0.07083333333333333
1 0.791015625 0.6729166666666667 0.05390625 0.075
1 0.082421875 0.56875 0.06796875 0.09583333333333334
1 0.84609375 0.08020833333333334 0.0578125 0.07708333333333334
1 0.08984375 0.7822916666666667 0.0828125 0.08958333333333333
1 0.89765625 0.16666666666666666 0.0671875 0.0875
1 0.318359375 0.8822916666666667 0.06328125 0.09375
1 0.118359375 0.2989583333333333 0.07109375 0.07708333333333334
1 0.62578125 0.6145833333333334 0.0609375 0.08125
1 0.385546875 0.5661458333333333 0.06640625 0.090625
1 0.49296875 0.26614583333333336 0.0609375 0.10729166666666666
1 0.08046875 0.2078125 0.0671875 0.10104166666666667
1 0.8984375 0.6145833333333334 0.06875 0.10833333333333334
1 0.4140625 0.42552083333333335 0.075 0.071875
1 0.6046875 0.22604166666666667 0.05625 0.08958333333333333
1 0.9078125 0.953125 0.0796875 0.08958333333333333
1 0.7125 0.66875 0.075 0.08125
1 0.18359375 0.6708333333333333 0.065625 0.08333333333333333
1 0.9671875 0.3541666666666667 0.0609375 0.09166666666666666
1 0.859375 0.7541666666666667 0.059375 0.09583333333333334
1 0.7390625 0.9645833333333333 0.071875 0.07083333333333333
1 0.96875 0.7447916666666666 0.0625 0.08541666666666667
1 0.6875 0.5098958333333333 0.059375 0.08229166666666667
1 0.63359375 0.48802083333333335 0.0578125 0.103125
1 0.5203125 0.6364583333333333 0.0640625 0.09375
1 0.125 0.10625 0.065625 0.0875
1 0.965625 0.615625 0.0609375 0.1
1 0.7734375 0.5958333333333333 0.0546875 0.075
1 0.731640625 0.05260416666666667 0.06484375 0.08854166666666667
1 0.321484375 0.07291666666666667 0.06015625 0.1
1 0.784765625 0.45729166666666665 0.06640625 0.09791666666666667
1 0.669140625 0.24791666666666667 0.06484375 0.08333333333333333
1 0.627734375 0.3880208333333333 0.06796875 0.09895833333333333
1 0.55078125 0.7958333333333333 0.0734375 0.09166666666666666
1 0.36796875 0.27708333333333335 0.0671875 0.10416666666666667
1 0.769140625 0.8880208333333334 0.06796875 0.09479166666666666
1 0.790234375 0.2859375 0.06015625 0.10729166666666666
1 0.4171875 0.3328125 0.053125 0.10520833333333333
1 0.5734375 0.69375 0.0625 0.09166666666666666
1 0.859375 0.35833333333333334 0.05625 0.10416666666666667
1 0.78359375 0.1765625 0.0828125 0.10729166666666666
1 0.260546875 0.925 0.05390625 0.08958333333333333
1 0.55703125 0.48125 0.059375 0.09166666666666666
1 0.475 0.5083333333333333 0.059375 0.09166666666666666
1 0.415625 0.053125 0.0671875 0.09791666666666667
2 0.4421875 0.8161458333333333 0.1484375 0.18854166666666666