1 0.030859375 0.796875 0.06015625 0.07708333333333334
0 0.4609375 0.9802083333333333 0.01875 0.025
2 0.3296875 0.9291666666666667 0.0625 0.09583333333333334
1 0.82109375 0.18802083333333333 0.3578125 0.37604166666666666
1 0.5875 0.628125 0.08125 0.12291666666666666
2 0.284375 0.015625 0.13125 0.03125
0 0.01484375 0.9854166666666667 0.0296875 0.029166666666666667
1 0.009375 0.09791666666666667 0.01875 0.125
1 0.009765625 0.93125 0.01953125 0.09375
1 0.589453125 0.9572916666666667 0.06640625 0.08541666666666667
2 0.60546875 0.121875 0.0703125 0.12708333333333333
1 0.183203125 0.19375 0.09140625 0.10833333333333334
1 0.14375 0.09791666666666667 0.090625 0.10833333333333334
1 0.97890625 0.7604166666666666 0.0421875 0.125
1 0.9734375 0.015625 0.053125 0.03125
2 0.030078125 0.034375 0.06015625 0.06875
1 0.014453125 0.5552083333333333 0.02890625 0.10208333333333333
0 0.81171875 0.9901041666666667 0.0359375 0.019791666666666666
2 0.9796875 0.7807291666666667 0.040625 0.184375
1 0.976953125 0.3375 0.04609375 0.09791666666666667
1 0.1453125 0.6458333333333334 0.08125 0.09375
1 0.594140625 0.2375 0.07734375 0.09583333333333334
0 0.340625 0.9901041666666667 0.05625 0.019791666666666666
1 0.03125 0.035416666666666666 0.0609375 0.06875
0 0.99375 0.42239583333333336 0.0125 0.08645833333333333
1 0.03671875 0.4578125 0.0734375 0.08645833333333333
1 0.089453125 0.9135416666666667 0.07734375 0.10208333333333333
0 0.155078125 0.25885416666666666 0.02890625 0.042708333333333334
1 0.96015625 0.9036458333333334 0.0671875 0.090625
1 0.3296875 0.9291666666666667 0.0625 0.09583333333333334
1 0.088671875 0.625 0.08359375 0.09375
2 0.256640625 0.08645833333333333 0.10234375 0.13958333333333334
2 0.184375 0.19375 0.0859375 0.10625
1 0.1625 0.746875 0.0578125 0.08958333333333333
1 0.356640625 0.08020833333333334 0.06484375 0.125
1 0.98359375 0.5177083333333333 0.0328125 0.08958333333333333
1 0.38671875 0.17760416666666667 0.0609375 0.06979166666666667
1 0.262890625 0.775 0.08515625 0.1375
2 0.08828125 0.20989583333333334 0.0953125 0.11979166666666667
2 0.2609375 0.78125 0.08125 0.125
1 0.7484375 0.9692708333333333 0.08125 0.06145833333333333
0 0.8875 0.990625 0.0453125 0.01875
1 0.45 0.1828125 0.0578125 0.09895833333333333
1 0.038671875 0.5895833333333333 0.07734375 0.075
1 0.063671875 0.9604166666666667 0.06640625 0.07916666666666666
1 0.171484375 0.0203125 0.08515625 0.040625
1 0.25625 0.084375 0.1 0.13958333333333334
1 0.9234375 0.2671875 0.0625 0.08229166666666667
1 0.0328125 0.39427083333333335 0.0640625 0.078125
1 0.5078125 0.96875 0.084375 0.0625
1 0.6046875 0.11927083333333334 0.06875 0.128125
1 0.69296875 0.8364583333333333 0.0640625 0.11041666666666666
1 0.19609375 0.2760416666666667 0.0625 0.09166666666666666
1 0.828515625 0.036458333333333336 0.07578125 0.06875
1 0.9515625 0.6125 0.065625 0.1
1 0.05078125 0.8291666666666667 0.0734375 0.08958333333333333
2 0.88125 0.9291666666666667 0.084375 0.1
1 0.774609375 0.7354166666666667 0.07578125 0.1
1 0.252734375 0.9635416666666666 0.08203125 0.06875
2 0.58515625 0.6302083333333334 0.078125 0.13333333333333333
1 0.47578125 0.23385416666666667 0.0765625 0.109375
1 0.48046875 0.0765625 0.0859375 0.09270833333333334
2 0.3421875 0.415625 0.103125 0.12916666666666668
1 0.67109375 0.9583333333333334 0.0734375 0.08333333333333333
2 0.70078125 0.03802083333333333 0.096875 0.07604166666666666
1 0.7 0.2140625 0.0671875 0.090625
1 0.51015625 0.5057291666666667 0.0796875 0.084375
1 0.551953125 0.8203125 0.06796875 0.09479166666666666
1 0.969140625 0.2 0.06171875 0.10625
1 0.1890625 0.9020833333333333 0.065625 0.0875
2 0.142578125 0.09947916666666666 0.08828125 0.109375
1 0.88828125 0.5338541666666666 0.078125 0.084375
1 0.078125 0.5192708333333333 0.075 0.10104166666666667
2 0.3109375 0.515625 0.0984375 0.12291666666666666
1 0.5046875 0.8348958333333333 0.071875 0.103125
2 0.158984375 0.8041666666666667 0.08203125 0.1125
1 0.396484375 0.7109375 0.06953125 0.08854166666666667
1 0.04296875 0.6984375 0.0859375 0.10104166666666667
1 0.61875 0.7635416666666667 0.065625 0.08958333333333333
2 0.437109375 0.9109375 0.09765625 0.121875
1 0.75859375 0.5192708333333333 0.071875 0.096875
2 0.2125 0.5515625 0.10625 0.13645833333333332
1 0.8140625 0.21145833333333333 0.075 0.09166666666666666
2 0.0296875 0.29635416666666664 0.059375 0.13020833333333334
2 0.4515625 0.42864583333333334 0.096875 0.12395833333333334
2 0.11484375 0.34479166666666666 0.0890625 0.12291666666666666
1 0.77734375 0.3515625 0.0765625 0.10520833333333333
1 0.73515625 0.12447916666666667 0.0734375 0.09270833333333334
2 0.380078125 0.828125 0.09765625 0.12708333333333333
1 0.27265625 0.28489583333333335 0.0734375 0.115625
2 0.40625 0.3145833333333333 0.09375 0.12083333333333333
2 0.7109375 0.41041666666666665 0.1 0.1375
2 0.9171875 0.4083333333333333 0.1 0.14166666666666666
2 0.83125 0.43385416666666665 0.0890625 0.12395833333333334
2 0.6140625 0.40208333333333335 0.1046875 0.14583333333333334
2 0.39921875 0.54375 0.0953125 0.13333333333333333
2 0.9046875 0.8109375 0.1078125 0.134375
2 0.48046875 0.61875 0.1078125 0.14375