1 0.6328125 0.2046875 0.065625 0.090625
1 0.059765625 0.4557291666666667 0.06796875 0.090625
1 0.059765625 0.010416666666666666 0.07421875 0.020833333333333332
0 0.666796875 0.990625 0.04765625 0.01875
1 0.49765625 0.34010416666666665 0.0578125 0.09270833333333334
1 0.99140625 0.37135416666666665 0.015625 0.096875
1 0.18359375 0.9078125 0.0671875 0.09895833333333333
1 0.349609375 0.21875 0.06015625 0.08333333333333333
0 0.005078125 0.33125 0.01015625 0.07083333333333333
1 0.56953125 0.4473958333333333 0.0671875 0.096875
1 0.00703125 0.04791666666666667 0.0140625 0.08958333333333333
0 0.009375 0.884375 0.01875 0.035416666666666666
1 0.12109375 0.0921875 0.0671875 0.10104166666666667
1 0.773046875 0.9786458333333333 0.07734375 0.042708333333333334
1 0.9890625 0.0640625 0.021875 0.090625
1 0.34296875 0.5166666666666667 0.0671875 0.09166666666666666
1 0.408984375 0.2708333333333333 0.06484375 0.09166666666666666
1 0.142578125 0.9822916666666667 0.07265625 0.035416666666666666
1 0.425390625 0.1375 0.05390625 0.08958333333333333
1 0.098828125 0.9739583333333334 0.06171875 0.052083333333333336
1 0.2671875 0.9848958333333333 0.0859375 0.030208333333333334
1 0.609765625 0.94375 0.05546875 0.09166666666666666
1 0.02265625 0.596875 0.0453125 0.08958333333333333
0 0.63046875 0.8291666666666667 0.0203125 0.029166666666666667
1 0.81875 0.0640625 0.0625 0.090625
1 0.128515625 0.7239583333333334 0.06171875 0.09791666666666667
1 0.748046875 0.41041666666666665 0.07265625 0.09791666666666667
1 0.8828125 0.9020833333333333 0.06875 0.09583333333333334
1 0.411328125 0.7895833333333333 0.06328125 0.09375
1 0.66328125 0.20989583333333334 0.0671875 0.090625
1 0.1984375 0.34791666666666665 0.05625 0.0875
1 0.6953125 0.052083333333333336 0.0671875 0.09583333333333334
1 0.98046875 0.5177083333333333 0.0390625 0.13125
1 0.70078125 0.753125 0.0671875 0.08958333333333333
1 0.605859375 0.4557291666666667 0.06640625 0.078125
0 0.93671875 0.7255208333333333 0.021875 0.028125
1 0.4953125 0.7197916666666667 0.0625 0.08541666666666667
1 0.5109375 0.019270833333333334 0.075 0.03854166666666667
1 0.77578125 0.9505208333333334 0.0734375 0.08645833333333333
1 0.49921875 0.9708333333333333 0.0734375 0.058333333333333334
1 0.098046875 0.06302083333333333 0.06171875 0.090625
1 0.017578125 0.4088541666666667 0.03515625 0.08645833333333333
0 0.890625 0.26458333333333334 0.0203125 0.027083333333333334
1 0.4015625 0.965625 0.059375 0.06875
1 0.3171875 0.6567708333333333 0.065625 0.09270833333333334
1 0.1796875 0.0265625 0.071875 0.053125
0 0.7578125 0.23854166666666668 0.03125 0.0375
0 0.64453125 0.14322916666666666 0.025 0.03854166666666667
1 0.05625 0.49166666666666664 0.06875 0.08333333333333333
1 0.22890625 0.09322916666666667 0.06875 0.078125
1 0.9765625 0.21510416666666668 0.046875 0.09270833333333334
1 0.339453125 0.46927083333333336 0.07265625 0.08645833333333333
1 0.350390625 0.934375 0.06953125 0.08958333333333333
1 0.93046875 0.4791666666666667 0.0625 0.07916666666666666
1 0.76171875 0.028125 0.0671875 0.05625
1 0.0359375 0.9619791666666667 0.0703125 0.07604166666666666
1 0.8703125 0.14583333333333334 0.065625 0.07708333333333334
1 0.08671875 0.246875 0.065625 0.09166666666666666
1 0.98046875 0.6328125 0.0390625 0.090625
1 0.16484375 0.7166666666666667 0.0609375 0.08333333333333333
1 0.8765625 0.5177083333333333 0.0625 0.09375
1 0.45390625 0.12916666666666668 0.059375 0.08541666666666667
1 0.7515625 0.61875 0.065625 0.08958333333333333
1 0.345703125 0.6348958333333333 0.05859375 0.096875
1 0.6328125 0.9489583333333333 0.065625 0.09166666666666666
1 0.4171875 0.7411458333333333 0.0609375 0.08645833333333333
1 0.308984375 0.033854166666666664 0.06796875 0.065625
1 0.60859375 0.03125 0.065625 0.06041666666666667
1 0.9375 0.05 0.071875 0.09375
1 0.8609375 0.22864583333333333 0.0640625 0.08854166666666667
1 0.054296875 0.8822916666666667 0.07265625 0.08958333333333333
1 0.23125 0.346875 0.0625 0.0875
1 0.9609375 0.12864583333333332 0.06875 0.09479166666666666
1 0.462890625 0.9083333333333333 0.06328125 0.08541666666666667
1 0.88828125 0.32135416666666666 0.059375 0.08229166666666667
1 0.84296875 0.9661458333333334 0.0625 0.06770833333333333
1 0.26171875 0.9171875 0.0671875 0.090625
1 0.262109375 0.8255208333333334 0.06796875 0.09479166666666666
1 0.371484375 0.18489583333333334 0.06171875 0.090625
1 0.596875 0.6875 0.0625 0.09583333333333334
1 0.53046875 0.3416666666666667 0.0671875 0.09166666666666666
1 0.83359375 0.44427083333333334 0.065625 0.08854166666666667
1 0.5859375 0.278125 0.071875 0.1
1 0.03203125 0.7802083333333333 0.0640625 0.09375
1 0.965625 0.9479166666666666 0.0671875 0.09583333333333334
1 0.89921875 0.4088541666666667 0.0671875 0.084375
1 0.337890625 0.7489583333333333 0.06953125 0.08541666666666667
1 0.4859375 0.6666666666666666 0.0671875 0.09166666666666666
1 0.86328125 0.0578125 0.0703125 0.09895833333333333
2 0.6234375 0.5635416666666667 0.109375 0.1625
1 0.773828125 0.734375 0.06796875 0.08958333333333333
1 0.487109375 0.503125 0.06328125 0.08541666666666667
1 0.689453125 0.4630208333333333 0.06171875 0.07604166666666666
1 0.9515625 0.34322916666666664 0.0671875 0.103125
1 0.59453125 0.8552083333333333 0.059375 0.08125
1 0.176953125 0.16197916666666667 0.07265625 0.096875
1 0.199609375 0.9552083333333333 0.06640625 0.08958333333333333
1 0.92109375 0.8713541666666667 0.0671875 0.09479166666666666
1 0.9171875 0.7770833333333333 0.0671875 0.09166666666666666
1 0.11875 0.8395833333333333 0.0703125 0.1
1 0.80859375 0.5348958333333333 0.0765625 0.09270833333333334
1 0.56015625 0.6885416666666667 0.0609375 0.09166666666666666
1 0.20234375 0.6338541666666667 0.0796875 0.10520833333333333
1 0.8296875 0.3546875 0.06875 0.096875
1 0.8109375 0.86875 0.075 0.09583333333333334
1 0.659375 0.7416666666666667 0.06875 0.09166666666666666
1 0.765234375 0.46041666666666664 0.06328125 0.09166666666666666
1 0.6671875 0.3 0.071875 0.0875
1 0.8015625 0.24947916666666667 0.06875 0.109375
1 0.3078125 0.14791666666666667 0.0671875 0.09375
1 0.0234375 0.19479166666666667 0.046875 0.1
1 0.79296875 0.6447916666666667 0.0671875 0.09166666666666666
1 0.85546875 0.60625 0.0640625 0.0875
1 0.86015625 0.6979166666666666 0.0625 0.08958333333333333
2 0.425390625 0.5541666666666667 0.07890625 0.1
1 0.4125 0.453125 0.06875 0.10208333333333333
1 0.099609375 0.3734375 0.07734375 0.096875
1 0.525390625 0.871875 0.07265625 0.09791666666666667
1 0.713671875 0.903125 0.06953125 0.10208333333333333
1 0.421484375 0.05 0.06953125 0.08333333333333333
1 0.92421875 0.615625 0.065625 0.10208333333333333
1 0.7125 0.1453125 0.065625 0.09270833333333334
1 0.300390625 0.28854166666666664 0.06953125 0.09791666666666667
1 0.248046875 0.18958333333333333 0.07109375 0.1
1 0.038671875 0.09114583333333333 0.06015625 0.08854166666666667
1 0.8515625 0.7864583333333334 0.0609375 0.08541666666666667
1 0.674609375 0.3859375 0.07578125 0.08854166666666667
1 0.190625 0.8078125 0.06875 0.096875
1 0.229296875 0.7260416666666667 0.06328125 0.08541666666666667
1 0.709375 0.55 0.0625 0.09791666666666667
1 0.73984375 0.3109375 0.0734375 0.09270833333333334
1 0.30703125 0.38385416666666666 0.06875 0.08854166666666667
1 0.66796875 0.8375 0.0640625 0.09166666666666666
1 0.51640625 0.08958333333333333 0.075 0.10625
1 0.209375 0.4453125 0.06875 0.103125
1 0.5625 0.7760416666666666 0.06875 0.09375
1 0.4765625 0.4203125 0.065625 0.096875
1 0.74765625 0.8197916666666667 0.0625 0.08958333333333333
1 0.33515625 0.8432291666666667 0.0765625 0.09270833333333334
1 0.680078125 0.6432291666666666 0.06953125 0.10104166666666667
1 0.1609375 0.5447916666666667 0.071875 0.10208333333333333
1 0.0375 0.6864583333333333 0.075 0.10208333333333333
1 0.780859375 0.1375 0.06796875 0.09583333333333334
1 0.041015625 0.31666666666666665 0.06171875 0.09166666666666666
1 0.197265625 0.25729166666666664 0.06640625 0.08541666666666667
1 0.58671875 0.12916666666666668 0.0703125 0.09791666666666667
1 0.2921875 0.5708333333333333 0.065625 0.0875
1 0.46484375 0.21875 0.06875 0.10625
1 0.140234375 0.45416666666666666 0.06796875 0.09166666666666666
1 0.123046875 0.22083333333333333 0.06328125 0.09791666666666667
1 0.4078125 0.65 0.0625 0.08958333333333333
1 0.9203125 0.21666666666666667 0.0609375 0.08958333333333333
1 0.600390625 0.35989583333333336 0.06015625 0.090625
1 0.42734375 0.31927083333333334 0.0703125 0.10104166666666667