1 0.22421875 0.4114583333333333 0.0640625 0.07291666666666667
1 0.884375 0.16458333333333333 0.0625 0.075
1 0.53828125 0.7333333333333333 0.090625 0.09166666666666666
1 0.98984375 0.8604166666666667 0.01875 0.1125
1 0.991015625 0.2708333333333333 0.01796875 0.09166666666666666
1 0.154296875 0.24270833333333333 0.04765625 0.06875
1 0.5328125 0.559375 0.065625 0.08125
1 0.606640625 0.12135416666666667 0.06328125 0.08645833333333333
1 0.398046875 0.3015625 0.06015625 0.071875
1 0.4828125 0.0328125 0.065625 0.065625
1 0.94375 0.5276041666666667 0.078125 0.08229166666666667
1 0.104296875 0.015104166666666667 0.06484375 0.030208333333333334
1 0.216015625 0.5703125 0.06171875 0.08020833333333334
1 0.258984375 0.9875 0.08828125 0.025
1 0.161328125 0.39010416666666664 0.05234375 0.084375
1 0.020703125 0.971875 0.04140625 0.05416666666666667
0 0.994921875 0.4661458333333333 0.01015625 0.042708333333333334
1 0.97578125 0.6291666666666667 0.046875 0.12916666666666668
1 0.59765625 0.39114583333333336 0.075 0.11354166666666667
1 0.21328125 0.2635416666666667 0.06875 0.06458333333333334
1 0.51875 0.9822916666666667 0.0625 0.035416666666666666
1 0.19765625 0.8692708333333333 0.0859375 0.06979166666666667
1 0.785546875 0.015104166666666667 0.05859375 0.030208333333333334
1 0.6578125 0.023958333333333335 0.04375 0.04791666666666667
1 0.75234375 0.315625 0.0640625 0.08541666666666667
1 0.5984375 0.7630208333333334 0.05625 0.09479166666666666
1 0.51640625 0.80625 0.0984375 0.06666666666666667
1 0.441015625 0.050520833333333334 0.06328125 0.08645833333333333
1 0.53046875 0.8520833333333333 0.096875 0.05
1 0.89375 0.0515625 0.0640625 0.07604166666666666
1 0.59296875 0.98125 0.0765625 0.0375
1 0.023046875 0.1625 0.04609375 0.07083333333333333
1 0.678125 0.6286458333333333 0.0625 0.08229166666666667
1 0.9765625 0.1109375 0.046875 0.08020833333333334
1 0.54140625 0.9182291666666667 0.053125 0.084375
1 0.475390625 0.4395833333333333 0.06484375 0.06875
1 0.8390625 0.9796875 0.078125 0.040625
1 0.98125 0.7333333333333333 0.0375 0.09375
1 0.380859375 0.7135416666666666 0.06484375 0.08958333333333333
1 0.56640625 0.640625 0.0546875 0.09375
1 0.3046875 0.03229166666666667 0.0734375 0.06458333333333334
1 0.37734375 0.2640625 0.078125 0.071875
1 0.728515625 0.9734375 0.04921875 0.051041666666666666
1 0.9765625 0.3953125 0.046875 0.08854166666666667
1 0.02265625 0.0734375 0.04375 0.08229166666666667
1 0.708984375 0.6072916666666667 0.05859375 0.08125
1 0.151953125 0.06458333333333334 0.06484375 0.07083333333333333
1 0.89140625 0.7333333333333333 0.0625 0.08333333333333333
1 0.6359375 0.4661458333333333 0.06875 0.08854166666666667
1 0.58671875 0.33177083333333335 0.0578125 0.08854166666666667
1 0.21328125 0.3614583333333333 0.0734375 0.07291666666666667
1 0.92578125 0.5848958333333333 0.06875 0.08854166666666667
1 0.7828125 0.9489583333333333 0.0625 0.08541666666666667
1 0.971875 0.034895833333333334 0.05625 0.06979166666666667
1 0.10234375 0.39791666666666664 0.0609375 0.0875
1 0.90859375 0.9666666666666667 0.0640625 0.06666666666666667
1 0.023828125 0.9052083333333333 0.04609375 0.06875
1 0.4984375 0.7104166666666667 0.071875 0.08333333333333333
1 0.96796875 0.9375 0.0640625 0.09583333333333334
1 0.37734375 0.0359375 0.0609375 0.071875
1 0.142578125 0.18854166666666666 0.06328125 0.09583333333333334
1 0.29375 0.5364583333333334 0.078125 0.07291666666666667
1 0.41640625 0.6890625 0.0609375 0.07395833333333333
1 0.04375 0.8317708333333333 0.0609375 0.090625
1 0.49296875 0.5135416666666667 0.0609375 0.075
1 0.4859375 0.36770833333333336 0.05625 0.0875
1 0.12578125 0.825 0.0671875 0.07916666666666666
1 0.6359375 0.7708333333333334 0.06875 0.0625
1 0.023046875 0.5671875 0.04609375 0.090625
1 0.19921875 0.796875 0.071875 0.06875
1 0.063671875 0.4109375 0.06484375 0.08020833333333334
1 0.302734375 0.271875 0.06171875 0.07916666666666666
1 0.351953125 0.4473958333333333 0.06484375 0.08229166666666667
1 0.078125 0.9583333333333334 0.078125 0.07708333333333334
1 0.27578125 0.721875 0.0640625 0.07291666666666667
1 0.79296875 0.07083333333333333 0.059375 0.075
1 0.615625 0.1640625 0.0609375 0.084375
1 0.594921875 0.03802083333333333 0.06328125 0.071875
1 0.82890625 0.134375 0.0578125 0.08958333333333333
1 0.9234375 0.6614583333333334 0.05625 0.07291666666666667
1 0.282421875 0.184375 0.06171875 0.10208333333333333
1 0.57734375 0.9203125 0.0609375 0.08229166666666667
1 0.66171875 0.546875 0.0671875 0.0875
1 0.2875 0.44635416666666666 0.059375 0.09479166666666666
1 0.15 0.715625 0.065625 0.07708333333333334
2 0.165625 0.6083333333333333 0.0953125 0.14166666666666666
1 0.2234375 0.4864583333333333 0.0734375 0.08125
1 0.681640625 0.28072916666666664 0.06171875 0.09479166666666666
1 0.094140625 0.546875 0.05859375 0.08125
1 0.58125 0.24166666666666667 0.075 0.07083333333333333
1 0.671875 0.8838541666666667 0.05 0.08020833333333334
1 0.91328125 0.234375 0.0640625 0.07291666666666667
1 0.40625 0.9515625 0.0609375 0.08229166666666667
1 0.7796875 0.4953125 0.0625 0.084375
1 0.16328125 0.9385416666666667 0.0609375 0.08958333333333333
1 0.46484375 0.28072916666666664 0.0578125 0.084375
1 0.7078125 0.7072916666666667 0.0609375 0.07708333333333334
1 0.52734375 0.2984375 0.0609375 0.09479166666666666
1 0.024609375 0.25833333333333336 0.04921875 0.0875
1 0.7109375 0.4859375 0.0578125 0.08854166666666667
1 0.251953125 0.6276041666666666 0.06171875 0.08854166666666667
1 0.54296875 0.17552083333333332 0.0640625 0.08645833333333333
1 0.7578125 0.8322916666666667 0.059375 0.1
1 0.44609375 0.8645833333333334 0.0640625 0.08333333333333333
1 0.9390625 0.45364583333333336 0.065625 0.084375
1 0.4375 0.771875 0.0640625 0.08958333333333333
1 0.363671875 0.17708333333333334 0.06953125 0.09375
1 0.042578125 0.484375 0.06484375 0.07916666666666666
1 0.64375 0.703125 0.065625 0.08125
1 0.5359375 0.44166666666666665 0.0625 0.09583333333333334
1 0.273046875 0.8989583333333333 0.06484375 0.09791666666666667
1 0.39765625 0.39427083333333335 0.0703125 0.090625
1 0.113671875 0.3067708333333333 0.06484375 0.09479166666666666
1 0.82734375 0.7979166666666667 0.0625 0.0875
1 0.365234375 0.8875 0.06953125 0.09583333333333334
1 0.48046875 0.9364583333333333 0.0640625 0.0875
1 0.92734375 0.7432291666666667 0.059375 0.08020833333333334
1 0.22109375 0.18697916666666667 0.0609375 0.084375
1 0.85859375 0.28854166666666664 0.0671875 0.09791666666666667
1 0.8734375 0.51875 0.05 0.10416666666666667
1 0.096875 0.7447916666666666 0.0671875 0.09375
1 0.97265625 0.19375 0.0546875 0.09166666666666666
1 0.73125 0.07760416666666667 0.0625 0.08645833333333333
1 0.773828125 0.3609375 0.06484375 0.090625
1 0.90859375 0.8270833333333333 0.0609375 0.0875
1 0.0765625 0.19427083333333334 0.05625 0.08854166666666667
1 0.704296875 0.7979166666666667 0.06484375 0.09166666666666666
1 0.831640625 0.4197916666666667 0.06640625 0.0875
1 0.61953125 0.8453125 0.0640625 0.084375
1 0.082421875 0.6390625 0.05078125 0.10104166666666667
1 0.14375 0.48020833333333335 0.078125 0.08958333333333333
1 0.03203125 0.7171875 0.0609375 0.11145833333333334
1 0.762109375 0.6458333333333334 0.06015625 0.08958333333333333
1 0.44140625 0.15625 0.078125 0.1
1 0.3359375 0.35833333333333334 0.053125 0.0875
1 0.686328125 0.37864583333333335 0.06171875 0.09479166666666666
1 0.826953125 0.8864583333333333 0.06953125 0.08541666666666667
1 0.76953125 0.7322916666666667 0.0640625 0.08958333333333333
1 0.596875 0.5458333333333333 0.0625 0.0875
1 0.4515625 0.590625 0.065625 0.09375
1 0.070703125 0.10104166666666667 0.06171875 0.08958333333333333
1 0.50859375 0.6239583333333333 0.0578125 0.0875
1 0.541015625 0.08802083333333334 0.06484375 0.090625
1 0.271875 0.09322916666666667 0.065625 0.078125
1 0.87109375 0.61875 0.0578125 0.09583333333333334
2 0.7609375 0.19166666666666668 0.1265625 0.18125
1 0.39375 0.5552083333333333 0.05625 0.09791666666666667
1 0.81875 0.6010416666666667 0.0625 0.10625
1 0.91640625 0.13541666666666666 0.059375 0.09583333333333334
1 0.603125 0.634375 0.0625 0.09166666666666666
1 0.9296875 0.31875 0.0609375 0.09583333333333334
1 0.2140625 0.7052083333333333 0.059375 0.10208333333333333