0 0.99375 0.4036458333333333 0.0125 0.057291666666666664
0 0.871875 0.6427083333333333 0.009375 0.01875
0 0.017578125 0.2359375 0.01640625 0.015625
0 0.071875 0.0640625 0.009375 0.017708333333333333
0 0.93828125 0.6869791666666667 0.028125 0.021875
0 0.39765625 0.5130208333333334 0.0109375 0.017708333333333333
0 0.4171875 0.025 0.015625 0.01875
0 0.20234375 0.5098958333333333 0.0171875 0.017708333333333333
0 0.02890625 0.2203125 0.015625 0.015625
1 0.2859375 0.9854166666666667 0.090625 0.029166666666666667
0 0.1203125 0.371875 0.0125 0.016666666666666666
1 0.1734375 0.9822916666666667 0.09375 0.035416666666666666
0 0.3984375 0.12135416666666667 0.009375 0.015625
0 0.62890625 0.196875 0.0109375 0.01875
1 0.691796875 0.0140625 0.04765625 0.028125
1 0.365625 0.30572916666666666 0.0484375 0.078125
1 0.136328125 0.016145833333333335 0.07890625 0.03229166666666667
2 0.58984375 0.9177083333333333 0.0703125 0.09791666666666667
0 0.37734375 0.21197916666666666 0.0171875 0.026041666666666668
0 0.4703125 0.49166666666666664 0.0109375 0.016666666666666666
1 0.011328125 0.49270833333333336 0.02265625 0.11041666666666666
1 0.98359375 0.534375 0.03125 0.09375
1 0.97421875 0.6947916666666667 0.05 0.07291666666666667
2 0.51796875 0.3770833333333333 0.0640625 0.10416666666666667
1 0.3453125 0.4114583333333333 0.059375 0.07291666666666667
0 0.06171875 0.1875 0.01875 0.025
1 0.58828125 0.9166666666666666 0.0734375 0.09583333333333334
1 0.376953125 0.4359375 0.05859375 0.078125
0 0.9578125 0.2713541666666667 0.025 0.03229166666666667
1 0.9875 0.30625 0.025 0.08541666666666667
1 0.8234375 0.14947916666666666 0.0796875 0.090625
2 0.315625 0.044270833333333336 0.06875 0.08854166666666667
1 0.86171875 0.5302083333333333 0.0453125 0.06458333333333334
1 0.749609375 0.2947916666666667 0.03359375 0.05625
2 0.823046875 0.14947916666666666 0.08046875 0.09479166666666666
1 0.016015625 0.9083333333333333 0.03203125 0.0875
1 0.450390625 0.6020833333333333 0.06015625 0.06458333333333334
1 0.615625 0.035416666666666666 0.0625 0.07083333333333333
1 0.45390625 0.5291666666666667 0.0703125 0.07083333333333333
1 0.01640625 0.16875 0.0328125 0.09375
1 0.31484375 0.0453125 0.0671875 0.090625
1 0.9453125 0.8276041666666667 0.0515625 0.06770833333333333
1 0.778515625 0.053125 0.10078125 0.075
1 0.96015625 0.7729166666666667 0.0796875 0.08541666666666667
1 0.0265625 0.09583333333333334 0.046875 0.06875
1 0.975 0.8953125 0.0484375 0.08229166666666667
1 0.67421875 0.95 0.0546875 0.07083333333333333
1 0.740625 0.9635416666666666 0.078125 0.07291666666666667
1 0.313671875 0.25364583333333335 0.05546875 0.06354166666666666
1 0.51796875 0.37604166666666666 0.0640625 0.10208333333333333
1 0.95 0.9614583333333333 0.078125 0.07708333333333334
1 0.9640625 0.03802083333333333 0.0625 0.07604166666666666
1 0.409765625 0.7854166666666667 0.07109375 0.0875
1 0.467578125 0.9447916666666667 0.06328125 0.08125
1 0.2859375 0.8994791666666667 0.046875 0.08645833333333333
1 0.8890625 0.8552083333333333 0.0578125 0.10625
1 0.024609375 0.4088541666666667 0.04765625 0.07604166666666666
1 0.1328125 0.4661458333333333 0.053125 0.06145833333333333
1 0.8171875 0.953125 0.0734375 0.09375
1 0.51875 0.7604166666666666 0.084375 0.07708333333333334
1 0.169921875 0.07135416666666666 0.08828125 0.09895833333333333
1 0.1015625 0.9447916666666667 0.059375 0.11041666666666666
1 0.50625 0.21197916666666666 0.06875 0.05520833333333333
1 0.043359375 0.725 0.06015625 0.08958333333333333
1 0.555078125 0.26197916666666665 0.05546875 0.07395833333333333
1 0.383984375 0.9505208333333334 0.06953125 0.090625
1 0.119921875 0.246875 0.06953125 0.09791666666666667
1 0.653515625 0.4479166666666667 0.05859375 0.075
1 0.373828125 0.565625 0.05234375 0.08125
1 0.31015625 0.334375 0.0671875 0.09166666666666666
1 0.80703125 0.7135416666666666 0.0734375 0.07916666666666666
1 0.2703125 0.6979166666666666 0.0625 0.075
1 0.06484375 0.3255208333333333 0.0796875 0.10104166666666667
1 0.24296875 0.115625 0.071875 0.07083333333333333
1 0.165625 0.396875 0.065625 0.08541666666666667
1 0.79453125 0.315625 0.0640625 0.08125
1 0.80859375 0.8567708333333334 0.0796875 0.07604166666666666
1 0.925 0.5286458333333334 0.075 0.10520833333333333
1 0.08671875 0.8104166666666667 0.078125 0.10416666666666667
1 0.55859375 0.0828125 0.078125 0.10520833333333333
1 0.96015625 0.6177083333333333 0.0765625 0.08541666666666667
1 0.61171875 0.3807291666666667 0.0734375 0.08229166666666667
1 0.88359375 0.24739583333333334 0.06875 0.09270833333333334
1 0.3875 0.6520833333333333 0.065625 0.09166666666666666
1 0.819140625 0.5791666666666667 0.07265625 0.08541666666666667
1 0.18671875 0.7901041666666667 0.0609375 0.09479166666666666
1 0.4890625 0.1328125 0.05625 0.09270833333333334
1 0.773828125 0.6416666666666667 0.06796875 0.0875
1 0.444140625 0.7015625 0.06328125 0.08854166666666667
1 0.71953125 0.24270833333333333 0.0671875 0.07291666666666667
1 0.41875 0.23697916666666666 0.075 0.090625
1 0.62109375 0.8427083333333333 0.0765625 0.1
1 0.07578125 0.65 0.0796875 0.09166666666666666
1 0.20703125 0.6427083333333333 0.0765625 0.11041666666666666
1 0.267578125 0.19427083333333334 0.05859375 0.09270833333333334
1 0.301953125 0.48385416666666664 0.08828125 0.096875
1 0.101171875 0.553125 0.08046875 0.1
1 0.61484375 0.5401041666666667 0.0640625 0.09895833333333333
1 0.8796875 0.3807291666666667 0.0734375 0.109375
1 0.2 0.221875 0.078125 0.09375
1 0.21875 0.8890625 0.0890625 0.10520833333333333
2 0.789453125 0.4473958333333333 0.15078125 0.20104166666666667
1 0.5671875 0.6166666666666667 0.0625 0.08333333333333333
1 0.123046875 0.12708333333333333 0.06484375 0.0875
1 0.72890625 0.784375 0.0671875 0.09375
1 0.29296875 0.7859375 0.0734375 0.08645833333333333
1 0.625390625 0.2734375 0.06015625 0.09479166666666666
1 0.94296875 0.1953125 0.059375 0.103125
1 0.46171875 0.8546875 0.0734375 0.09479166666666666