1 0.1640625 0.5364583333333334 0.06875 0.08958333333333333
1 0.82734375 0.9875 0.0828125 0.025
2 0.54609375 0.016666666666666666 0.0828125 0.03333333333333333
0 0.26171875 0.9895833333333334 0.0390625 0.020833333333333332
1 0.446484375 0.26979166666666665 0.05859375 0.06666666666666667
0 0.994921875 0.31145833333333334 0.01015625 0.04791666666666667
2 0.60078125 0.7229166666666667 0.0734375 0.09166666666666666
2 0.440625 0.14791666666666667 0.075 0.1125
0 0.694140625 0.6020833333333333 0.01484375 0.016666666666666666
1 0.54765625 0.018229166666666668 0.0734375 0.036458333333333336
2 0.094140625 0.0453125 0.08671875 0.08854166666666667
1 0.72890625 0.9223958333333333 0.0671875 0.103125
1 0.387890625 0.32447916666666665 0.05859375 0.09270833333333334
1 0.12890625 0.53125 0.0640625 0.09375
0 0.24140625 0.9765625 0.021875 0.03229166666666667
1 0.93671875 0.9510416666666667 0.0578125 0.08958333333333333
0 0.47109375 0.22552083333333334 0.0265625 0.034375
0 0.807421875 0.13072916666666667 0.01796875 0.026041666666666668
0 0.6140625 0.86875 0.025 0.03333333333333333
0 0.521875 0.9885416666666667 0.021875 0.022916666666666665
1 0.98828125 0.5744791666666667 0.0234375 0.08020833333333334
1 0.89296875 0.0140625 0.0734375 0.028125
0 0.503125 0.9697916666666667 0.021875 0.027083333333333334
1 0.29609375 0.5458333333333333 0.046875 0.09583333333333334
1 0.48515625 0.0359375 0.0578125 0.071875
1 0.01015625 0.3536458333333333 0.0203125 0.10104166666666667
1 0.43359375 0.15625 0.0671875 0.09583333333333334
0 0.651171875 0.15416666666666667 0.02734375 0.03958333333333333
1 0.18515625 0.521875 0.0671875 0.09791666666666667
0 0.702734375 0.5885416666666666 0.02109375 0.027083333333333334
1 0.16953125 0.03177083333333333 0.0640625 0.06354166666666666
1 0.4484375 0.03229166666666667 0.0703125 0.06458333333333334
1 0.49375 0.8854166666666666 0.084375 0.12708333333333333
0 0.53046875 0.665625 0.0203125 0.027083333333333334
1 0.496875 0.7125 0.09375 0.1
1 0.04140625 0.9791666666666666 0.0734375 0.041666666666666664
1 0.92578125 0.5822916666666667 0.0625 0.09166666666666666
1 0.216015625 0.03333333333333333 0.06640625 0.06458333333333334
0 0.185546875 0.8625 0.02734375 0.029166666666666667
1 0.678125 0.019791666666666666 0.078125 0.03958333333333333
1 0.413671875 0.9729166666666667 0.08203125 0.05
0 0.93671875 0.45416666666666666 0.025 0.035416666666666666
1 0.96875 0.953125 0.0625 0.09375
1 0.82890625 0.8119791666666667 0.0625 0.08229166666666667
1 0.975 0.484375 0.05 0.09791666666666667
1 0.8796875 0.9677083333333333 0.0671875 0.06041666666666667
1 0.1796875 0.7932291666666667 0.071875 0.09479166666666666
1 0.15 0.40677083333333336 0.059375 0.08645833333333333
1 0.381640625 0.7177083333333333 0.07265625 0.12083333333333333
1 0.58203125 0.9671875 0.0859375 0.065625
1 0.73671875 0.05625 0.0578125 0.0875
1 0.534375 0.15625 0.09375 0.12083333333333333
1 0.396484375 0.046875 0.06640625 0.08541666666666667
1 0.376953125 0.22760416666666666 0.07578125 0.109375
1 0.092578125 0.043229166666666666 0.08203125 0.08645833333333333
1 0.10546875 0.8098958333333334 0.065625 0.11979166666666667
1 0.748828125 0.9052083333333333 0.06328125 0.08541666666666667
1 0.09765625 0.49114583333333334 0.0640625 0.09479166666666666
1 0.022265625 0.05416666666666667 0.04453125 0.09375
1 0.159765625 0.20885416666666667 0.06953125 0.09270833333333334
1 0.01875 0.553125 0.0375 0.08958333333333333
1 0.32890625 0.041666666666666664 0.0640625 0.08333333333333333
1 0.865625 0.6385416666666667 0.065625 0.09375
1 0.6 0.259375 0.078125 0.10416666666666667
1 0.23203125 0.24322916666666666 0.0671875 0.090625
1 0.6 0.7213541666666666 0.0703125 0.090625
1 0.1953125 0.15989583333333332 0.0703125 0.09270833333333334
1 0.419140625 0.5166666666666667 0.06640625 0.09583333333333334
1 0.23203125 0.6 0.0640625 0.09166666666666666
1 0.148046875 0.846875 0.06015625 0.0875
1 0.896875 0.49895833333333334 0.071875 0.09375
1 0.26640625 0.5484375 0.0609375 0.09270833333333334
1 0.133984375 0.7083333333333334 0.06171875 0.08541666666666667
1 0.9015625 0.33229166666666665 0.0671875 0.07708333333333334
1 0.771875 0.46458333333333335 0.065625 0.09166666666666666
1 0.189453125 0.40729166666666666 0.06328125 0.0875
1 0.30234375 0.275 0.0609375 0.09166666666666666
1 0.236328125 0.46458333333333335 0.06796875 0.08333333333333333
1 0.357421875 0.5395833333333333 0.07109375 0.09791666666666667
1 0.4796875 0.3640625 0.071875 0.09270833333333334
1 0.319921875 0.7791666666666667 0.06796875 0.08541666666666667
1 0.74609375 0.6114583333333333 0.0671875 0.09375
1 0.1796875 0.7 0.071875 0.1
1 0.49140625 0.6135416666666667 0.071875 0.08958333333333333
1 0.25234375 0.3697916666666667 0.0734375 0.0875
1 0.66953125 0.2296875 0.0640625 0.090625
1 0.189453125 0.9458333333333333 0.07578125 0.09583333333333334
1 0.77578125 0.0546875 0.0671875 0.084375
1 0.503515625 0.284375 0.06484375 0.09375
1 0.033984375 0.146875 0.06796875 0.09375
1 0.11796875 0.9395833333333333 0.0703125 0.09583333333333334
1 0.240234375 0.7369791666666666 0.06953125 0.08645833333333333
1 0.834375 0.43125 0.0703125 0.0875
1 0.8328125 0.8848958333333333 0.065625 0.08854166666666667
1 0.59609375 0.5635416666666667 0.0921875 0.1
1 0.8484375 0.21979166666666666 0.090625 0.09583333333333334
1 0.6375 0.4708333333333333 0.06875 0.09166666666666666
1 0.594921875 0.078125 0.08203125 0.11041666666666666
1 0.41953125 0.9020833333333333 0.0671875 0.09166666666666666
1 0.26015625 0.9041666666666667 0.0765625 0.10416666666666667
1 0.416796875 0.42291666666666666 0.08828125 0.09166666666666666
1 0.8515625 0.06510416666666667 0.06875 0.09479166666666666
1 0.042578125 0.25104166666666666 0.08046875 0.10416666666666667
1 0.7796875 0.7546875 0.06875 0.090625
1 0.95859375 0.38697916666666665 0.06875 0.08854166666666667
1 0.116796875 0.3078125 0.08515625 0.10104166666666667
1 0.034765625 0.6875 0.06953125 0.10833333333333334
1 0.319921875 0.6239583333333333 0.06484375 0.09791666666666667
1 0.92890625 0.6791666666666667 0.0703125 0.10416666666666667
1 0.4546875 0.8083333333333333 0.0875 0.09166666666666666
2 0.72109375 0.328125 0.1328125 0.17291666666666666
1 0.699609375 0.15520833333333334 0.06796875 0.08541666666666667
1 0.5984375 0.3546875 0.06875 0.09270833333333334
1 0.934375 0.7739583333333333 0.0703125 0.08541666666666667
1 0.03828125 0.7859375 0.0765625 0.10729166666666666
2 0.5046875 0.490625 0.109375 0.14375
1 0.2640625 0.16145833333333334 0.06875 0.1
1 0.86796875 0.7375 0.0609375 0.08958333333333333
1 0.416015625 0.6041666666666666 0.07578125 0.09583333333333334
1 0.690625 0.6854166666666667 0.0625 0.09166666666666666
1 0.76953125 0.19791666666666666 0.0671875 0.10833333333333334
1 0.88984375 0.13854166666666667 0.06875 0.09375
1 0.3484375 0.8796875 0.075 0.11770833333333333
1 0.7890625 0.6609375 0.08125 0.09895833333333333
1 0.96171875 0.8588541666666667 0.0734375 0.090625
1 0.82890625 0.5208333333333334 0.0671875 0.1
1 0.03046875 0.4625 0.0609375 0.09375