0 0.9765625 0.64375 0.0109375 0.016666666666666666
1 0.962109375 0.9838541666666667 0.07578125 0.03229166666666667
1 0.990625 0.6708333333333333 0.01875 0.10416666666666667
1 0.505078125 0.6838541666666667 0.07109375 0.08645833333333333
1 0.98984375 0.40260416666666665 0.0203125 0.121875
0 0.992578125 0.5208333333333334 0.01484375 0.0875
2 0.481640625 0.7802083333333333 0.07890625 0.10625
1 0.401953125 0.9807291666666667 0.09765625 0.036458333333333336
1 0.059375 0.04791666666666667 0.0625 0.09375
1 0.794921875 0.778125 0.06328125 0.10416666666666667
1 0.176953125 0.9833333333333333 0.08359375 0.03333333333333333
1 0.52734375 0.6270833333333333 0.0796875 0.09791666666666667
0 0.541796875 0.24791666666666667 0.02890625 0.029166666666666667
1 0.91328125 0.671875 0.0703125 0.07708333333333334
1 0.01171875 0.246875 0.0234375 0.1
1 0.97421875 0.0234375 0.05 0.046875
1 0.822265625 0.7916666666666666 0.05703125 0.0875
1 0.88125 0.5364583333333334 0.0703125 0.08125
1 0.61015625 0.9666666666666667 0.071875 0.06458333333333334
1 0.16875 0.025520833333333333 0.0890625 0.051041666666666666
1 0.258203125 0.0265625 0.07265625 0.053125
2 0.71015625 0.9380208333333333 0.1328125 0.12395833333333334
1 0.765625 0.246875 0.059375 0.09791666666666667
1 0.87265625 0.9692708333333333 0.0796875 0.059375
1 0.39765625 0.89375 0.065625 0.09583333333333334
1 0.315625 0.7942708333333334 0.0640625 0.08020833333333334
1 0.8296875 0.5864583333333333 0.0765625 0.09791666666666667
1 0.96796875 0.7875 0.0640625 0.09375
1 0.800390625 0.28177083333333336 0.06640625 0.11145833333333334
1 0.49375 0.03333333333333333 0.075 0.06458333333333334
1 0.324609375 0.05572916666666667 0.07265625 0.09895833333333333
1 0.4203125 0.7489583333333333 0.05625 0.07916666666666666
1 0.1 0.5770833333333333 0.0859375 0.10416666666666667
1 0.953125 0.878125 0.0890625 0.09791666666666667
1 0.56796875 0.45416666666666666 0.078125 0.1
1 0.034375 0.13385416666666666 0.06875 0.078125
1 0.333203125 0.6276041666666666 0.06796875 0.090625
1 0.750390625 0.3645833333333333 0.08046875 0.10833333333333334
1 0.77265625 0.5989583333333334 0.0640625 0.10208333333333333
1 0.58125 0.3453125 0.078125 0.10104166666666667
1 0.3015625 0.209375 0.071875 0.09791666666666667
1 0.183984375 0.9260416666666667 0.07578125 0.10416666666666667
1 0.446484375 0.5760416666666667 0.07890625 0.10208333333333333
1 0.2109375 0.11458333333333333 0.0765625 0.10833333333333334
1 0.73828125 0.8041666666666667 0.0859375 0.09583333333333334
1 0.390234375 0.109375 0.09140625 0.1
1 0.114453125 0.8822916666666667 0.08046875 0.09166666666666666
1 0.1125 0.06354166666666666 0.084375 0.11458333333333333
1 0.71484375 0.48020833333333335 0.078125 0.1
1 0.560546875 0.13854166666666667 0.07734375 0.10208333333333333
1 0.4953125 0.4552083333333333 0.0703125 0.08541666666666667
1 0.9640625 0.18645833333333334 0.071875 0.09791666666666667
1 0.8078125 0.109375 0.078125 0.10625
1 0.18125 0.4453125 0.075 0.10520833333333333
1 0.09453125 0.28489583333333335 0.0765625 0.08854166666666667
1 0.7328125 0.08072916666666667 0.09375 0.096875
1 0.48046875 0.7807291666666667 0.0765625 0.10729166666666666
1 0.209765625 0.6307291666666667 0.07578125 0.096875
1 0.291796875 0.7239583333333334 0.06796875 0.10625
1 0.540625 0.946875 0.08125 0.10416666666666667
1 0.85 0.21354166666666666 0.078125 0.11666666666666667
2 0.292578125 0.90625 0.08359375 0.10833333333333334
2 0.665625 0.6177083333333333 0.15625 0.20208333333333334
2 0.06796875 0.42916666666666664 0.1359375 0.18333333333333332
2 0.158984375 0.7536458333333333 0.11015625 0.14895833333333333
2 0.277734375 0.45729166666666665 0.12734375 0.175
2 0.6734375 0.2140625 0.15 0.19270833333333334
2 0.458984375 0.3 0.11953125 0.1625
2 0.9 0.38333333333333336 0.1640625 0.22083333333333333