1 0.030078125 0.0703125 0.05859375 0.10104166666666667
0 0.98125 0.871875 0.0375 0.08541666666666667
2 0.984375 0.5140625 0.03125 0.128125
0 0.4859375 0.9411458333333333 0.075 0.11354166666666667
1 0.7703125 0.18072916666666666 0.440625 0.3614583333333333
1 0.984765625 0.5161458333333333 0.03046875 0.15104166666666666
0 0.0078125 0.5020833333333333 0.015625 0.06458333333333334
2 0.373046875 0.9708333333333333 0.11953125 0.058333333333333334
0 0.9609375 0.03697916666666667 0.0625 0.071875
1 0.015234375 0.603125 0.02890625 0.13125
1 0.9734375 0.6104166666666667 0.053125 0.1
1 0.753515625 0.3489583333333333 0.06328125 0.10416666666666667
1 0.9625 0.03697916666666667 0.0703125 0.06979166666666667
0 0.995703125 0.09791666666666667 0.00859375 0.05416666666666667
1 0.016796875 0.8390625 0.03359375 0.103125
1 0.88515625 0.029166666666666667 0.0625 0.058333333333333334
0 0.284765625 0.28541666666666665 0.06171875 0.07708333333333334
1 0.032421875 0.9447916666666667 0.06328125 0.10208333333333333
0 0.87890625 0.21614583333333334 0.0609375 0.07604166666666666
2 0.75390625 0.3489583333333333 0.0640625 0.10416666666666667
1 0.169921875 0.978125 0.09296875 0.041666666666666664
0 0.630078125 0.14427083333333332 0.03203125 0.046875
2 0.090625 0.09270833333333334 0.0640625 0.10208333333333333
1 0.98046875 0.871875 0.0375 0.08958333333333333
1 0.90859375 0.11770833333333333 0.0625 0.1
0 0.71796875 0.04375 0.075 0.07291666666666667
2 0.621875 0.2203125 0.075 0.10520833333333333
2 0.559765625 0.46041666666666664 0.17734375 0.2
0 0.485546875 0.4078125 0.01953125 0.030208333333333334
2 0.293359375 0.7958333333333333 0.13671875 0.20416666666666666
1 0.715625 0.04375 0.075 0.075
0 0.91171875 0.871875 0.034375 0.04791666666666667
1 0.040234375 0.7432291666666667 0.08046875 0.08645833333333333
1 0.409375 0.20364583333333333 0.0625 0.11354166666666667
1 0.84765625 0.0359375 0.071875 0.071875
1 0.059375 0.6614583333333334 0.0671875 0.07291666666666667
2 0.028515625 0.07239583333333334 0.05703125 0.09895833333333333
2 0.79921875 0.28020833333333334 0.06875 0.10625
2 0.040625 0.74375 0.08125 0.0875
1 0.285546875 0.28541666666666665 0.06015625 0.07916666666666666
1 0.090234375 0.09270833333333334 0.06171875 0.10208333333333333
1 0.878125 0.215625 0.0625 0.07916666666666666
1 0.97265625 0.21197916666666666 0.053125 0.078125
2 0.23359375 0.5401041666666667 0.14375 0.17395833333333333
2 0.88203125 0.3125 0.096875 0.125
1 0.72734375 0.14114583333333333 0.0984375 0.11354166666666667
1 0.64609375 0.33229166666666665 0.0609375 0.08958333333333333
1 0.79921875 0.28020833333333334 0.0703125 0.10625
2 0.961328125 0.34739583333333335 0.07734375 0.196875
1 0.700390625 0.23541666666666666 0.06640625 0.10416666666666667
2 0.5453125 0.803125 0.1640625 0.20208333333333334
2 0.1203125 0.24739583333333334 0.0828125 0.11979166666666667
1 0.83515625 0.16197916666666667 0.065625 0.08645833333333333
2 0.71328125 0.7807291666666667 0.1296875 0.13854166666666667
2 0.760546875 0.6645833333333333 0.12890625 0.2
2 0.87109375 0.6401041666666667 0.1484375 0.171875
2 0.8828125 0.46822916666666664 0.19375 0.215625
2 0.19453125 0.8604166666666667 0.178125 0.22708333333333333
2 0.63203125 0.646875 0.1546875 0.22083333333333333
2 0.054296875 0.3067708333333333 0.10703125 0.29270833333333335
2 0.386328125 0.49114583333333334 0.17890625 0.25729166666666664
2 0.75859375 0.4953125 0.1 0.159375
2 0.64453125 0.8916666666666667 0.1453125 0.17083333333333334
2 0.18359375 0.6796875 0.1578125 0.184375
2 0.16171875 0.3880208333333333 0.1171875 0.153125
2 0.088671875 0.5354166666666667 0.16640625 0.22291666666666668
2 0.933203125 0.75625 0.13359375 0.15208333333333332
2 0.273828125 0.41354166666666664 0.12109375 0.15833333333333333