2 0.2359375 0.765625 0.1578125 0.20208333333333334
1 0.58046875 0.5984375 0.0578125 0.09895833333333333
1 0.155078125 0.4359375 0.06328125 0.09479166666666666
0 0.012109375 0.0140625 0.02421875 0.028125
2 0.357421875 0.5244791666666667 0.18359375 0.20520833333333333
1 0.83984375 0.21145833333333333 0.0671875 0.08958333333333333
0 0.237890625 0.07395833333333333 0.02109375 0.035416666666666666
1 0.026171875 0.08802083333333334 0.04921875 0.090625
1 0.974609375 0.32708333333333334 0.05078125 0.08333333333333333
1 0.93046875 0.646875 0.0640625 0.09375
1 0.33828125 0.2359375 0.06875 0.08645833333333333
1 0.8078125 0.403125 0.071875 0.09791666666666667
0 0.005859375 0.865625 0.01171875 0.06875
1 0.5765625 0.7947916666666667 0.0609375 0.07916666666666666
1 0.90390625 0.9255208333333333 0.059375 0.084375
1 0.8203125 0.90625 0.0625 0.08958333333333333
1 0.85390625 0.0875 0.05625 0.12083333333333333
1 0.534375 0.9447916666666667 0.0828125 0.08125
1 0.76171875 0.98125 0.0953125 0.0375
2 0.47265625 0.334375 0.1046875 0.13958333333333334
1 0.9109375 0.4859375 0.0640625 0.09270833333333334
1 0.090625 0.3697916666666667 0.065625 0.10208333333333333
1 0.740625 0.4010416666666667 0.059375 0.09375
2 0.55 0.42552083333333335 0.14375 0.184375
1 0.4796875 0.6635416666666667 0.059375 0.10416666666666667
2 0.63515625 0.228125 0.3609375 0.45208333333333334
1 0.4625 0.1875 0.0546875 0.08958333333333333
1 0.84375 0.46875 0.0625 0.0875
1 0.52578125 0.09791666666666667 0.0859375 0.09166666666666666
1 0.030859375 0.5869791666666667 0.05859375 0.09479166666666666
1 0.884375 0.3098958333333333 0.06875 0.090625
2 0.38359375 0.6875 0.1390625 0.17083333333333334
1 0.68203125 0.640625 0.0609375 0.08541666666666667
1 0.597265625 0.696875 0.05546875 0.09791666666666667
1 0.8078125 0.5458333333333333 0.06875 0.08333333333333333
1 0.153515625 0.3338541666666667 0.06953125 0.10104166666666667
1 0.76015625 0.7942708333333334 0.0703125 0.084375
1 0.54140625 0.8578125 0.0734375 0.08020833333333334
1 0.757421875 0.6885416666666667 0.06328125 0.10416666666666667
2 0.226953125 0.5807291666666666 0.14921875 0.178125
1 0.4265625 0.9255208333333333 0.06875 0.09270833333333334
1 0.9625 0.753125 0.0703125 0.09375
1 0.53515625 0.709375 0.0578125 0.10625
1 0.903125 0.8364583333333333 0.084375 0.09375
1 0.653125 0.503125 0.059375 0.10208333333333333
1 0.73125 0.8760416666666667 0.075 0.09791666666666667
1 0.6546875 0.7729166666666667 0.071875 0.09791666666666667
1 0.884375 0.725 0.0703125 0.09583333333333334