1 0.75078125 0.17447916666666666 0.0703125 0.10520833333333333
0 0.991796875 0.4041666666666667 0.01640625 0.075
2 0.99140625 0.403125 0.015625 0.07916666666666666
1 0.061328125 0.9541666666666667 0.07734375 0.09166666666666666
2 0.021484375 0.40572916666666664 0.04140625 0.08854166666666667
1 0.0109375 0.32864583333333336 0.0203125 0.109375
0 0.006640625 0.21822916666666667 0.01328125 0.103125
1 0.721875 0.23645833333333333 0.071875 0.10625
1 0.55703125 0.020833333333333332 0.0703125 0.041666666666666664
1 0.358984375 0.023958333333333335 0.08828125 0.04791666666666667
2 0.8890625 0.09791666666666667 0.0765625 0.1125
0 0.9625 0.7057291666666666 0.03125 0.034375
1 0.135546875 0.04895833333333333 0.06953125 0.0875
2 0.90625 0.24010416666666667 0.0859375 0.096875
1 0.67265625 0.9807291666666667 0.1265625 0.03854166666666667
1 0.017578125 0.7692708333333333 0.03515625 0.08645833333333333
1 0.51875 0.9291666666666667 0.0625 0.09166666666666666
1 0.70625 0.42604166666666665 0.06875 0.08541666666666667
1 0.021484375 0.4046875 0.04140625 0.08645833333333333
2 0.233203125 0.0765625 0.07109375 0.08645833333333333
1 0.66953125 0.1484375 0.0703125 0.09270833333333334
1 0.4109375 0.31302083333333336 0.071875 0.10104166666666667
1 0.9859375 0.19166666666666668 0.0265625 0.1125
1 0.270703125 0.3567708333333333 0.07421875 0.096875
2 0.671875 0.14895833333333333 0.06875 0.09583333333333334
1 0.68203125 0.934375 0.0671875 0.08541666666666667
1 0.83671875 0.1296875 0.0546875 0.084375
1 0.0765625 0.03802083333333333 0.06875 0.07604166666666666
1 0.30546875 0.019791666666666666 0.06875 0.03958333333333333
1 0.776171875 0.40208333333333335 0.06953125 0.09375
1 0.1171875 0.7015625 0.06875 0.090625
2 0.648046875 0.4864583333333333 0.08828125 0.11041666666666666
1 0.0828125 0.33697916666666666 0.0640625 0.09895833333333333
1 0.312890625 0.9744791666666667 0.07109375 0.04895833333333333
1 0.653515625 0.8333333333333334 0.05546875 0.07083333333333333
0 0.666796875 0.3734375 0.03671875 0.042708333333333334
1 0.903125 0.23958333333333334 0.084375 0.09583333333333334
1 0.126953125 0.33125 0.06015625 0.09375
1 0.82421875 0.26875 0.0703125 0.09166666666666666
1 0.059375 0.875 0.06875 0.08958333333333333
1 0.121484375 0.11197916666666667 0.07265625 0.10104166666666667
1 0.0796875 0.6619791666666667 0.059375 0.08854166666666667
1 0.326953125 0.6322916666666667 0.06328125 0.08125
1 0.20625 0.7744791666666667 0.06875 0.090625
1 0.183984375 0.47708333333333336 0.06328125 0.08333333333333333
1 0.9046875 0.9291666666666667 0.0703125 0.09166666666666666
1 0.7046875 0.023958333333333335 0.071875 0.04791666666666667
1 0.4796875 0.9630208333333333 0.065625 0.07395833333333333
1 0.7484375 0.06510416666666667 0.071875 0.10520833333333333
1 0.705859375 0.8369791666666667 0.06015625 0.07604166666666666
1 0.0609375 0.5046875 0.071875 0.10729166666666666
1 0.051953125 0.721875 0.05859375 0.08541666666666667
1 0.85546875 0.6729166666666667 0.065625 0.09166666666666666
1 0.890625 0.0984375 0.078125 0.109375
1 0.584375 0.075 0.075 0.1
1 0.43515625 0.7645833333333333 0.0671875 0.08333333333333333
1 0.232421875 0.07604166666666666 0.06953125 0.08541666666666667
2 0.271484375 0.3572916666666667 0.07734375 0.09791666666666667
1 0.178515625 0.8375 0.06796875 0.09166666666666666
1 0.1890625 0.17552083333333332 0.06875 0.090625
1 0.32734375 0.46875 0.0828125 0.10833333333333334
1 0.83125 0.38958333333333334 0.0703125 0.0875
1 0.225 0.5260416666666666 0.0703125 0.07916666666666666
1 0.24609375 0.26614583333333336 0.0796875 0.109375
1 0.326953125 0.18125 0.07109375 0.09583333333333334
1 0.4265625 0.6598958333333333 0.065625 0.08854166666666667
1 0.646875 0.4875 0.090625 0.1125
1 0.387109375 0.38958333333333334 0.06953125 0.09583333333333334
1 0.9484375 0.8041666666666667 0.06875 0.09375
1 0.45234375 0.24583333333333332 0.0671875 0.09375
1 0.3203125 0.5625 0.0671875 0.08333333333333333
1 0.259375 0.8239583333333333 0.078125 0.09791666666666667
1 0.6 0.2838541666666667 0.071875 0.090625
1 0.514453125 0.12135416666666667 0.06953125 0.08645833333333333
1 0.75625 0.3026041666666667 0.06875 0.08645833333333333
1 0.108984375 0.5760416666666667 0.06484375 0.08541666666666667
1 0.027734375 0.0953125 0.05546875 0.128125
1 0.9140625 0.6583333333333333 0.08125 0.1
1 0.26171875 0.1578125 0.0765625 0.090625
1 0.4984375 0.5536458333333333 0.06875 0.09895833333333333
1 0.678125 0.765625 0.065625 0.09166666666666666
1 0.435546875 0.578125 0.07109375 0.09375
1 0.24453125 0.9114583333333334 0.0703125 0.09791666666666667
1 0.6484375 0.6041666666666666 0.075 0.11666666666666667
1 0.562109375 0.3958333333333333 0.07421875 0.1125
1 0.505859375 0.8458333333333333 0.06796875 0.10625
1 0.233984375 0.6932291666666667 0.07734375 0.09479166666666666
1 0.39140625 0.23541666666666666 0.0640625 0.10416666666666667
1 0.805859375 0.8880208333333334 0.08359375 0.10520833333333333
1 0.58125 0.20208333333333334 0.078125 0.09583333333333334
1 0.540625 0.7541666666666667 0.075 0.10416666666666667
1 0.45546875 0.08125 0.0796875 0.09791666666666667
1 0.9 0.5390625 0.065625 0.10104166666666667
1 0.786328125 0.6697916666666667 0.07734375 0.11458333333333333
1 0.609375 0.740625 0.0734375 0.10625
1 0.8140625 0.7885416666666667 0.078125 0.10625
2 0.421875 0.8791666666666667 0.11875 0.15833333333333333
2 0.751953125 0.5151041666666667 0.13203125 0.159375