0 0.78515625 0.5197916666666667 0.0609375 0.08541666666666667
1 0.8140625 0.010416666666666666 0.0796875 0.020833333333333332
1 0.0078125 0.55 0.015625 0.10208333333333333
1 0.275 0.35208333333333336 0.06875 0.09375
1 0.390625 0.8973958333333333 0.0703125 0.08854166666666667
1 0.9671875 0.37552083333333336 0.0625 0.09479166666666666
1 0.16171875 0.6239583333333333 0.0734375 0.10625
1 0.88046875 0.9864583333333333 0.0828125 0.027083333333333334
0 0.42421875 0.6932291666666667 0.0234375 0.026041666666666668
1 0.033203125 0.121875 0.06640625 0.1125
1 0.55625 0.5479166666666667 0.065625 0.09166666666666666
1 0.692578125 0.2942708333333333 0.07421875 0.10729166666666666
1 0.9796875 0.84375 0.040625 0.08958333333333333
0 0.30859375 0.8958333333333334 0.021875 0.025
0 0.9625 0.018229166666666668 0.0234375 0.03229166666666667
1 0.333984375 0.21041666666666667 0.06953125 0.1125
1 0.072265625 0.6552083333333333 0.06171875 0.09375
0 0.994140625 0.6020833333333333 0.01171875 0.029166666666666667
1 0.9671875 0.8166666666666667 0.0609375 0.07916666666666666
1 0.6109375 0.9416666666666667 0.0578125 0.08333333333333333
1 0.9828125 0.4583333333333333 0.034375 0.08333333333333333
1 0.140625 0.3338541666666667 0.08125 0.084375
1 0.85625 0.6197916666666666 0.0640625 0.09791666666666667
1 0.17578125 0.4015625 0.0734375 0.09479166666666666
1 0.503515625 0.014583333333333334 0.07109375 0.029166666666666667
1 0.3828125 0.975 0.0875 0.04583333333333333
1 0.51875 0.9614583333333333 0.065625 0.07708333333333334
1 0.657421875 0.20260416666666667 0.06640625 0.08645833333333333
1 0.763671875 0.3614583333333333 0.07421875 0.10625
1 0.45625 0.9739583333333334 0.075 0.04791666666666667
1 0.984375 0.22135416666666666 0.0296875 0.09479166666666666
1 0.241015625 0.28229166666666666 0.06640625 0.1
1 0.97421875 0.94375 0.05 0.09166666666666666
1 0.0109375 0.28958333333333336 0.021875 0.10625
1 0.7234375 0.9708333333333333 0.08125 0.058333333333333334
1 0.796875 0.6432291666666666 0.06875 0.10104166666666667
1 0.02890625 0.025 0.0578125 0.05
0 0.7265625 0.5244791666666667 0.021875 0.026041666666666668
1 0.395703125 0.018229166666666668 0.07421875 0.036458333333333336
0 0.73046875 0.40989583333333335 0.0234375 0.028125
0 0.5578125 0.009895833333333333 0.028125 0.017708333333333333
0 0.75078125 0.6427083333333333 0.0234375 0.022916666666666665
1 0.02890625 0.1765625 0.0578125 0.090625
1 0.648046875 0.9526041666666667 0.06328125 0.08854166666666667
1 0.335546875 0.95 0.07265625 0.09583333333333334
1 0.91015625 0.9572916666666667 0.0625 0.08333333333333333
1 0.97265625 0.55 0.0546875 0.09791666666666667
1 0.05390625 0.540625 0.071875 0.08958333333333333
1 0.48125 0.3182291666666667 0.06875 0.084375
1 0.683203125 0.3307291666666667 0.06171875 0.090625
1 0.176171875 0.2609375 0.07578125 0.09895833333333333
1 0.94296875 0.6484375 0.0859375 0.11354166666666667
1 0.9765625 0.3385416666666667 0.04375 0.09791666666666667
1 0.56015625 0.784375 0.0703125 0.09166666666666666
0 0.8453125 0.17135416666666667 0.0265625 0.034375
1 0.254296875 0.9479166666666666 0.06953125 0.0875
1 0.9765625 0.73125 0.0453125 0.0875
1 0.323828125 0.2625 0.06328125 0.09583333333333334
0 0.75 0.5078125 0.021875 0.026041666666666668
1 0.78671875 0.4479166666666667 0.065625 0.0875
1 0.47734375 0.6989583333333333 0.078125 0.08541666666666667
1 0.376171875 0.42291666666666666 0.07734375 0.08333333333333333
1 0.1546875 0.03177083333333333 0.065625 0.06354166666666666
1 0.099609375 0.13541666666666666 0.06796875 0.09166666666666666
1 0.032421875 0.6333333333333333 0.06484375 0.09166666666666666
1 0.3125 0.5182291666666666 0.065625 0.08854166666666667
1 0.6625 0.0265625 0.075 0.053125
1 0.63984375 0.24166666666666667 0.0609375 0.0875
1 0.033203125 0.934375 0.06484375 0.08958333333333333
1 0.171484375 0.959375 0.07421875 0.08125
1 0.49140625 0.7885416666666667 0.071875 0.08958333333333333
1 0.103125 0.925 0.0703125 0.0875
1 0.04453125 0.2671875 0.0609375 0.08854166666666667
1 0.84765625 0.934375 0.0734375 0.09166666666666666
1 0.25078125 0.5515625 0.0609375 0.090625
1 0.7859375 0.5171875 0.059375 0.09479166666666666
1 0.44609375 0.06145833333333333 0.0734375 0.10208333333333333
1 0.82578125 0.85 0.0640625 0.08541666666666667
1 0.107421875 0.2552083333333333 0.06171875 0.07916666666666666
1 0.410546875 0.3223958333333333 0.06953125 0.109375
1 0.185546875 0.7791666666666667 0.06484375 0.08333333333333333
1 0.622265625 0.38645833333333335 0.07109375 0.09583333333333334
1 0.84296875 0.5416666666666666 0.06875 0.08333333333333333
1 0.55546875 0.36875 0.0640625 0.08333333333333333
1 0.391796875 0.6651041666666667 0.07109375 0.08854166666666667
1 0.5 0.23645833333333333 0.071875 0.09375
1 0.053125 0.8526041666666667 0.0671875 0.090625
1 0.62734375 0.5729166666666666 0.0640625 0.09375
1 0.310546875 0.03802083333333333 0.06953125 0.07604166666666666
1 0.7390625 0.03958333333333333 0.071875 0.07916666666666666
1 0.425390625 0.21822916666666667 0.07421875 0.096875
1 0.2953125 0.6286458333333333 0.0640625 0.08854166666666667
1 0.734375 0.5875 0.06875 0.09166666666666666
1 0.18203125 0.6807291666666667 0.0640625 0.109375
1 0.48984375 0.4041666666666667 0.0703125 0.09166666666666666
1 0.91171875 0.5395833333333333 0.0609375 0.09166666666666666
1 0.122265625 0.8380208333333333 0.07109375 0.09270833333333334
1 0.396875 0.78125 0.0625 0.09166666666666666
1 0.56328125 0.28489583333333335 0.0703125 0.08854166666666667
1 0.1265625 0.7088541666666667 0.0625 0.09479166666666666
1 0.188671875 0.8661458333333333 0.06953125 0.084375
1 0.16328125 0.16614583333333333 0.071875 0.09270833333333334
1 0.387890625 0.13645833333333332 0.06640625 0.09375
1 0.59921875 0.0375 0.0609375 0.075
1 0.8609375 0.6864583333333333 0.075 0.10208333333333333
1 0.2796875 0.43854166666666666 0.075 0.09375
1 0.08046875 0.044270833333333336 0.0640625 0.08854166666666667
1 0.909375 0.8692708333333333 0.0765625 0.09270833333333334
1 0.5625 0.6875 0.0703125 0.09583333333333334
1 0.68671875 0.7744791666666667 0.0734375 0.09895833333333333
1 0.5453125 0.4588541666666667 0.0625 0.09270833333333334
1 0.91484375 0.4421875 0.0640625 0.08854166666666667
1 0.503125 0.13177083333333334 0.075 0.10104166666666667
1 0.041796875 0.38385416666666666 0.06953125 0.10520833333333333
1 0.2453125 0.7229166666666667 0.075 0.09583333333333334
1 0.35546875 0.59375 0.0640625 0.08958333333333333
1 0.601171875 0.8520833333333333 0.06953125 0.09166666666666666
1 0.48046875 0.490625 0.06875 0.09375
1 0.3421875 0.35572916666666665 0.06875 0.10104166666666667
1 0.84453125 0.23489583333333333 0.0765625 0.09270833333333334
1 0.24609375 0.06979166666666667 0.0671875 0.1
1 0.625 0.7390625 0.065625 0.09895833333333333
1 0.45859375 0.6213541666666667 0.0671875 0.096875
1 0.9015625 0.7697916666666667 0.0765625 0.10208333333333333
1 0.84765625 0.4578125 0.0671875 0.08645833333333333
1 0.101953125 0.4348958333333333 0.06171875 0.10104166666666667
1 0.302734375 0.12083333333333333 0.06484375 0.09375
1 0.2421875 0.16822916666666668 0.06875 0.090625
1 0.934375 0.2328125 0.0671875 0.09479166666666666
1 0.3828125 0.5083333333333333 0.071875 0.08958333333333333
1 0.774609375 0.25052083333333336 0.07265625 0.09479166666666666
1 0.794921875 0.7416666666666667 0.07265625 0.09583333333333334
1 0.909375 0.10208333333333333 0.065625 0.09166666666666666
1 0.6 0.13802083333333334 0.078125 0.103125
1 0.0296875 0.721875 0.059375 0.09583333333333334
1 0.162109375 0.5104166666666666 0.07265625 0.1
1 0.5328125 0.59375 0.06875 0.09791666666666667
1 0.52734375 0.8697916666666666 0.0734375 0.10416666666666667
1 0.97109375 0.1265625 0.0546875 0.090625
1 0.61484375 0.46927083333333336 0.071875 0.10729166666666666
1 0.6796875 0.5145833333333333 0.06875 0.09583333333333334
1 0.66875 0.6572916666666667 0.071875 0.09791666666666667
1 0.77421875 0.1234375 0.0703125 0.10104166666666667
1 0.8296875 0.06927083333333334 0.08125 0.10104166666666667
1 0.70078125 0.12604166666666666 0.071875 0.10208333333333333
2 0.84765625 0.35104166666666664 0.1171875 0.14791666666666667
1 0.7609375 0.8614583333333333 0.071875 0.10625
2 0.29375 0.8125 0.15625 0.15833333333333333