0 0.5296875 0.008854166666666666 0.05625 0.017708333333333333
2 0.665625 0.07239583333333334 0.090625 0.11979166666666667
0 0.014453125 0.7135416666666666 0.02890625 0.10208333333333333
1 0.8765625 0.3619791666666667 0.090625 0.115625
2 0.241796875 0.35520833333333335 0.07890625 0.0875
1 0.677734375 0.06822916666666666 0.06953125 0.10520833333333333
1 0.0140625 0.715625 0.0265625 0.1125
1 0.344140625 0.6625 0.07578125 0.0875
2 0.397265625 0.49635416666666665 0.08359375 0.096875
2 0.68671875 0.778125 0.0703125 0.08541666666666667
1 0.971484375 0.759375 0.05703125 0.09791666666666667
2 0.87890625 0.3609375 0.0828125 0.11354166666666667
1 0.27265625 0.2703125 0.0828125 0.10729166666666666
2 0.97265625 0.5333333333333333 0.0546875 0.10416666666666667
1 0.06875 0.46875 0.078125 0.12916666666666668
1 0.8984375 0.8916666666666667 0.075 0.0875
1 0.37890625 0.234375 0.0796875 0.09583333333333334
1 0.406640625 0.31979166666666664 0.08046875 0.11041666666666666
1 0.73984375 0.46197916666666666 0.0859375 0.10729166666666666
1 0.02578125 0.5979166666666667 0.0515625 0.10833333333333334
1 0.778125 0.56875 0.078125 0.12291666666666666
2 0.455078125 0.9796875 0.16640625 0.040625
0 0.683203125 0.9885416666666667 0.05390625 0.022916666666666665
1 0.401171875 0.7078125 0.08203125 0.103125
1 0.73515625 0.1046875 0.0640625 0.096875
2 0.971484375 0.7583333333333333 0.05703125 0.1
2 0.778515625 0.5682291666666667 0.07890625 0.121875
2 0.239453125 0.44427083333333334 0.09296875 0.10520833333333333
2 0.295703125 0.9385416666666667 0.09140625 0.12083333333333333
2 0.453125 0.2265625 0.090625 0.121875
1 0.75390625 0.17291666666666666 0.0765625 0.10416666666666667
1 0.5078125 0.7708333333333334 0.0875 0.1
1 0.46953125 0.028645833333333332 0.0765625 0.05520833333333333
2 0.614453125 0.63125 0.08671875 0.11458333333333333
1 0.61328125 0.6322916666666667 0.0828125 0.10208333333333333
1 0.504296875 0.9302083333333333 0.07109375 0.09375
2 0.401953125 0.7072916666666667 0.07890625 0.09791666666666667
1 0.04296875 0.19895833333333332 0.0859375 0.10625
0 0.216015625 0.9875 0.07578125 0.025
2 0.78125 0.9708333333333333 0.08125 0.058333333333333334
1 0.241015625 0.3546875 0.07734375 0.08020833333333334
1 0.296484375 0.9416666666666667 0.08828125 0.11666666666666667
1 0.022265625 0.5229166666666667 0.04296875 0.10416666666666667
2 0.27578125 0.26614583333333336 0.0828125 0.10104166666666667
1 0.3671875 0.4421875 0.078125 0.103125
0 0.010546875 0.9239583333333333 0.02109375 0.10208333333333333
1 0.971875 0.5348958333333333 0.0546875 0.10729166666666666
1 0.794921875 0.2760416666666667 0.07109375 0.09791666666666667
1 0.395703125 0.49322916666666666 0.08515625 0.103125
0 0.022265625 0.025520833333333333 0.04296875 0.046875
1 0.91171875 0.9625 0.0765625 0.075
2 0.980078125 0.25729166666666664 0.03984375 0.13541666666666666
2 0.974609375 0.43645833333333334 0.05078125 0.11041666666666666
1 0.313671875 0.15104166666666666 0.07578125 0.08958333333333333
2 0.40703125 0.3177083333333333 0.0796875 0.11041666666666666
1 0.965625 0.8979166666666667 0.0640625 0.10625
1 0.227734375 0.14791666666666667 0.08203125 0.09791666666666667
1 0.44609375 0.7953125 0.0671875 0.090625
2 0.023828125 0.39114583333333336 0.04609375 0.109375
1 0.084375 0.34322916666666664 0.0640625 0.084375
2 0.22890625 0.14947916666666666 0.0828125 0.10104166666666667
1 0.92734375 0.8010416666666667 0.0703125 0.1
0 0.4953125 0.21458333333333332 0.03125 0.035416666666666666
1 0.20078125 0.29010416666666666 0.0671875 0.103125
1 0.305859375 0.7260416666666667 0.06796875 0.09166666666666666
1 0.0890625 0.5723958333333333 0.0625 0.09270833333333334
1 0.0859375 0.9333333333333333 0.0765625 0.09166666666666666
2 0.960546875 0.10208333333333333 0.07890625 0.20416666666666666
1 0.61484375 0.7989583333333333 0.08125 0.1
1 0.82265625 0.1140625 0.0671875 0.10520833333333333
1 0.68515625 0.778125 0.06875 0.0875
1 0.23125 0.5791666666666667 0.06875 0.09166666666666666
2 0.725 0.3109375 0.0765625 0.11979166666666667
2 0.5921875 0.04375 0.09375 0.08333333333333333
1 0.14921875 0.5604166666666667 0.0671875 0.10208333333333333
2 0.349609375 0.5671875 0.09609375 0.11354166666666667
2 0.044140625 0.19947916666666668 0.08828125 0.103125
1 0.11015625 0.06875 0.06875 0.09583333333333334
1 0.9609375 0.6208333333333333 0.06875 0.1
1 0.80234375 0.3640625 0.075 0.09270833333333334
1 0.262109375 0.8385416666666666 0.08515625 0.10833333333333334
1 0.8109375 0.4796875 0.071875 0.09895833333333333
1 0.3953125 0.15520833333333334 0.08125 0.09791666666666667
2 0.48125 0.35885416666666664 0.0796875 0.12395833333333334
2 0.830859375 0.925 0.08046875 0.1125
2 0.88125 0.23958333333333334 0.1125 0.14375
1 0.145703125 0.321875 0.07109375 0.09791666666666667
1 0.46640625 0.659375 0.0703125 0.10208333333333333
1 0.671875 0.5890625 0.071875 0.096875
2 0.612109375 0.27395833333333336 0.08046875 0.10833333333333334
2 0.508203125 0.7708333333333334 0.08671875 0.1
2 0.2125 0.7291666666666666 0.084375 0.1125
2 0.650390625 0.9421875 0.08671875 0.10729166666666666
2 0.58359375 0.18125 0.0859375 0.1125
1 0.88125 0.46875 0.071875 0.09166666666666666
2 0.826953125 0.6546875 0.08515625 0.103125
2 0.301953125 0.05625 0.09765625 0.10416666666666667
2 0.06953125 0.46822916666666664 0.084375 0.13020833333333334
1 0.859375 0.8 0.06875 0.09166666666666666
2 0.483984375 0.5276041666666667 0.09453125 0.115625
2 0.120703125 0.8354166666666667 0.08671875 0.1
1 0.896875 0.6203125 0.071875 0.11145833333333334
2 0.09375 0.7229166666666667 0.109375 0.12916666666666668
2 0.143359375 0.20104166666666667 0.08671875 0.1125
2 0.713671875 0.8703125 0.10078125 0.11979166666666667
2 0.609765625 0.4510416666666667 0.18046875 0.22708333333333333