0 0.50703125 0.01875 0.0484375 0.0375
2 0.070703125 0.06180555555555556 0.07421875 0.11805555555555555
1 0.396484375 0.05347222222222222 0.05546875 0.10416666666666667
1 0.330859375 0.05416666666666667 0.07578125 0.10555555555555556
0 0.165234375 0.5583333333333333 0.08828125 0.15
2 0.5328125 0.5347222222222222 0.065625 0.2638888888888889
1 0.91640625 0.5993055555555555 0.140625 0.25972222222222224
2 0.829296875 0.021527777777777778 0.08671875 0.043055555555555555
0 0.90234375 0.034722222222222224 0.05 0.06666666666666667
1 0.83046875 0.021527777777777778 0.0859375 0.043055555555555555
1 0.45390625 0.0763888888888889 0.0640625 0.14722222222222223
2 0.5328125 0.3472222222222222 0.103125 0.19444444444444445
2 0.975 0.19930555555555557 0.05 0.2569444444444444
2 0.756640625 0.03611111111111111 0.08046875 0.07222222222222222
2 0.04296875 0.7256944444444444 0.084375 0.1597222222222222
1 0.6421875 0.6875 0.084375 0.18055555555555555
1 0.434375 0.9319444444444445 0.06875 0.13333333333333333
2 0.871875 0.7472222222222222 0.103125 0.13333333333333333
1 0.5359375 0.35 0.078125 0.1638888888888889
2 0.602734375 0.5 0.79453125 1
1 0.07109375 0.06111111111111111 0.071875 0.12222222222222222
1 0.009375 0.06666666666666667 0.01875 0.13333333333333333
0 0.490625 0.9194444444444444 0.06875 0.125
1 0.042578125 0.7222222222222222 0.08046875 0.1638888888888889
1 0.75625 0.03958333333333333 0.08125 0.07916666666666666
1 0.871875 0.7458333333333333 0.103125 0.13055555555555556
1 0.471875 0.5430555555555555 0.0765625 0.1638888888888889
1 0.135546875 0.08263888888888889 0.06640625 0.1375
2 0.9125 0.19930555555555557 0.0828125 0.17916666666666667
1 0.3171875 0.18263888888888888 0.084375 0.15694444444444444
1 0.022265625 0.3638888888888889 0.04140625 0.19722222222222222
1 0.416796875 0.6034722222222222 0.07265625 0.14583333333333334
2 0.640625 0.6902777777777778 0.0859375 0.175
1 0.71171875 0.12986111111111112 0.0921875 0.1597222222222222
1 0.797265625 0.11666666666666667 0.06328125 0.11666666666666667
2 0.84140625 0.22083333333333333 0.0765625 0.17777777777777778
1 0.63125 0.5159722222222223 0.08125 0.1375
1 0.412109375 0.17777777777777778 0.09140625 0.12777777777777777
2 0.33828125 0.6909722222222222 0.0828125 0.1375
2 0.63203125 0.5159722222222223 0.0828125 0.1375
0 0.049609375 0.8708333333333333 0.04140625 0.06944444444444445
1 0.0359375 0.5805555555555556 0.06875 0.12222222222222222
2 0.7109375 0.12777777777777777 0.090625 0.16111111111111112
2 0.319140625 0.18541666666666667 0.09296875 0.1597222222222222
2 0.0875 0.46041666666666664 0.0875 0.15416666666666667
2 0.41171875 0.17847222222222223 0.0921875 0.12083333333333333
2 0.111328125 0.25277777777777777 0.08046875 0.20277777777777778
2 0.162109375 0.5534722222222223 0.08359375 0.15694444444444444
2 0.11171875 0.6805555555555556 0.0796875 0.21388888888888888
2 0.0390625 0.16111111111111112 0.075 0.16111111111111112
1 0.8421875 0.21666666666666667 0.075 0.18055555555555555
1 0.086328125 0.46319444444444446 0.08515625 0.1486111111111111
2 0.224609375 0.17291666666666666 0.09453125 0.15138888888888888
1 0.2234375 0.1736111111111111 0.0875 0.14722222222222223
1 0.9109375 0.1951388888888889 0.0796875 0.17916666666666667
2 0.212890625 0.7930555555555555 0.09140625 0.16944444444444445
2 0.41953125 0.7729166666666667 0.0984375 0.16527777777777777