1 0.971875 0.49166666666666664 0.0546875 0.2111111111111111
0 0.4890625 0.7208333333333333 0.015625 0.025
1 0.92890625 0.7666666666666667 0.103125 0.16111111111111112
1 0.209765625 0.41944444444444445 0.07421875 0.14444444444444443
1 0.18359375 0.875 0.1015625 0.16111111111111112
1 0.6484375 0.022916666666666665 0.09375 0.04583333333333333
1 0.9890625 0.0875 0.021875 0.175
2 0.44453125 0.9069444444444444 0.2828125 0.17777777777777778
1 0.278125 0.09583333333333334 0.084375 0.16944444444444445
1 0.70078125 0.8715277777777778 0.078125 0.15416666666666667
1 0.014453125 0.30069444444444443 0.02890625 0.1763888888888889
1 0.35859375 0.7027777777777777 0.0859375 0.16666666666666666
1 0.783203125 0.03888888888888889 0.10703125 0.07777777777777778
2 0.43671875 0.3416666666666667 0.1703125 0.24444444444444444
1 0.584375 0.7375 0.075 0.14166666666666666
1 0.7453125 0.9659722222222222 0.09375 0.0625
1 0.27578125 0.41388888888888886 0.0703125 0.16111111111111112
1 0.60234375 0.12777777777777777 0.0984375 0.17222222222222222
1 0.778125 0.8777777777777778 0.078125 0.14166666666666666
1 0.94140625 0.9152777777777777 0.0875 0.14166666666666666
1 0.303125 0.8361111111111111 0.075 0.15555555555555556
1 0.653125 0.35555555555555557 0.1078125 0.17777777777777778
1 0.180859375 0.09513888888888888 0.09296875 0.16805555555555557
1 0.632421875 0.6368055555555555 0.08671875 0.14583333333333334
1 0.632421875 0.9138888888888889 0.07578125 0.14166666666666666
1 0.865625 0.8756944444444444 0.0828125 0.15416666666666667
1 0.055859375 0.10555555555555556 0.10234375 0.18888888888888888
1 0.9015625 0.11319444444444444 0.0875 0.15138888888888888
1 0.91171875 0.2590277777777778 0.0921875 0.15138888888888888
1 0.72421875 0.5340277777777778 0.1484375 0.2013888888888889
1 0.79140625 0.36666666666666664 0.0984375 0.16944444444444445
1 0.06484375 0.2875 0.084375 0.14166666666666666
2 0.4625 0.575 0.2015625 0.3055555555555556
1 0.1484375 0.35138888888888886 0.08125 0.16666666666666666
1 0.674609375 0.2111111111111111 0.09453125 0.16111111111111112
1 0.83515625 0.6479166666666667 0.103125 0.19027777777777777
2 0.450390625 0.12152777777777778 0.17890625 0.24305555555555555
1 0.183984375 0.5541666666666667 0.11015625 0.18611111111111112
1 0.82890625 0.17291666666666666 0.0828125 0.1875