2 0.273828125 0.019444444444444445 0.09453125 0.03888888888888889
0 0.187890625 0.6826388888888889 0.01953125 0.04027777777777778
2 0.76796875 0.48333333333333334 0.4515625 0.9666666666666667
0 0.384375 0.9694444444444444 0.09375 0.05555555555555555
2 0.8765625 0.9430555555555555 0.0921875 0.10833333333333334
1 0.9328125 0.029861111111111113 0.1015625 0.05694444444444444
1 0.965625 0.1451388888888889 0.06875 0.2902777777777778
1 0.3 0.21666666666666667 0.128125 0.14444444444444443
2 0.148046875 0.052083333333333336 0.07109375 0.10138888888888889
1 0.9 0.13819444444444445 0.0921875 0.20972222222222223
1 0.273828125 0.017361111111111112 0.09140625 0.034722222222222224
2 0.85859375 0.2826388888888889 0.09375 0.15416666666666667
1 0.359375 0.43194444444444446 0.0953125 0.15833333333333333
2 0.28828125 0.7284722222222222 0.0796875 0.1375
2 0.221484375 0.3 0.44296875 0.6
1 0.8234375 0.39166666666666666 0.090625 0.14166666666666666
0 0.166796875 0.27569444444444446 0.01953125 0.0375
2 0.98984375 0.6527777777777778 0.0203125 0.2222222222222222
2 0.385546875 0.9701388888888889 0.10703125 0.05138888888888889
1 0.68984375 0.29097222222222224 0.0859375 0.1375
1 0.69375 0.07361111111111111 0.08125 0.14722222222222223
2 0.173828125 0.7833333333333333 0.34140625 0.43333333333333335
2 0.93359375 0.027777777777777776 0.1140625 0.05277777777777778
1 0.90859375 0.8361111111111111 0.0890625 0.1527777777777778
0 0.106640625 0.7444444444444445 0.01953125 0.03888888888888889
1 0.173046875 0.8625 0.09453125 0.17222222222222222
1 0.53125 0.925 0.0875 0.14444444444444443
2 0.122265625 0.625 0.09765625 0.16944444444444445
1 0.08671875 0.10347222222222222 0.0921875 0.1597222222222222
1 0.72265625 0.9340277777777778 0.0890625 0.12361111111111112
1 0.54609375 0.07569444444444444 0.0859375 0.1486111111111111
2 0.086328125 0.10416666666666667 0.09296875 0.16111111111111112
2 0.066796875 0.7916666666666666 0.09296875 0.1638888888888889
2 0.980078125 0.47638888888888886 0.03984375 0.19166666666666668
1 0.56953125 0.6395833333333333 0.1015625 0.1763888888888889
1 0.066015625 0.7909722222222222 0.09296875 0.1597222222222222
0 0.00703125 0.7104166666666667 0.0140625 0.08194444444444444
2 0.90234375 0.1375 0.090625 0.20555555555555555
2 0.219140625 0.3486111111111111 0.08828125 0.14166666666666666
2 0.52421875 0.35 0.0859375 0.18888888888888888
2 0.246484375 0.7479166666666667 0.08828125 0.1625
2 0.68984375 0.28958333333333336 0.0875 0.1375
1 0.5234375 0.35 0.084375 0.19444444444444445
1 0.052734375 0.525 0.08515625 0.1388888888888889
1 0.14765625 0.05138888888888889 0.071875 0.10277777777777777
2 0.055078125 0.525 0.08984375 0.14444444444444443
1 0.262890625 0.1076388888888889 0.09296875 0.1375
2 0.532421875 0.9236111111111112 0.08984375 0.14166666666666666
2 0.173828125 0.8625 0.09921875 0.17222222222222222
2 0.96484375 0.14375 0.0703125 0.2791666666666667
2 0.9078125 0.8368055555555556 0.0890625 0.15694444444444444
1 0.85546875 0.2798611111111111 0.0953125 0.15138888888888888
2 0.263671875 0.10833333333333334 0.09453125 0.14166666666666666
2 0.56953125 0.6402777777777777 0.1046875 0.175
2 0.593359375 0.4666666666666667 0.13046875 0.175
2 0.035546875 0.3597222222222222 0.06953125 0.19166666666666668
1 0.7296875 0.4083333333333333 0.078125 0.17222222222222222
2 0.69375 0.07222222222222222 0.084375 0.14444444444444443
2 0.46640625 0.8013888888888889 0.0890625 0.16944444444444445
2 0.096484375 0.2638888888888889 0.10234375 0.15
1 0.77578125 0.22291666666666668 0.0859375 0.13472222222222222
2 0.548046875 0.075 0.08984375 0.15
2 0.64921875 0.7875 0.1171875 0.15833333333333333
2 0.362109375 0.43333333333333335 0.10078125 0.16666666666666666
2 0.382421875 0.08958333333333333 0.09765625 0.16805555555555557
2 0.8078125 0.08541666666666667 0.159375 0.17083333333333334
2 0.819140625 0.6145833333333334 0.16640625 0.2902777777777778