1 0.99375 0.6506944444444445 0.0125 0.14305555555555555
0 0.859375 0.6958333333333333 0.0265625 0.04722222222222222
1 0.553125 0.5847222222222223 0.09375 0.175
0 0.015234375 0.39166666666666666 0.03046875 0.06944444444444445
1 0.090234375 0.13333333333333333 0.09765625 0.15833333333333333
2 0.28125 0.5041666666666667 0.5625 0.9916666666666667
1 0.028125 0.7416666666666667 0.0546875 0.14722222222222223
1 0.988671875 0.8972222222222223 0.02265625 0.16666666666666666
1 0.540625 0.9680555555555556 0.125 0.058333333333333334
1 0.990625 0.11319444444444444 0.01875 0.13194444444444445
1 0.98984375 0.7652777777777777 0.0203125 0.1361111111111111
1 0.2359375 0.95625 0.11875 0.07916666666666666
1 0.853125 0.9541666666666667 0.0859375 0.08611111111111111
0 0.55390625 0.21875 0.0234375 0.04583333333333333
1 0.825390625 0.03263888888888889 0.11328125 0.0625
1 0.284765625 0.05277777777777778 0.08828125 0.10555555555555556
1 0.715234375 0.9229166666666667 0.07265625 0.12083333333333333
2 0.283984375 0.05416666666666667 0.09453125 0.10277777777777777
1 0.4671875 0.04027777777777778 0.0640625 0.08055555555555556
1 0.676171875 0.33194444444444443 0.05078125 0.13333333333333333
1 0.955078125 0.42986111111111114 0.08984375 0.1597222222222222
1 0.38671875 0.05416666666666667 0.1078125 0.09444444444444444
1 0.759375 0.075 0.05625 0.14722222222222223
2 0.955859375 0.42916666666666664 0.08828125 0.15833333333333333
1 0.771484375 0.8541666666666666 0.08671875 0.14166666666666666
1 0.2046875 0.041666666666666664 0.090625 0.08333333333333333
2 0.678125 0.8256944444444444 0.096875 0.1486111111111111
1 0.11953125 0.9472222222222222 0.0734375 0.1
1 0.597265625 0.024305555555555556 0.06953125 0.04861111111111111
1 0.5328125 0.049305555555555554 0.078125 0.09861111111111111
1 0.180078125 0.18472222222222223 0.09453125 0.18611111111111112
2 0.56015625 0.5805555555555556 0.1046875 0.18055555555555555
1 0.790234375 0.7236111111111111 0.07578125 0.13055555555555556
1 0.5828125 0.5680555555555555 0.065625 0.14722222222222223
1 0.965625 0.29444444444444445 0.06875 0.13055555555555556
1 0.67734375 0.8263888888888888 0.096875 0.14166666666666666
1 0.351171875 0.7701388888888889 0.10390625 0.15416666666666667
1 0.734375 0.7277777777777777 0.0734375 0.13333333333333333
1 0.612890625 0.11736111111111111 0.09140625 0.14027777777777778
1 0.1234375 0.5270833333333333 0.06875 0.1375
1 0.66484375 0.04513888888888889 0.0765625 0.08472222222222223
2 0.86484375 0.5208333333333334 0.09375 0.15833333333333333
1 0.9109375 0.06666666666666667 0.0828125 0.12777777777777777
1 0.8015625 0.6333333333333333 0.08125 0.12777777777777777
1 0.2609375 0.1798611111111111 0.1015625 0.15138888888888888
1 0.91484375 0.8930555555555556 0.0734375 0.1527777777777778
1 0.318359375 0.4652777777777778 0.07734375 0.13055555555555556
1 0.082421875 0.8125 0.06640625 0.14166666666666666
1 0.068359375 0.3 0.08671875 0.15555555555555556
1 0.8546875 0.8236111111111111 0.071875 0.1638888888888889
1 0.493359375 0.2513888888888889 0.07890625 0.1388888888888889
1 0.74140625 0.32916666666666666 0.0953125 0.16944444444444445
1 0.727734375 0.55625 0.09140625 0.15416666666666667
2 0.4984375 0.7659722222222223 0.140625 0.24861111111111112
1 0.105859375 0.6909722222222222 0.08203125 0.13194444444444445
1 0.971875 0.5770833333333333 0.0546875 0.13472222222222222
1 0.454296875 0.6145833333333334 0.08515625 0.12361111111111112
1 0.4296875 0.16041666666666668 0.109375 0.20694444444444443
1 0.43046875 0.4701388888888889 0.0859375 0.12916666666666668
1 0.2640625 0.48055555555555557 0.078125 0.1388888888888889
1 0.70390625 0.15486111111111112 0.06875 0.14027777777777778
1 0.31640625 0.8805555555555555 0.08125 0.14444444444444443
1 0.3828125 0.6375 0.065625 0.15555555555555556
1 0.2390625 0.8555555555555555 0.08125 0.12777777777777777
1 0.07421875 0.5541666666666667 0.0765625 0.15833333333333333
1 0.263671875 0.3333333333333333 0.09609375 0.1527777777777778
1 0.93125 0.7576388888888889 0.084375 0.11805555555555555
1 0.153515625 0.3402777777777778 0.09453125 0.16111111111111112
1 0.83984375 0.25416666666666665 0.08125 0.20833333333333334
1 0.909375 0.3347222222222222 0.0671875 0.13333333333333333
1 0.190234375 0.50625 0.07890625 0.13472222222222222
1 0.6515625 0.5527777777777778 0.065625 0.1388888888888889
1 0.1578125 0.8444444444444444 0.08125 0.15
1 0.95546875 0.16666666666666666 0.059375 0.13333333333333333
1 0.79296875 0.4652777777777778 0.0640625 0.1527777777777778
1 0.57578125 0.8819444444444444 0.0921875 0.1361111111111111
1 0.6625 0.6847222222222222 0.071875 0.125
2 0.257421875 0.6722222222222223 0.13515625 0.24444444444444444
2 0.58515625 0.3715277777777778 0.1515625 0.25972222222222224