1 0.591015625 0.9638888888888889 0.07578125 0.07222222222222222
1 0.6640625 0.28125 0.0765625 0.1486111111111111
1 0.39375 0.6083333333333333 0.08125 0.15555555555555556
1 0.14921875 0.8861111111111111 0.1 0.18055555555555555
1 0.700390625 0.4048611111111111 0.12890625 0.1597222222222222
1 0.8546875 0.5715277777777777 0.0578125 0.12361111111111112
1 0.7109375 0.03958333333333333 0.075 0.07916666666666666
1 0.59296875 0.14583333333333334 0.0828125 0.14444444444444443
1 0.88125 0.018055555555555554 0.0796875 0.03611111111111111
1 0.657421875 0.5972222222222222 0.06484375 0.12777777777777777
1 0.0578125 0.9180555555555555 0.1109375 0.13333333333333333
1 0.028125 0.7770833333333333 0.05625 0.16527777777777777
1 0.065234375 0.5222222222222223 0.07734375 0.12777777777777777
1 0.52265625 0.11875 0.0734375 0.15416666666666667
1 0.017578125 0.20416666666666666 0.03515625 0.13333333333333333
1 0.2015625 0.058333333333333334 0.1 0.11666666666666667
1 0.60703125 0.8993055555555556 0.0671875 0.11527777777777778
1 0.141796875 0.3013888888888889 0.06171875 0.10833333333333334
1 0.971875 0.18055555555555555 0.05625 0.17777777777777778
1 0.26015625 0.9784722222222222 0.078125 0.0375
1 0.74375 0.8236111111111111 0.078125 0.11944444444444445
1 0.9875 0.76875 0.025 0.2125
1 0.16484375 0.19305555555555556 0.0953125 0.175
1 0.01171875 0.5131944444444444 0.0234375 0.11805555555555555
1 0.75234375 0.36319444444444443 0.0765625 0.14027777777777778
1 0.284375 0.1736111111111111 0.0703125 0.12777777777777777
1 0.053515625 0.6479166666666667 0.07578125 0.12638888888888888
1 0.15 0.43680555555555556 0.0875 0.18194444444444444
1 0.380078125 0.9173611111111111 0.07890625 0.13472222222222222
0 0.500390625 0.02847222222222222 0.03046875 0.04583333333333333
1 0.2203125 0.35694444444444445 0.06875 0.14444444444444443
1 0.665625 0.8666666666666667 0.103125 0.16111111111111112
1 0.06875 0.7888888888888889 0.0671875 0.1388888888888889
1 0.02890625 0.34305555555555556 0.0578125 0.18055555555555555
1 0.7375 0.7069444444444445 0.078125 0.13055555555555556
1 0.97265625 0.05138888888888889 0.05 0.10277777777777777
1 0.4734375 0.9541666666666667 0.08125 0.08055555555555556
1 0.1015625 0.3159722222222222 0.0703125 0.12916666666666668
1 0.80625 0.5256944444444445 0.0796875 0.15138888888888888
1 0.91171875 0.6375 0.084375 0.15833333333333333
1 0.9578125 0.8569444444444444 0.0828125 0.14722222222222223
1 0.344140625 0.19791666666666666 0.08671875 0.16805555555555557
0 0.45078125 0.2604166666666667 0.028125 0.05138888888888889
1 0.35390625 0.6791666666666667 0.0828125 0.15833333333333333
1 0.428125 0.35694444444444445 0.0796875 0.15
1 0.43828125 0.8847222222222222 0.0625 0.11944444444444445
1 0.73828125 0.5548611111111111 0.0765625 0.1375
0 0.46015625 0.17708333333333334 0.0359375 0.06805555555555555
1 0.216015625 0.8395833333333333 0.06640625 0.13472222222222222
1 0.579296875 0.43333333333333335 0.11015625 0.14722222222222223
1 0.84453125 0.7395833333333334 0.0984375 0.19583333333333333
1 0.754296875 0.12430555555555556 0.09921875 0.14583333333333334
1 0.456640625 0.6291666666666667 0.07109375 0.15833333333333333
1 0.041015625 0.08680555555555555 0.08203125 0.1736111111111111
1 0.90234375 0.16458333333333333 0.0828125 0.15138888888888888
1 0.62734375 0.7347222222222223 0.0890625 0.15833333333333333
1 0.141015625 0.7048611111111112 0.08515625 0.13472222222222222
2 0.331640625 0.05486111111111111 0.14453125 0.10694444444444444
1 0.417578125 0.10347222222222222 0.08671875 0.15416666666666667
1 0.5125 0.5402777777777777 0.084375 0.19722222222222222
1 0.21015625 0.5993055555555555 0.0921875 0.18194444444444444
1 0.585546875 0.2902777777777778 0.08203125 0.15833333333333333
2 0.308984375 0.49930555555555556 0.11484375 0.24305555555555555
2 0.92421875 0.38819444444444445 0.1515625 0.29305555555555557