0 0.9375 0.5347222222222222 0.034375 0.06388888888888888
0 0.509375 0.7277777777777777 0.04375 0.058333333333333334
1 0.23203125 0.81875 0.0890625 0.12361111111111112
1 0.56796875 0.8951388888888889 0.0734375 0.10972222222222222
1 0.5140625 0.9583333333333334 0.0703125 0.07222222222222222
0 0.198046875 0.9777777777777777 0.04609375 0.03611111111111111
0 0.9078125 0.5791666666666667 0.034375 0.075
1 0.9875 0.5236111111111111 0.0234375 0.14166666666666666
1 0.9796875 0.10625 0.0390625 0.1486111111111111
1 0.816796875 0.05277777777777778 0.07421875 0.10555555555555556
1 0.012109375 0.5756944444444444 0.02421875 0.16527777777777777
0 0.118359375 0.43472222222222223 0.03984375 0.06388888888888888
1 0.98046875 0.3486111111111111 0.0390625 0.14166666666666666
1 0.73828125 0.04027777777777778 0.0796875 0.075
0 0.4984375 0.6125 0.046875 0.07777777777777778
1 0.637890625 0.6097222222222223 0.07578125 0.12222222222222222
1 0.86015625 0.8576388888888888 0.0640625 0.14027777777777778
1 0.027734375 0.8104166666666667 0.05546875 0.13472222222222222
1 0.934375 0.8541666666666666 0.0796875 0.12777777777777777
1 0.08984375 0.8916666666666667 0.075 0.11666666666666667
1 0.03125 0.1736111111111111 0.0625 0.14444444444444443
1 0.656640625 0.5027777777777778 0.11484375 0.11388888888888889
1 0.761328125 0.8361111111111111 0.06796875 0.1388888888888889
1 0.32265625 0.5520833333333334 0.0734375 0.12361111111111112
1 0.216015625 0.9069444444444444 0.08515625 0.11944444444444445
1 0.9015625 0.29097222222222224 0.071875 0.15416666666666667
1 0.903125 0.7180555555555556 0.084375 0.14166666666666666
1 0.65546875 0.9263888888888889 0.0828125 0.1361111111111111
1 0.38984375 0.34444444444444444 0.0796875 0.1111111111111111
1 0.7 0.34791666666666665 0.071875 0.15138888888888888
1 0.0875 0.7604166666666666 0.071875 0.12083333333333333
1 0.074609375 0.3125 0.07734375 0.13055555555555556
1 0.29375 0.08333333333333333 0.065625 0.14166666666666666
1 0.059765625 0.5645833333333333 0.07109375 0.12638888888888888
1 0.359765625 0.7486111111111111 0.06171875 0.125
1 0.54375 0.5465277777777777 0.08125 0.11805555555555555
1 0.17890625 0.7152777777777778 0.0703125 0.14722222222222223
1 0.56640625 0.13958333333333334 0.0859375 0.15138888888888888
1 0.70703125 0.14166666666666666 0.06875 0.13055555555555556
1 0.62421875 0.3138888888888889 0.0796875 0.15555555555555556
2 0.4359375 0.06875 0.121875 0.13472222222222222
1 0.22109375 0.2916666666666667 0.06875 0.1111111111111111
1 0.4484375 0.4236111111111111 0.0671875 0.13055555555555556
1 0.221875 0.4951388888888889 0.0703125 0.13194444444444445