1 0.70859375 0.6201388888888889 0.0765625 0.1375
1 0.207421875 0.9465277777777777 0.07265625 0.10416666666666667
1 0.08203125 0.5069444444444444 0.078125 0.14722222222222223
1 0.578125 0.5277777777777778 0.08125 0.14444444444444443
1 0.4953125 0.7451388888888889 0.071875 0.1486111111111111
1 0.97265625 0.4625 0.053125 0.18055555555555555
1 0.49921875 0.5986111111111111 0.08125 0.1361111111111111
1 0.335546875 0.6805555555555556 0.07734375 0.12777777777777777
1 0.336328125 0.9291666666666667 0.08046875 0.13333333333333333
1 0.2078125 0.13958333333333334 0.06875 0.1625
1 0.3421875 0.53125 0.0875 0.15694444444444444
1 0.153515625 0.1736111111111111 0.08671875 0.14166666666666666
1 0.733203125 0.29583333333333334 0.07890625 0.1638888888888889