1 0.884375 0.059722222222222225 0.0875 0.11666666666666667
1 0.753515625 0.1423611111111111 0.08984375 0.17083333333333334
1 0.88515625 0.0625 0.0921875 0.12222222222222222
1 0.977734375 0.0763888888888889 0.04453125 0.1361111111111111
1 0.73984375 0.7708333333333334 0.0890625 0.175
1 0.830859375 0.15763888888888888 0.07109375 0.12916666666666668
1 0.73359375 0.39861111111111114 0.084375 0.15
1 0.984375 0.8930555555555556 0.03125 0.20277777777777778
1 0.991796875 0.27569444444444446 0.01640625 0.12638888888888888
1 0.04140625 0.9361111111111111 0.08125 0.12222222222222222
1 0.984375 0.8958333333333334 0.03125 0.19722222222222222
1 0.03359375 0.79375 0.0671875 0.16805555555555557
2 0.519140625 0.4638888888888889 0.16484375 0.2611111111111111