1 0.9921875 0.6520833333333333 0.015625 0.1736111111111111
1 0.167578125 0.7423611111111111 0.32734375 0.5152777777777777
1 0.846875 0.07708333333333334 0.05625 0.1486111111111111
1 0.87109375 0.6173611111111111 0.078125 0.1375
2 0.16015625 0.3145833333333333 0.3203125 0.6291666666666667
1 0.009765625 0.8743055555555556 0.01953125 0.1736111111111111
2 0.871875 0.6173611111111111 0.0765625 0.14305555555555555
1 0.98984375 0.375 0.0203125 0.1388888888888889
1 0.180859375 0.9652777777777778 0.07109375 0.06388888888888888
0 0.96953125 0.4375 0.0265625 0.05277777777777778
1 0.4390625 0.02847222222222222 0.0703125 0.05138888888888889
1 0.346875 0.9583333333333334 0.0828125 0.07777777777777778
1 0.723828125 0.78125 0.07734375 0.1125
1 0.978125 0.9486111111111111 0.0421875 0.09166666666666666
1 0.131640625 0.7472222222222222 0.07734375 0.09722222222222222
1 0.15390625 0.5236111111111111 0.0703125 0.14722222222222223
1 0.7234375 0.7118055555555556 0.0625 0.12638888888888888
1 0.9796875 0.24583333333333332 0.040625 0.125
1 0.246875 0.05694444444444444 0.06875 0.11388888888888889
1 0.781640625 0.1076388888888889 0.07265625 0.12916666666666668
1 0.101171875 0.07430555555555556 0.07265625 0.11805555555555555
1 0.025 0.4798611111111111 0.0484375 0.11527777777777778
1 0.272265625 0.9458333333333333 0.07734375 0.10833333333333334
1 0.397265625 0.5409722222222222 0.06796875 0.13194444444444445
1 0.9765625 0.7805555555555556 0.0453125 0.11944444444444445
1 0.685546875 0.3375 0.06171875 0.09722222222222222
1 0.12578125 0.4847222222222222 0.0640625 0.11388888888888889
1 0.51015625 0.7222222222222222 0.0640625 0.12222222222222222
1 0.83359375 0.46111111111111114 0.0609375 0.10555555555555556
1 0.56796875 0.14722222222222223 0.0671875 0.11666666666666667
1 0.4046875 0.6125 0.0625 0.11388888888888889
2 0.24921875 0.19375 0.1109375 0.18194444444444444
1 0.60703125 0.6534722222222222 0.0671875 0.13194444444444445
1 0.04296875 0.5833333333333334 0.06875 0.11388888888888889
1 0.775390625 0.3875 0.07578125 0.12777777777777777
1 0.69140625 0.23541666666666666 0.075 0.11527777777777778
1 0.3671875 0.8256944444444444 0.0734375 0.12638888888888888
1 0.083203125 0.6736111111111112 0.06796875 0.11944444444444445
1 0.47578125 0.1125 0.0734375 0.1111111111111111
1 0.17109375 0.052083333333333336 0.0671875 0.10416666666666667
1 0.196875 0.6097222222222223 0.059375 0.11944444444444445
1 0.055859375 0.9111111111111111 0.07734375 0.13333333333333333
1 0.8703125 0.9097222222222222 0.0890625 0.1527777777777778
1 0.43515625 0.725 0.0765625 0.1361111111111111
1 0.443359375 0.37916666666666665 0.06796875 0.12222222222222222
1 0.53125 0.4618055555555556 0.0640625 0.13194444444444445
1 0.382421875 0.1951388888888889 0.07890625 0.14583333333333334
1 0.416796875 0.9159722222222222 0.08515625 0.14027777777777778
1 0.368359375 0.70625 0.06171875 0.1125
1 0.3015625 0.8402777777777778 0.075 0.13055555555555556
1 0.59296875 0.2847222222222222 0.0828125 0.14722222222222223
1 0.02578125 0.7104166666666667 0.0515625 0.11805555555555555
1 0.74375 0.30694444444444446 0.059375 0.125
1 0.634765625 0.1701388888888889 0.06171875 0.11805555555555555
1 0.265625 0.6638888888888889 0.08125 0.15
1 0.461328125 0.23958333333333334 0.07890625 0.14583333333333334
1 0.8453125 0.7479166666666667 0.075 0.12083333333333333
1 0.88359375 0.14652777777777778 0.0703125 0.12916666666666668
1 0.7296875 0.5631944444444444 0.0796875 0.15138888888888888
1 0.076953125 0.32708333333333334 0.06484375 0.12361111111111112
1 0.16953125 0.2847222222222222 0.0671875 0.1388888888888889
1 0.173046875 0.8402777777777778 0.07578125 0.14722222222222223
1 0.9203125 0.24305555555555555 0.078125 0.11944444444444445
1 0.586328125 0.5333333333333333 0.07578125 0.1111111111111111