1 0.3453125 0.9555555555555556 0.10625 0.08333333333333333
1 0.02109375 0.9319444444444445 0.0421875 0.13055555555555556
1 0.94921875 0.04513888888888889 0.0953125 0.0875
1 0.84296875 0.043055555555555555 0.0875 0.08333333333333333
1 0.98203125 0.4861111111111111 0.0359375 0.17777777777777778
1 0.125 0.7222222222222222 0.075 0.17222222222222222
1 0.4765625 0.7208333333333333 0.09375 0.15833333333333333
1 0.331640625 0.1736111111111111 0.08515625 0.14444444444444443
1 0.28125 0.1284722222222222 0.08125 0.15694444444444444
1 0.0984375 0.9291666666666667 0.096875 0.1361111111111111
1 0.80390625 0.8986111111111111 0.0921875 0.18055555555555555
1 0.963671875 0.9104166666666667 0.07265625 0.1625
1 0.276953125 0.8208333333333333 0.07734375 0.1527777777777778
1 0.696875 0.7277777777777777 0.090625 0.16666666666666666
1 0.603125 0.6777777777777778 0.0875 0.15833333333333333
1 0.463671875 0.07777777777777778 0.09296875 0.1527777777777778
1 0.034375 0.35833333333333334 0.06875 0.17222222222222222
1 0.2109375 0.7902777777777777 0.0875 0.15833333333333333
1 0.125390625 0.1361111111111111 0.09609375 0.15555555555555556
1 0.7140625 0.0763888888888889 0.09375 0.15
1 0.37890625 0.8430555555555556 0.0890625 0.14722222222222223
1 0.4765625 0.2881944444444444 0.09375 0.15138888888888888
1 0.71015625 0.9125 0.0921875 0.16944444444444445
1 0.61328125 0.47847222222222224 0.0859375 0.13194444444444445
1 0.4171875 0.6902777777777778 0.084375 0.1527777777777778
1 0.78515625 0.175 0.0921875 0.13333333333333333
1 0.526953125 0.5541666666666667 0.08984375 0.18333333333333332
1 0.2765625 0.5097222222222222 0.08125 0.17222222222222222
1 0.78046875 0.4423611111111111 0.0953125 0.15416666666666667
1 0.617578125 0.10138888888888889 0.08984375 0.18055555555555555
1 0.20078125 0.6201388888888889 0.0953125 0.1486111111111111
1 0.3546875 0.55625 0.071875 0.17916666666666667
1 0.58046875 0.2861111111111111 0.0890625 0.18333333333333332
1 0.04140625 0.5756944444444444 0.0828125 0.18194444444444444
1 0.1890625 0.4152777777777778 0.090625 0.18055555555555555
1 0.43359375 0.4479166666666667 0.0953125 0.16805555555555557
1 0.042578125 0.7861111111111111 0.08515625 0.15
1 0.67265625 0.35138888888888886 0.0953125 0.15555555555555556
1 0.87890625 0.3958333333333333 0.09375 0.16111111111111112
1 0.89921875 0.74375 0.10625 0.1625
1 0.9171875 0.19722222222222222 0.1 0.17222222222222222
1 0.82109375 0.6125 0.096875 0.16666666666666666