0 0.478125 0.7965277777777777 0.078125 0.13194444444444445
0 0.8828125 0.45625 0.0859375 0.1597222222222222
2 0.47734375 0.7951388888888888 0.0796875 0.13194444444444445
0 0.650390625 0.29305555555555557 0.08046875 0.1361111111111111
0 0.167578125 0.625 0.07734375 0.16666666666666666
0 0.4703125 0.43333333333333335 0.0765625 0.1527777777777778
0 0.991796875 0.8305555555555556 0.01640625 0.1111111111111111
0 0.90859375 0.2326388888888889 0.0640625 0.1597222222222222
0 0.115625 0.7854166666666667 0.0875 0.12916666666666668
0 0.976171875 0.325 0.04765625 0.11944444444444445
0 0.9796875 0.12569444444444444 0.0390625 0.1375
0 0.9609375 0.5791666666666667 0.0765625 0.15555555555555556
2 0.59375 0.6638888888888889 0.1875 0.25555555555555554