1 0.3234375 0.024305555555555556 0.115625 0.04583333333333333
1 0.00703125 0.2847222222222222 0.0140625 0.1388888888888889
1 0.14453125 0.015277777777777777 0.08125 0.030555555555555555
1 0.758203125 0.029861111111111113 0.08515625 0.05694444444444444
1 0.7515625 0.9652777777777778 0.09375 0.06388888888888888
1 0.98984375 0.4826388888888889 0.0203125 0.14027777777777778
1 0.01640625 0.6361111111111111 0.0328125 0.14444444444444443
1 0.328515625 0.5722222222222222 0.08828125 0.16666666666666666
0 0.1484375 0.5638888888888889 0.034375 0.06111111111111111
1 0.289453125 0.9611111111111111 0.09296875 0.07222222222222222
1 0.0359375 0.04375 0.071875 0.08194444444444444
1 0.98203125 0.3125 0.034375 0.12777777777777777
1 0.5875 0.5152777777777777 0.0859375 0.1527777777777778
1 0.55234375 0.049305555555555554 0.08125 0.09583333333333334
1 0.786328125 0.83125 0.07578125 0.13194444444444445
1 0.043359375 0.6763888888888889 0.07890625 0.1361111111111111
1 0.1140625 0.9166666666666666 0.084375 0.15555555555555556
1 0.91015625 0.05763888888888889 0.075 0.11527777777777778
1 0.2515625 0.41805555555555557 0.08125 0.15833333333333333
1 0.03515625 0.8138888888888889 0.0703125 0.1388888888888889
1 0.7796875 0.6166666666666667 0.078125 0.15
1 0.6734375 0.4486111111111111 0.090625 0.18055555555555555
1 0.928125 0.3736111111111111 0.0796875 0.14444444444444443
1 0.53046875 0.3402777777777778 0.0859375 0.15
1 0.88203125 0.1763888888888889 0.08125 0.13055555555555556
1 0.19609375 0.8819444444444444 0.0828125 0.1361111111111111
1 0.9515625 0.5659722222222222 0.084375 0.13194444444444445
1 0.43359375 0.4618055555555556 0.0828125 0.1375
1 0.840625 0.7416666666666667 0.084375 0.1361111111111111
1 0.358984375 0.3368055555555556 0.09140625 0.1486111111111111
1 0.464453125 0.6881944444444444 0.08359375 0.13194444444444445
1 0.92421875 0.7027777777777777 0.096875 0.15
1 0.051171875 0.22013888888888888 0.07890625 0.15694444444444444
1 0.147265625 0.7319444444444444 0.08984375 0.15833333333333333
1 0.076171875 0.5347222222222222 0.09140625 0.14166666666666666
1 0.614453125 0.33402777777777776 0.08046875 0.14027777777777778
1 0.6984375 0.1326388888888889 0.096875 0.14305555555555555
1 0.81796875 0.2743055555555556 0.0703125 0.15416666666666667
1 0.084765625 0.3840277777777778 0.08515625 0.14583333333333334
1 0.418359375 0.86875 0.08203125 0.15138888888888888
1 0.207421875 0.5527777777777778 0.07734375 0.12222222222222222
1 0.644921875 0.6618055555555555 0.08359375 0.1486111111111111
1 0.63046875 0.9263888888888889 0.0828125 0.14166666666666666
1 0.172265625 0.3388888888888889 0.08359375 0.14444444444444443
1 0.132421875 0.20833333333333334 0.07578125 0.15
1 0.55390625 0.8708333333333333 0.0875 0.1527777777777778
1 0.76875 0.43333333333333335 0.075 0.1388888888888889
1 0.691796875 0.7902777777777777 0.08203125 0.14722222222222223
1 0.74296875 0.26319444444444445 0.0734375 0.1375
1 0.846875 0.5277777777777778 0.0875 0.1388888888888889