0 0.468359375 0.5111111111111111 0.04453125 0.09444444444444444
1 0.298046875 0.2791666666666667 0.29765625 0.5583333333333333
1 0.12578125 0.3590277777777778 0.25 0.5041666666666667
2 0.9296875 0.5590277777777778 0.059375 0.10694444444444444
1 0.4578125 0.7305555555555555 0.2375 0.5333333333333333
1 0.1390625 0.7118055555555556 0.278125 0.5652777777777778
0 0.84609375 0.6201388888888889 0.009375 0.018055555555555554
1 0.73359375 0.6722222222222223 0.0734375 0.12222222222222222
1 0.93046875 0.5583333333333333 0.0640625 0.1
1 0.009375 0.8486111111111111 0.01875 0.13333333333333333
1 0.00859375 0.15902777777777777 0.0171875 0.14583333333333334
1 0.038671875 0.95 0.07421875 0.09444444444444444
1 0.33984375 0.7868055555555555 0.0828125 0.13194444444444445
1 0.32578125 0.46805555555555556 0.0890625 0.1361111111111111
2 0.340625 0.7868055555555555 0.084375 0.13472222222222222
2 0.249609375 0.08541666666666667 0.07890625 0.11527777777777778
1 0.84453125 0.02361111111111111 0.0671875 0.044444444444444446
1 0.9859375 0.28055555555555556 0.0265625 0.14444444444444443
0 0.428515625 0.6520833333333333 0.05546875 0.10138888888888889
1 0.429296875 0.65 0.05703125 0.10555555555555556
1 0.9765625 0.5006944444444444 0.04375 0.12361111111111112
1 0.11953125 0.27291666666666664 0.0671875 0.09861111111111111
2 0.327734375 0.4708333333333333 0.09140625 0.14444444444444443
2 0.584375 0.04791666666666667 0.13125 0.09583333333333334
1 0.8015625 0.9361111111111111 0.0734375 0.125
1 0.055859375 0.22777777777777777 0.05703125 0.1
1 0.63046875 0.8416666666666667 0.0609375 0.12222222222222222
1 0.48203125 0.2513888888888889 0.0671875 0.13333333333333333
1 0.61171875 0.1701388888888889 0.0734375 0.12916666666666668
1 0.369921875 0.23055555555555557 0.06640625 0.13055555555555556
1 0.08828125 0.5756944444444444 0.0890625 0.14583333333333334
1 0.19921875 0.5222222222222223 0.0796875 0.12222222222222222
1 0.71328125 0.5395833333333333 0.0640625 0.10694444444444444
1 0.8453125 0.47638888888888886 0.0671875 0.125
1 0.471875 0.7347222222222223 0.0625 0.13333333333333333
1 0.5515625 0.9305555555555556 0.0859375 0.1361111111111111
1 0.75859375 0.08680555555555555 0.0703125 0.13472222222222222
1 0.125 0.8805555555555555 0.078125 0.14444444444444443
1 0.665625 0.4076388888888889 0.06875 0.13194444444444445
1 0.789453125 0.5861111111111111 0.06953125 0.12777777777777777
1 0.96640625 0.07152777777777777 0.0671875 0.14305555555555555
1 0.243359375 0.2013888888888889 0.06328125 0.11944444444444445
1 0.86484375 0.2611111111111111 0.078125 0.1361111111111111
1 0.053125 0.8402777777777778 0.0703125 0.13055555555555556
1 0.79921875 0.1951388888888889 0.0703125 0.12638888888888888
1 0.3734375 0.9097222222222222 0.071875 0.11944444444444445
1 0.15703125 0.39166666666666666 0.0765625 0.11944444444444445
1 0.50625 0.3958333333333333 0.075 0.13333333333333333
1 0.61796875 0.6375 0.0640625 0.12777777777777777
1 0.70546875 0.7958333333333333 0.0796875 0.13055555555555556
1 0.31328125 0.33194444444444443 0.0703125 0.11388888888888889
1 0.187109375 0.7555555555555555 0.08203125 0.16944444444444445
1 0.503125 0.8388888888888889 0.0640625 0.11666666666666667
1 0.03046875 0.4847222222222222 0.0609375 0.1361111111111111