1 0.9875 0.7347222222222223 0.025 0.19166666666666668
0 0.16484375 0.6180555555555556 0.03125 0.05277777777777778
1 0.579296875 0.35208333333333336 0.07109375 0.1375
1 0.746875 0.04791666666666667 0.0953125 0.09583333333333334
1 0.55 0.02013888888888889 0.090625 0.04027777777777778
1 0.859375 0.9555555555555556 0.084375 0.07777777777777778
1 0.97109375 0.38055555555555554 0.05625 0.1638888888888889
1 0.282421875 0.5826388888888889 0.06953125 0.12916666666666668
1 0.9875 0.8895833333333333 0.0234375 0.16527777777777777
1 0.105859375 0.059722222222222225 0.04609375 0.11388888888888889
0 0.63359375 0.7486111111111111 0.0328125 0.05277777777777778
1 0.262109375 0.2833333333333333 0.07421875 0.1388888888888889
1 0.11640625 0.17569444444444443 0.0703125 0.12361111111111112
1 0.25 0.05416666666666667 0.075 0.10833333333333334
0 0.65546875 0.8166666666666667 0.0234375 0.041666666666666664
1 0.20390625 0.8402777777777778 0.0734375 0.1638888888888889
1 0.59375 0.9548611111111112 0.08125 0.08194444444444444
1 0.03359375 0.01875 0.0671875 0.0375
1 0.678125 0.22361111111111112 0.08125 0.13333333333333333
0 0.637890625 0.7958333333333333 0.02421875 0.04722222222222222
1 0.884375 0.8145833333333333 0.075 0.12638888888888888
1 0.86953125 0.55 0.08125 0.13333333333333333
1 0.94296875 0.9583333333333334 0.0796875 0.07222222222222222
1 0.5859375 0.5222222222222223 0.075 0.1388888888888889
1 0.543359375 0.8701388888888889 0.07265625 0.14027777777777778
1 0.8671875 0.6881944444444444 0.0875 0.12361111111111112
1 0.14375 0.9472222222222222 0.0875 0.1
1 0.4671875 0.05 0.071875 0.1
1 0.42734375 0.8201388888888889 0.0765625 0.13472222222222222
1 0.02109375 0.8861111111111111 0.040625 0.15833333333333333
1 0.5296875 0.6284722222222222 0.06875 0.14027777777777778
1 0.9546875 0.1423611111111111 0.0859375 0.1625
1 0.92265625 0.44027777777777777 0.0828125 0.1638888888888889
1 0.4671875 0.050694444444444445 0.071875 0.09861111111111111
1 0.84453125 0.36527777777777776 0.075 0.1388888888888889
1 0.39296875 0.09097222222222222 0.0828125 0.17916666666666667
1 0.040625 0.10833333333333334 0.078125 0.12777777777777777
1 0.478515625 0.7590277777777777 0.08671875 0.12916666666666668
1 0.47890625 0.9388888888888889 0.078125 0.11666666666666667
1 0.86953125 0.049305555555555554 0.084375 0.09583333333333334
1 0.06875 0.4666666666666667 0.0875 0.12777777777777777
0 0.06484375 0.5569444444444445 0.028125 0.05277777777777778
1 0.16953125 0.16944444444444445 0.0765625 0.1361111111111111
1 0.68203125 0.9416666666666667 0.0890625 0.1111111111111111
1 0.72109375 0.5388888888888889 0.0734375 0.1388888888888889
1 0.780859375 0.45902777777777776 0.08046875 0.14305555555555555
1 0.5828125 0.825 0.08125 0.1361111111111111
1 0.028515625 0.25 0.05703125 0.14722222222222223
1 0.7234375 0.8368055555555556 0.0875 0.14305555555555555
1 0.7578125 0.17777777777777778 0.0765625 0.1388888888888889
1 0.090234375 0.32430555555555557 0.06953125 0.14305555555555555
1 0.15703125 0.3875 0.06875 0.13333333333333333
1 0.65625 0.6361111111111111 0.078125 0.1388888888888889
1 0.023828125 0.6166666666666667 0.04765625 0.14444444444444443
1 0.235546875 0.42430555555555555 0.07890625 0.1375
1 0.43671875 0.6097222222222223 0.0734375 0.12222222222222222
1 0.211328125 0.5736111111111111 0.06328125 0.13055555555555556
1 0.42578125 0.46875 0.0765625 0.13472222222222222
1 0.326953125 0.20347222222222222 0.07734375 0.12916666666666668
1 0.35078125 0.40069444444444446 0.0765625 0.14305555555555555
1 0.616015625 0.08958333333333333 0.07578125 0.14583333333333334
1 0.359375 0.6618055555555555 0.0828125 0.12916666666666668
1 0.778125 0.7166666666666667 0.08125 0.15555555555555556
1 0.2234375 0.7493055555555556 0.08125 0.13194444444444445