2 0.767578125 0.5 0.46484375 1
1 0.01015625 0.8 0.0203125 0.15
1 0.30546875 0.9645833333333333 0.0953125 0.06527777777777778
0 0.45859375 0.7138888888888889 0.0234375 0.05277777777777778
1 0.166015625 0.9631944444444445 0.09609375 0.06805555555555555
1 0.84453125 0.6548611111111111 0.0765625 0.14027777777777778
1 0.96640625 0.03333333333333333 0.065625 0.06666666666666667
1 0.88671875 0.9638888888888889 0.0796875 0.06666666666666667
0 0.034375 0.22291666666666668 0.0390625 0.06805555555555555
1 0.023828125 0.3020833333333333 0.04609375 0.21805555555555556
0 0.418359375 0.4513888888888889 0.03203125 0.06388888888888888
0 0.296484375 0.24375 0.02578125 0.04027777777777778
0 0.98828125 0.12986111111111112 0.0234375 0.06805555555555555
0 0.51171875 0.8263888888888888 0.0421875 0.08055555555555556
1 0.7265625 0.09236111111111112 0.075 0.1375
1 0.84296875 0.05763888888888889 0.090625 0.10694444444444444
1 0.035546875 0.9104166666666667 0.07109375 0.14305555555555555
1 0.79453125 0.7833333333333333 0.0890625 0.15
1 0.53828125 0.5236111111111111 0.0828125 0.1361111111111111
1 0.3359375 0.04791666666666667 0.078125 0.09305555555555556
1 0.97109375 0.42569444444444443 0.05625 0.16805555555555557
1 0.896875 0.4930555555555556 0.0859375 0.15555555555555556
1 0.55390625 0.6354166666666666 0.071875 0.14027777777777778
1 0.92109375 0.11041666666666666 0.0953125 0.14583333333333334
1 0.705859375 0.9069444444444444 0.08359375 0.14166666666666666
1 0.89609375 0.70625 0.0890625 0.15416666666666667
1 0.8640625 0.8583333333333333 0.09375 0.14444444444444443
1 0.05078125 0.08125 0.0921875 0.1486111111111111
1 0.668359375 0.5208333333333334 0.08828125 0.14722222222222223
1 0.51640625 0.08680555555555555 0.0921875 0.14305555555555555
1 0.3515625 0.3729166666666667 0.0765625 0.1375
1 0.7671875 0.22291666666666668 0.0859375 0.14583333333333334
1 0.796484375 0.5340277777777778 0.09296875 0.15694444444444444
1 0.303125 0.1527777777777778 0.078125 0.13333333333333333
1 0.609765625 0.12430555555555556 0.07734375 0.1375
1 0.556640625 0.9277777777777778 0.09296875 0.1388888888888889
1 0.25859375 0.4618055555555556 0.078125 0.14305555555555555
1 0.86171875 0.275 0.090625 0.16111111111111112
1 0.9703125 0.7458333333333333 0.059375 0.18055555555555555
1 0.23046875 0.08055555555555556 0.0859375 0.15555555555555556
1 0.6203125 0.7402777777777778 0.08125 0.14722222222222223
1 0.566796875 0.24375 0.07734375 0.14027777777777778
1 0.6828125 0.28680555555555554 0.0859375 0.15694444444444444
1 0.386328125 0.16527777777777777 0.08984375 0.15
1 0.3359375 0.5194444444444445 0.0921875 0.1527777777777778
1 0.2296875 0.24166666666666667 0.078125 0.1388888888888889
1 0.483203125 0.22777777777777777 0.08515625 0.15
1 0.10390625 0.8381944444444445 0.0859375 0.15416666666666667
1 0.130078125 0.6909722222222222 0.08359375 0.14027777777777778
1 0.36640625 0.70625 0.0828125 0.14305555555555555
1 0.178515625 0.5722222222222222 0.09296875 0.14444444444444443
1 0.1109375 0.4673611111111111 0.09375 0.15416666666666667
1 0.330078125 0.8541666666666666 0.08984375 0.1638888888888889
1 0.4171875 0.825 0.0921875 0.15555555555555556
1 0.284375 0.6527777777777778 0.0875 0.15555555555555556
1 0.4984375 0.3819444444444444 0.096875 0.15
1 0.46484375 0.6076388888888888 0.0859375 0.14583333333333334
1 0.04453125 0.6972222222222222 0.0890625 0.15555555555555556
1 0.137890625 0.09027777777777778 0.07890625 0.15
1 0.146484375 0.30069444444444443 0.09296875 0.16527777777777777