1 0.9546875 0.6208333333333333 0.0578125 0.14166666666666666
1 0.242578125 0.8597222222222223 0.06953125 0.1361111111111111
1 0.99375 0.8006944444444445 0.0125 0.1625
1 0.526953125 0.9583333333333334 0.07578125 0.08333333333333333
1 0.583203125 0.019444444444444445 0.09453125 0.03888888888888889
1 0.193359375 0.050694444444444445 0.08828125 0.10138888888888889
1 0.362890625 0.19236111111111112 0.08515625 0.13194444444444445
1 0.85625 0.19444444444444445 0.0515625 0.1361111111111111
1 0.385546875 0.9291666666666667 0.10390625 0.14166666666666666
1 0.9734375 0.9555555555555556 0.053125 0.08055555555555556
1 0.02421875 0.8375 0.0484375 0.12777777777777777
1 0.133984375 0.36041666666666666 0.07421875 0.15694444444444444
1 0.0171875 0.7097222222222223 0.034375 0.1527777777777778
1 0.61953125 0.9694444444444444 0.0984375 0.058333333333333334
1 0.17265625 0.5125 0.0921875 0.14722222222222223
1 0.012109375 0.13333333333333333 0.02421875 0.16944444444444445
1 0.4140625 0.03125 0.078125 0.05694444444444444
0 0.037890625 0.6659722222222222 0.04140625 0.0763888888888889
1 0.70859375 0.04236111111111111 0.1109375 0.08194444444444444
1 0.9046875 0.7097222222222223 0.075 0.1361111111111111
1 0.38125 0.7597222222222222 0.0796875 0.14166666666666666
0 0.8609375 0.6263888888888889 0.034375 0.05555555555555555
1 0.284765625 0.5708333333333333 0.07734375 0.1361111111111111
1 0.97890625 0.6145833333333334 0.0421875 0.1597222222222222
1 0.275390625 0.058333333333333334 0.09140625 0.11388888888888889
1 0.06328125 0.06736111111111111 0.084375 0.12916666666666668
1 0.065625 0.7972222222222223 0.084375 0.1388888888888889
1 0.050390625 0.36736111111111114 0.08828125 0.15138888888888888
1 0.87578125 0.052083333333333336 0.084375 0.10138888888888889
1 0.065234375 0.9277777777777778 0.09609375 0.13333333333333333
1 0.3640625 0.8444444444444444 0.0796875 0.1361111111111111
1 0.832421875 0.9416666666666667 0.08671875 0.1111111111111111
1 0.36796875 0.11805555555555555 0.0859375 0.14166666666666666
1 0.971875 0.32083333333333336 0.05625 0.16111111111111112
1 0.289453125 0.8625 0.08203125 0.14722222222222223
1 0.237109375 0.73125 0.08046875 0.14027777777777778
1 0.46796875 0.8680555555555556 0.0921875 0.1388888888888889
1 0.92578125 0.9159722222222222 0.084375 0.14305555555555555
1 0.8921875 0.18263888888888888 0.0796875 0.14583333333333334
1 0.5859375 0.5319444444444444 0.0859375 0.14722222222222223
1 0.510546875 0.06875 0.07890625 0.13472222222222222
1 0.18359375 0.3548611111111111 0.08125 0.1486111111111111
1 0.209375 0.5659722222222222 0.0765625 0.15694444444444444
1 0.9359375 0.7652777777777777 0.08125 0.1527777777777778
1 0.85703125 0.8208333333333333 0.0765625 0.14722222222222223
1 0.2734375 0.19305555555555556 0.078125 0.14722222222222223
2 0.71015625 0.20902777777777778 0.1578125 0.2763888888888889
1 0.667578125 0.5416666666666666 0.08984375 0.1388888888888889
1 0.59765625 0.11180555555555556 0.0859375 0.15138888888888888
1 0.60546875 0.7972222222222223 0.0875 0.14444444444444443
1 0.38515625 0.33194444444444443 0.0828125 0.13333333333333333
1 0.528125 0.39375 0.084375 0.14027777777777778
1 0.640234375 0.41944444444444445 0.09453125 0.14166666666666666
1 0.551171875 0.6597222222222222 0.08515625 0.14722222222222223
1 0.93203125 0.48055555555555557 0.0875 0.1527777777777778
1 0.58671875 0.2638888888888889 0.0890625 0.15555555555555556
1 0.066796875 0.21875 0.07890625 0.15138888888888888
1 0.83125 0.5208333333333334 0.090625 0.1527777777777778
1 0.316796875 0.4076388888888889 0.08671875 0.16527777777777777
1 0.42734375 0.46319444444444446 0.0921875 0.1597222222222222
1 0.190625 0.18611111111111112 0.0875 0.15555555555555556
1 0.765234375 0.7430555555555556 0.09921875 0.1638888888888889
1 0.896875 0.3388888888888889 0.090625 0.15
1 0.45 0.21805555555555556 0.09375 0.15833333333333333
1 0.7234375 0.8861111111111111 0.0890625 0.16111111111111112
1 0.7515625 0.5756944444444444 0.0875 0.16527777777777777
1 0.46171875 0.6708333333333333 0.0921875 0.15555555555555556
1 0.790234375 0.3798611111111111 0.10234375 0.1625