1 0.5234375 0.4479166666666667 0.078125 0.13472222222222222
1 0.91796875 0.6798611111111111 0.0625 0.10416666666666667
1 0.723828125 0.9652777777777778 0.05703125 0.06388888888888888
1 0.99296875 0.3333333333333333 0.0140625 0.17222222222222222
1 0.492578125 0.17847222222222223 0.07734375 0.15416666666666667
1 0.06015625 0.6743055555555556 0.059375 0.11527777777777778
1 0.51484375 0.9708333333333333 0.0671875 0.058333333333333334
1 0.44921875 0.31180555555555556 0.0609375 0.09861111111111111
1 0.53203125 0.775 0.0625 0.12777777777777777
1 0.86015625 0.8166666666666667 0.06875 0.12222222222222222
1 0.56484375 0.7645833333333333 0.0546875 0.11527777777777778
1 0.237890625 0.725 0.06796875 0.1111111111111111
1 0.52421875 0.45069444444444445 0.0796875 0.14027777777777778
1 0.098046875 0.21666666666666667 0.06015625 0.10555555555555556
1 0.1109375 0.2659722222222222 0.06875 0.14027777777777778
1 0.05703125 0.36736111111111114 0.0640625 0.09583333333333334
1 0.177734375 0.03333333333333333 0.07890625 0.06388888888888888
1 0.189453125 0.39305555555555555 0.06328125 0.13055555555555556
1 0.4109375 0.04027777777777778 0.0625 0.07777777777777778
1 0.1984375 0.8611111111111112 0.0578125 0.12222222222222222
1 0.4765625 0.02847222222222222 0.065625 0.05416666666666667
1 0.240625 0.24722222222222223 0.0625 0.11944444444444445
1 0.6359375 0.8243055555555555 0.05625 0.13194444444444445
1 0.60546875 0.8541666666666666 0.0734375 0.11388888888888889
1 0.903125 0.8541666666666666 0.071875 0.125
1 0.65859375 0.19305555555555556 0.0703125 0.13333333333333333
1 0.023828125 0.20625 0.04609375 0.09861111111111111
1 0.928125 0.20208333333333334 0.0609375 0.13472222222222222
1 0.148046875 0.3958333333333333 0.06484375 0.125
1 0.798828125 0.5194444444444445 0.07578125 0.15
1 0.33203125 0.1486111111111111 0.0859375 0.125
1 0.84453125 0.23402777777777778 0.0640625 0.1125
1 0.6703125 0.6722222222222223 0.0609375 0.12777777777777777
1 0.404296875 0.9222222222222223 0.07421875 0.11666666666666667
1 0.4546875 0.7666666666666667 0.06875 0.1111111111111111
1 0.92265625 0.9638888888888889 0.0796875 0.06666666666666667
1 0.56015625 0.0763888888888889 0.059375 0.1111111111111111
1 0.20234375 0.29305555555555557 0.0671875 0.11944444444444445
1 0.225 0.4979166666666667 0.05625 0.12916666666666668
1 0.691015625 0.8902777777777777 0.06796875 0.11388888888888889
1 0.1625 0.13055555555555556 0.0625 0.10833333333333334
1 0.03125 0.6833333333333333 0.059375 0.12222222222222222
1 0.6578125 0.5104166666666666 0.0625 0.10694444444444444
1 0.642578125 0.9638888888888889 0.07109375 0.06388888888888888
1 0.784375 0.10486111111111111 0.059375 0.12638888888888888
1 0.15546875 0.5291666666666667 0.0640625 0.11388888888888889
1 0.2046875 0.7805555555555556 0.0640625 0.11666666666666667
1 0.88359375 0.6993055555555555 0.0734375 0.1125
1 0.58046875 0.19583333333333333 0.0671875 0.11944444444444445
1 0.9171875 0.35833333333333334 0.0625 0.1111111111111111
1 0.290234375 0.8076388888888889 0.06953125 0.1125
1 0.81484375 0.9201388888888888 0.0671875 0.12916666666666668
1 0.417578125 0.1 0.06640625 0.11944444444444445
1 0.0375 0.8291666666666667 0.0703125 0.1361111111111111
1 0.86171875 0.04513888888888889 0.065625 0.0875
1 0.600390625 0.44305555555555554 0.06640625 0.18055555555555555
1 0.063671875 0.11527777777777778 0.07421875 0.10833333333333334
1 0.273828125 0.059722222222222225 0.07890625 0.1111111111111111
1 0.068359375 0.44375 0.06484375 0.12638888888888888
1 0.7984375 0.5194444444444445 0.078125 0.14722222222222223
1 0.87734375 0.5402777777777777 0.0640625 0.11388888888888889
1 0.4078125 0.44930555555555557 0.0703125 0.10138888888888889
1 0.75546875 0.38472222222222224 0.071875 0.11666666666666667
1 0.9078125 0.09097222222222222 0.0609375 0.10694444444444444
1 0.95234375 0.8875 0.0609375 0.10833333333333334
1 0.590625 0.27569444444444446 0.065625 0.11805555555555555
1 0.03046875 0.5444444444444444 0.0578125 0.12222222222222222
1 0.16015625 0.9 0.0703125 0.11944444444444445
1 0.1078125 0.5819444444444445 0.0609375 0.11944444444444445
1 0.780078125 0.18333333333333332 0.06640625 0.11666666666666667
1 0.13671875 0.7777777777777778 0.0640625 0.10555555555555556
1 0.93984375 0.5791666666666667 0.05625 0.1
1 0.364453125 0.8270833333333333 0.06953125 0.10972222222222222
1 0.93515625 0.46944444444444444 0.0625 0.1111111111111111
1 0.377734375 0.24861111111111112 0.06953125 0.10277777777777777
1 0.45625 0.3763888888888889 0.0609375 0.12222222222222222
0 0.8328125 0.64375 0.0296875 0.07361111111111111
1 0.30703125 0.9347222222222222 0.0734375 0.11944444444444445
1 0.16015625 0.6569444444444444 0.0625 0.11944444444444445
1 0.545703125 0.6513888888888889 0.07890625 0.10277777777777777
1 0.535546875 0.31666666666666665 0.05703125 0.11666666666666667
1 0.08203125 0.8979166666666667 0.0734375 0.1125
1 0.665234375 0.10902777777777778 0.05859375 0.11805555555555555
1 0.6984375 0.6055555555555555 0.0625 0.13333333333333333
1 0.7390625 0.7041666666666667 0.071875 0.10833333333333334
1 0.821875 0.3125 0.0671875 0.11666666666666667
1 0.372265625 0.3645833333333333 0.06796875 0.11527777777777778
1 0.95546875 0.7701388888888889 0.065625 0.12083333333333333
1 0.4875 0.5611111111111111 0.078125 0.12222222222222222
1 0.746875 0.8180555555555555 0.0625 0.11388888888888889
1 0.6109375 0.5951388888888889 0.06875 0.11527777777777778
1 0.8171875 0.78125 0.0640625 0.14027777777777778
1 0.721875 0.1375 0.05625 0.125
1 0.67109375 0.2951388888888889 0.0796875 0.12083333333333333
1 0.8671875 0.46458333333333335 0.0625 0.13194444444444445
2 0.387109375 0.6208333333333333 0.16015625 0.2972222222222222