1 0.45 0.9513888888888888 0.1 0.08611111111111111
1 0.172265625 0.022222222222222223 0.07734375 0.044444444444444446
1 0.09296875 0.02361111111111111 0.0890625 0.04722222222222222
0 0.112109375 0.4152777777777778 0.03515625 0.06388888888888888
1 0.9859375 0.7958333333333333 0.028125 0.19166666666666668
0 0.90078125 0.025 0.0265625 0.044444444444444446
1 0.98203125 0.6388888888888888 0.034375 0.1388888888888889
1 0.701171875 0.28680555555555554 0.07734375 0.12083333333333333
1 0.3828125 0.04236111111111111 0.0875 0.07916666666666666
1 0.470703125 0.06111111111111111 0.08984375 0.11944444444444445
1 0.022265625 0.3298611111111111 0.04453125 0.14583333333333334
1 0.65390625 0.034722222222222224 0.0859375 0.06388888888888888
2 0.386328125 0.8152777777777778 0.11484375 0.20833333333333334
1 0.95078125 0.03958333333333333 0.0859375 0.07361111111111111
1 0.723046875 0.36875 0.08984375 0.14583333333333334
1 0.521484375 0.48125 0.08515625 0.1486111111111111
1 0.0265625 0.6208333333333333 0.053125 0.15555555555555556
1 0.253125 0.058333333333333334 0.0875 0.1111111111111111
1 0.04453125 0.8215277777777777 0.0765625 0.14027777777777778
1 0.30234375 0.16458333333333333 0.09375 0.13472222222222222
1 0.496875 0.1423611111111111 0.08125 0.14027777777777778
1 0.172265625 0.6770833333333334 0.08046875 0.14305555555555555
1 0.82421875 0.3263888888888889 0.0859375 0.1638888888888889
1 0.313671875 0.6986111111111111 0.08984375 0.14166666666666666
1 0.9640625 0.14722222222222223 0.0703125 0.15
1 0.166015625 0.4111111111111111 0.07734375 0.14722222222222223
1 0.04921875 0.45 0.0796875 0.1361111111111111
1 0.68046875 0.9305555555555556 0.0890625 0.13333333333333333
1 0.9734375 0.4861111111111111 0.053125 0.1388888888888889
1 0.84921875 0.8041666666666667 0.078125 0.14166666666666666
1 0.5921875 0.1 0.078125 0.14444444444444443
1 0.7515625 0.06736111111111111 0.0875 0.12916666666666668
1 0.7078125 0.5201388888888889 0.08125 0.14305555555555555
1 0.88046875 0.5006944444444444 0.0875 0.14583333333333334
1 0.93046875 0.8097222222222222 0.08125 0.1638888888888889
1 0.602734375 0.3798611111111111 0.08515625 0.14027777777777778
1 0.909375 0.23472222222222222 0.075 0.1388888888888889
1 0.031640625 0.10277777777777777 0.06328125 0.15555555555555556
1 0.20703125 0.8472222222222222 0.0921875 0.15
1 0.08984375 0.2590277777777778 0.0828125 0.14027777777777778
1 0.8296875 0.9333333333333333 0.08125 0.12777777777777777
1 0.218359375 0.5597222222222222 0.07890625 0.125
1 0.120703125 0.8819444444444444 0.08828125 0.14444444444444443
1 0.402734375 0.6243055555555556 0.08203125 0.1486111111111111
1 0.6078125 0.7625 0.0828125 0.14722222222222223
1 0.516796875 0.5722222222222222 0.09765625 0.1388888888888889
1 0.607421875 0.5256944444444445 0.08515625 0.13472222222222222
1 0.728125 0.8222222222222222 0.09375 0.16111111111111112
1 0.1734375 0.2625 0.0859375 0.1361111111111111
1 0.339453125 0.2520833333333333 0.07734375 0.1486111111111111
1 0.26171875 0.2875 0.0875 0.1527777777777778
1 0.1015625 0.56875 0.09375 0.14027777777777778
1 0.22421875 0.4236111111111111 0.0765625 0.1361111111111111
1 0.182421875 0.12291666666666666 0.08828125 0.1375
1 0.553125 0.8840277777777777 0.084375 0.14305555555555555
1 0.665625 0.15555555555555556 0.090625 0.15555555555555556
1 0.29765625 0.49027777777777776 0.0890625 0.1638888888888889
1 0.43828125 0.2548611111111111 0.0859375 0.15694444444444444
1 0.9328125 0.3770833333333333 0.0859375 0.14583333333333334
1 0.48046875 0.6986111111111111 0.0921875 0.14166666666666666
1 0.78125 0.5993055555555555 0.0875 0.16805555555555557
1 0.665625 0.6548611111111111 0.09375 0.1486111111111111
1 0.7734375 0.20416666666666666 0.08125 0.14722222222222223
1 0.475 0.8409722222222222 0.078125 0.13472222222222222
1 0.442578125 0.4152777777777778 0.08671875 0.15