1 0.297265625 0.02638888888888889 0.08828125 0.05
1 0.0109375 0.8277777777777777 0.0203125 0.23055555555555557
0 0.35078125 0.28958333333333336 0.0265625 0.04583333333333333
1 0.655859375 0.38472222222222224 0.06484375 0.13055555555555556
1 0.9453125 0.6055555555555555 0.0875 0.15
1 0.506640625 0.9541666666666667 0.08359375 0.08611111111111111
1 0.012890625 0.5208333333333334 0.02421875 0.19166666666666668
1 0.970703125 0.7916666666666666 0.05859375 0.16666666666666666
1 0.549609375 0.5201388888888889 0.06640625 0.13472222222222222
1 0.43984375 0.08263888888888889 0.0703125 0.1375
1 0.02734375 0.2847222222222222 0.0546875 0.15833333333333333
1 0.72109375 0.049305555555555554 0.0765625 0.09583333333333334
1 0.2265625 0.8236111111111111 0.0890625 0.14166666666666666
1 0.23125 0.9131944444444444 0.084375 0.14305555555555555
1 0.92890625 0.54375 0.0859375 0.1375
1 0.9703125 0.06111111111111111 0.0578125 0.12222222222222222
1 0.68828125 0.3541666666666667 0.0765625 0.14166666666666666
1 0.39453125 0.9388888888888889 0.0921875 0.11388888888888889
1 0.9265625 0.7736111111111111 0.084375 0.1527777777777778
1 0.884375 0.9166666666666666 0.0921875 0.14722222222222223
1 0.3078125 0.3923611111111111 0.08125 0.14027777777777778
1 0.50390625 0.22430555555555556 0.078125 0.15416666666666667
1 0.72890625 0.13680555555555557 0.084375 0.14027777777777778
1 0.7546875 0.8083333333333333 0.084375 0.17222222222222222
1 0.28984375 0.25833333333333336 0.084375 0.13333333333333333
1 0.775390625 0.36319444444444443 0.08515625 0.15416666666666667
1 0.7015625 0.6701388888888888 0.0875 0.1625
1 0.55625 0.1 0.090625 0.1638888888888889
1 0.13984375 0.09791666666666667 0.0890625 0.15694444444444444
1 0.39921875 0.6944444444444444 0.0796875 0.1527777777777778
1 0.487109375 0.46111111111111114 0.07734375 0.175
1 0.621875 0.7388888888888889 0.0859375 0.15555555555555556
1 0.836328125 0.7777777777777778 0.07890625 0.16111111111111112
1 0.135546875 0.7902777777777777 0.08046875 0.1638888888888889
1 0.0359375 0.11180555555555556 0.071875 0.18194444444444444
1 0.155859375 0.3298611111111111 0.08359375 0.16527777777777777
1 0.65546875 0.2111111111111111 0.0796875 0.16944444444444445
1 0.609375 0.5159722222222223 0.09375 0.15694444444444444
1 0.390625 0.3611111111111111 0.084375 0.15555555555555556
1 0.06875 0.5166666666666667 0.0828125 0.16111111111111112
1 0.2390625 0.38472222222222224 0.0890625 0.15833333333333333
1 0.83359375 0.25555555555555554 0.0828125 0.15555555555555556
1 0.404296875 0.5159722222222223 0.08828125 0.1486111111111111
1 0.158984375 0.5013888888888889 0.09765625 0.19166666666666668
1 0.8359375 0.5527777777777778 0.090625 0.16944444444444445
1 0.36640625 0.1375 0.0765625 0.1527777777777778
1 0.473828125 0.6236111111111111 0.07578125 0.1527777777777778
1 0.6890625 0.8479166666666667 0.09375 0.15138888888888888
1 0.3171875 0.8777777777777778 0.0875 0.15
2 0.301953125 0.7027777777777777 0.12265625 0.20555555555555555