1 0.11171875 0.01597222222222222 0.084375 0.03194444444444444
1 0.69453125 0.9513888888888888 0.0921875 0.08888888888888889
1 0.6484375 0.6402777777777777 0.084375 0.125
1 0.019921875 0.2611111111111111 0.03828125 0.15
1 0.01640625 0.7055555555555556 0.0328125 0.13333333333333333
1 0.637109375 0.71875 0.08515625 0.12361111111111112
1 0.05390625 0.6479166666666667 0.075 0.13194444444444445
1 0.2515625 0.03958333333333333 0.071875 0.0763888888888889
1 0.878125 0.05416666666666667 0.0875 0.10555555555555556
1 0.49296875 0.04722222222222222 0.0671875 0.09166666666666666
1 0.375 0.49722222222222223 0.08125 0.15
1 0.48203125 0.19305555555555556 0.0796875 0.13333333333333333
1 0.56640625 0.07361111111111111 0.08125 0.12777777777777777
1 0.12421875 0.5979166666666667 0.078125 0.12916666666666668
1 0.84765625 0.7666666666666667 0.078125 0.16111111111111112
1 0.20234375 0.24097222222222223 0.08125 0.16805555555555557
1 0.92578125 0.7243055555555555 0.0734375 0.14027777777777778
1 0.31015625 0.08611111111111111 0.0765625 0.14444444444444443
1 0.9734375 0.44305555555555554 0.0515625 0.1527777777777778
1 0.2765625 0.5027777777777778 0.08125 0.1388888888888889
1 0.9265625 0.925 0.090625 0.1388888888888889
1 0.113671875 0.11527777777777778 0.08828125 0.15
1 0.78125 0.0763888888888889 0.0875 0.14166666666666666
1 0.528515625 0.6277777777777778 0.09140625 0.16111111111111112
1 0.8765625 0.44722222222222224 0.084375 0.14166666666666666
1 0.116015625 0.2833333333333333 0.08046875 0.15
1 0.509375 0.7944444444444444 0.084375 0.15555555555555556
1 0.23359375 0.3819444444444444 0.0875 0.1361111111111111
1 0.033203125 0.85 0.06640625 0.16111111111111112
1 0.08515625 0.4701388888888889 0.078125 0.14583333333333334
1 0.41875 0.8548611111111111 0.084375 0.18194444444444444
1 0.23125 0.7243055555555555 0.0796875 0.1375
1 0.8609375 0.30069444444444443 0.090625 0.1486111111111111
1 0.7328125 0.2388888888888889 0.075 0.15
1 0.798828125 0.5944444444444444 0.07578125 0.14722222222222223
1 0.59609375 0.4791666666666667 0.0796875 0.1361111111111111
1 0.57578125 0.8333333333333334 0.0859375 0.15
1 0.338671875 0.8847222222222222 0.08046875 0.15
1 0.7375 0.5076388888888889 0.075 0.15416666666666667
1 0.394921875 0.7027777777777777 0.07734375 0.13333333333333333
1 0.5140625 0.46041666666666664 0.08125 0.1375
1 0.196875 0.5298611111111111 0.0796875 0.14305555555555555
1 0.9609375 0.18541666666666667 0.075 0.15694444444444444
1 0.373828125 0.1673611111111111 0.08671875 0.16805555555555557
1 0.31484375 0.6763888888888889 0.078125 0.15833333333333333
1 0.690625 0.83125 0.1 0.1486111111111111
1 0.87734375 0.6034722222222222 0.078125 0.15694444444444444
2 0.60078125 0.27361111111111114 0.1765625 0.2972222222222222