1 0.772265625 0.04097222222222222 0.09140625 0.08194444444444444
1 0.792578125 0.95 0.09140625 0.09444444444444444
1 0.87109375 0.9902777777777778 0.059375 0.019444444444444445
2 0.65234375 0.4979166666666667 0.1421875 0.2847222222222222
1 0.93125 0.41944444444444445 0.0828125 0.12777777777777777
1 0.9828125 0.5277777777777778 0.034375 0.17777777777777778
2 0.791796875 0.47291666666666665 0.14296875 0.2152777777777778
2 0.2078125 0.38055555555555554 0.128125 0.21666666666666667
2 0.455078125 0.7465277777777778 0.17578125 0.27361111111111114
1 0.024609375 0.6951388888888889 0.04921875 0.1597222222222222
1 0.0203125 0.4076388888888889 0.0390625 0.16527777777777777
2 0.7546875 0.6972222222222222 0.16875 0.2777777777777778
2 0.63828125 0.7888888888888889 0.1234375 0.24166666666666667
1 0.655859375 0.9430555555555555 0.08515625 0.10555555555555556
2 0.2890625 0.28125 0.1375 0.22083333333333333
1 0.988671875 0.10486111111111111 0.02265625 0.13194444444444445
2 0.8421875 0.06875 0.215625 0.1375
1 0.10078125 0.21597222222222223 0.096875 0.15138888888888888
1 0.87578125 0.3541666666666667 0.0765625 0.13055555555555556
1 0.2 0.044444444444444446 0.075 0.08611111111111111
1 0.180078125 0.19375 0.06953125 0.11527777777777778
1 0.1328125 0.06388888888888888 0.08125 0.11944444444444445
1 0.05390625 0.059722222222222225 0.075 0.11388888888888889
2 0.72109375 0.30069444444444443 0.1765625 0.24027777777777778
1 0.2390625 0.8715277777777778 0.0890625 0.17916666666666667
1 0.82890625 0.8180555555555555 0.1015625 0.12777777777777777
1 0.07734375 0.8152777777777778 0.09375 0.16944444444444445
2 0.425390625 0.2777777777777778 0.13515625 0.23333333333333334
2 0.375390625 0.8819444444444444 0.13046875 0.225
2 0.183984375 0.6625 0.13203125 0.24722222222222223
2 0.42578125 0.08680555555555555 0.140625 0.17083333333333334
2 0.283203125 0.55 0.13203125 0.23055555555555557
2 0.117578125 0.47430555555555554 0.14765625 0.2625
2 0.2890625 0.09097222222222222 0.1375 0.18194444444444444
2 0.88515625 0.5958333333333333 0.13125 0.2361111111111111