1 0.94375 0.03125 0.065625 0.059722222222222225
1 0.015234375 0.015277777777777777 0.03046875 0.027777777777777776
1 0.540234375 0.9708333333333333 0.08515625 0.05277777777777778
0 0.959375 0.6069444444444444 0.028125 0.058333333333333334
1 0.275390625 0.9791666666666666 0.07421875 0.041666666666666664
1 0.9875 0.32083333333333336 0.0234375 0.11388888888888889
1 0.68671875 0.01597222222222222 0.0703125 0.03194444444444444
1 0.450390625 0.7902777777777777 0.12109375 0.10833333333333334
0 0.38515625 0.19305555555555556 0.0296875 0.04722222222222222
1 0.98671875 0.55625 0.0265625 0.12916666666666668
1 0.012109375 0.3972222222222222 0.02421875 0.1527777777777778
1 0.51328125 0.03819444444444445 0.0734375 0.07361111111111111
1 0.88046875 0.041666666666666664 0.0671875 0.08055555555555556
1 0.01875 0.65 0.0375 0.11666666666666667
1 0.137890625 0.48819444444444443 0.08515625 0.12083333333333333
1 0.625 0.2902777777777778 0.0796875 0.13333333333333333
1 0.62734375 0.9583333333333334 0.1015625 0.07222222222222222
1 0.2 0.2326388888888889 0.075 0.15138888888888888
0 0.30078125 0.4875 0.0359375 0.06666666666666667
1 0.040625 0.9416666666666667 0.0796875 0.10555555555555556
1 0.602734375 0.5340277777777778 0.07734375 0.0875
1 0.10546875 0.41180555555555554 0.08125 0.1375
1 0.178515625 0.9347222222222222 0.08515625 0.11944444444444445
1 0.39296875 0.95 0.0859375 0.09444444444444444
1 0.31875 0.19930555555555557 0.08125 0.12916666666666668
1 0.272265625 0.8090277777777778 0.07421875 0.13472222222222222
1 0.9203125 0.6826388888888889 0.0765625 0.13472222222222222
1 0.679296875 0.8423611111111111 0.07890625 0.12638888888888888
1 0.89375 0.7729166666666667 0.0671875 0.13194444444444445
1 0.728515625 0.9388888888888889 0.07578125 0.11666666666666667
1 0.819140625 0.5104166666666666 0.07578125 0.1625
1 0.69453125 0.09513888888888888 0.0796875 0.12083333333333333
1 0.87421875 0.9375 0.0765625 0.12222222222222222
1 0.80234375 0.11666666666666667 0.0796875 0.13333333333333333
1 0.2625 0.04583333333333333 0.06875 0.08888888888888889
1 0.028125 0.22777777777777777 0.05625 0.11666666666666667
1 0.0234375 0.08680555555555555 0.046875 0.12638888888888888
1 0.20234375 0.1284722222222222 0.0796875 0.12361111111111112
1 0.447265625 0.4527777777777778 0.07890625 0.13333333333333333
1 0.43828125 0.049305555555555554 0.0765625 0.09861111111111111
1 0.66328125 0.45069444444444445 0.0703125 0.1375
1 0.59765625 0.08055555555555556 0.0671875 0.11944444444444445
1 0.153125 0.5888888888888889 0.078125 0.11388888888888889
1 0.890625 0.37569444444444444 0.0796875 0.12083333333333333
1 0.34921875 0.28541666666666665 0.0765625 0.12638888888888888
1 0.95859375 0.24444444444444444 0.0734375 0.1388888888888889
1 0.86640625 0.5888888888888889 0.0703125 0.12222222222222222
1 0.6 0.8618055555555556 0.075 0.1375
1 0.2046875 0.375 0.078125 0.12777777777777777
1 0.365234375 0.45694444444444443 0.07734375 0.13333333333333333
1 0.52578125 0.2125 0.0765625 0.1361111111111111
1 0.39765625 0.5520833333333334 0.0703125 0.11527777777777778
1 0.051171875 0.7736111111111111 0.08203125 0.1361111111111111
1 0.68203125 0.5972222222222222 0.090625 0.11666666666666667
1 0.603125 0.19722222222222222 0.08125 0.12777777777777777
1 0.80625 0.29097222222222224 0.075 0.12916666666666668
1 0.3125 0.6215277777777778 0.075 0.12361111111111112
1 0.675 0.7180555555555556 0.071875 0.125
1 0.43359375 0.3298611111111111 0.0734375 0.12916666666666668
1 0.30625 0.38680555555555557 0.071875 0.13194444444444445
1 0.596484375 0.42777777777777776 0.07109375 0.12777777777777777
1 0.741796875 0.7763888888888889 0.07421875 0.13055555555555556
1 0.4765625 0.1326388888888889 0.075 0.12638888888888888
1 0.080859375 0.6090277777777777 0.06640625 0.12916666666666668
1 0.94375 0.48819444444444443 0.0703125 0.13194444444444445
1 0.732421875 0.3076388888888889 0.06640625 0.14027777777777778
1 0.51875 0.39444444444444443 0.075 0.1388888888888889
1 0.8328125 0.7333333333333333 0.065625 0.1361111111111111
1 0.96015625 0.8069444444444445 0.0734375 0.14722222222222223
1 0.47734375 0.6034722222222222 0.0703125 0.13472222222222222
1 0.125390625 0.7083333333333334 0.07578125 0.13333333333333333
1 0.084765625 0.0875 0.07421875 0.13055555555555556
1 0.3703125 0.6972222222222222 0.075 0.12777777777777777
1 0.773828125 0.425 0.07265625 0.13333333333333333
1 0.546484375 0.61875 0.06796875 0.1375