1 0.4703125 0.5354166666666667 0.05625 0.1375
1 0.6765625 0.8965277777777778 0.0796875 0.1486111111111111
1 0.90078125 0.7131944444444445 0.0875 0.12361111111111112
1 0.598046875 0.059027777777777776 0.09765625 0.11805555555555555
1 0.878125 0.6368055555555555 0.084375 0.13194444444444445
1 0.51953125 0.5402777777777777 0.053125 0.14166666666666666
0 0.058203125 0.9319444444444445 0.09140625 0.125
1 0.94921875 0.022222222222222223 0.0859375 0.041666666666666664
1 0.39921875 0.8430555555555556 0.0859375 0.1638888888888889
1 0.9890625 0.3298611111111111 0.0203125 0.1625
0 0.884375 0.47708333333333336 0.08125 0.14027777777777778
1 0.174609375 0.1763888888888889 0.07890625 0.1388888888888889
1 0.50546875 0.31180555555555556 0.0765625 0.14305555555555555
1 0.020703125 0.13333333333333333 0.03984375 0.17222222222222222
1 0.95546875 0.12916666666666668 0.0859375 0.1361111111111111
1 0.6171875 0.9381944444444444 0.06875 0.1125
1 0.2875 0.37777777777777777 0.0765625 0.13333333333333333
1 0.976171875 0.6729166666666667 0.04765625 0.16805555555555557
0 0.721875 0.5909722222222222 0.0203125 0.03194444444444444
1 0.49453125 0.5375 0.0484375 0.13055555555555556
1 0.840625 0.7861111111111111 0.09375 0.14444444444444443
1 0.75859375 0.95 0.0671875 0.09444444444444444
1 0.5921875 0.49444444444444446 0.078125 0.17777777777777778
1 0.41015625 0.07152777777777777 0.0859375 0.14027777777777778
1 0.057421875 0.9305555555555556 0.09140625 0.12777777777777777
1 0.0203125 0.28888888888888886 0.0390625 0.14722222222222223
1 0.53984375 0.5416666666666666 0.0640625 0.1638888888888889
1 0.401171875 0.9638888888888889 0.08671875 0.06666666666666667
1 0.56875 0.6854166666666667 0.08125 0.13194444444444445
1 0.022265625 0.6847222222222222 0.04453125 0.15
1 0.1921875 0.6583333333333333 0.0703125 0.12222222222222222
1 0.08046875 0.4722222222222222 0.071875 0.15
1 0.0375 0.3819444444444444 0.075 0.18333333333333332
1 0.353515625 0.7479166666666667 0.09609375 0.17083333333333334
1 0.433984375 0.5305555555555556 0.06796875 0.13333333333333333
1 0.261328125 0.5673611111111111 0.11640625 0.1625
1 0.88515625 0.47638888888888886 0.0796875 0.14166666666666666
1 0.337890625 0.22361111111111112 0.10390625 0.18055555555555555
1 0.2671875 0.7368055555555556 0.08125 0.1375
1 0.72734375 0.44166666666666665 0.11875 0.19444444444444445
2 0.1296875 0.8125 0.121875 0.225
2 0.8921875 0.2569444444444444 0.128125 0.20277777777777778