1 0.98984375 0.06111111111111111 0.01875 0.12222222222222222
1 0.023828125 0.020833333333333332 0.04765625 0.041666666666666664
1 0.540625 0.01597222222222222 0.0625 0.03194444444444444
0 0.006640625 0.6326388888888889 0.01328125 0.11527777777777778
1 0.05234375 0.95625 0.0734375 0.07361111111111111
1 0.609375 0.018055555555555554 0.084375 0.03611111111111111
1 0.9828125 0.8833333333333333 0.034375 0.1111111111111111
1 0.026953125 0.8784722222222222 0.05390625 0.13194444444444445
1 0.352734375 0.9666666666666667 0.06953125 0.06111111111111111
1 0.6984375 0.018055555555555554 0.078125 0.03611111111111111
1 0.95859375 0.029861111111111113 0.065625 0.059722222222222225
0 0.283984375 0.2513888888888889 0.03515625 0.05
1 0.52109375 0.3875 0.0703125 0.10833333333333334
1 0.134765625 0.9555555555555556 0.06015625 0.08333333333333333
1 0.193359375 0.9666666666666667 0.06484375 0.06111111111111111
1 0.98046875 0.5138888888888888 0.0375 0.11944444444444445
1 0.88671875 0.03958333333333333 0.075 0.0763888888888889
2 0.52109375 0.46111111111111114 0.0796875 0.11666666666666667
1 0.521484375 0.4618055555555556 0.07734375 0.10972222222222222
1 0.040625 0.1486111111111111 0.0609375 0.12222222222222222
1 0.7625 0.32013888888888886 0.06875 0.11527777777777778
1 0.018359375 0.10486111111111111 0.03671875 0.11805555555555555
1 0.237109375 0.32916666666666666 0.07421875 0.125
1 0.151171875 0.34791666666666665 0.06484375 0.12083333333333333
1 0.023046875 0.24375 0.04609375 0.12361111111111112
1 0.578125 0.19166666666666668 0.0609375 0.09444444444444444
1 0.02109375 0.5125 0.0421875 0.11388888888888889
1 0.971875 0.73125 0.0546875 0.13194444444444445
1 0.797265625 0.4305555555555556 0.06640625 0.12777777777777777
1 0.732421875 0.7680555555555556 0.07109375 0.10833333333333334
1 0.134765625 0.7270833333333333 0.07265625 0.12638888888888888
1 0.062109375 0.6354166666666666 0.07265625 0.12083333333333333
1 0.82890625 0.6048611111111111 0.071875 0.11527777777777778
1 0.73046875 0.8569444444444444 0.06875 0.11944444444444445
1 0.674609375 0.26319444444444445 0.06328125 0.12083333333333333
1 0.58046875 0.07916666666666666 0.0671875 0.10555555555555556
1 0.4234375 0.5868055555555556 0.0625 0.12361111111111112
1 0.90859375 0.45694444444444443 0.0703125 0.11944444444444445
1 0.628125 0.26319444444444445 0.06875 0.13194444444444445
1 0.215625 0.6923611111111111 0.065625 0.11805555555555555
1 0.96796875 0.4048611111111111 0.0625 0.11805555555555555
1 0.15859375 0.47152777777777777 0.071875 0.1125
1 0.419140625 0.9340277777777778 0.06796875 0.1125
1 0.50234375 0.27569444444444446 0.0734375 0.11805555555555555
1 0.21875 0.3923611111111111 0.075 0.12916666666666668
1 0.86796875 0.7798611111111111 0.0796875 0.10694444444444444
1 0.80859375 0.22777777777777777 0.0703125 0.11388888888888889
1 0.504296875 0.20208333333333334 0.06171875 0.10138888888888889
1 0.93828125 0.7951388888888888 0.0640625 0.12361111111111112
1 0.229296875 0.8333333333333334 0.06796875 0.13333333333333333
1 0.7375 0.24791666666666667 0.0640625 0.1375
1 0.834375 0.3902777777777778 0.065625 0.11944444444444445
1 0.9375 0.28194444444444444 0.06875 0.11944444444444445
1 0.9125 0.6166666666666667 0.0671875 0.12222222222222222
1 0.48203125 0.6777777777777778 0.0671875 0.11944444444444445
1 0.40625 0.7680555555555556 0.0625 0.1361111111111111
1 0.54765625 0.6958333333333333 0.0671875 0.13333333333333333
1 0.528125 0.9361111111111111 0.071875 0.12222222222222222
1 0.86953125 0.2861111111111111 0.0609375 0.11388888888888889
1 0.80546875 0.8659722222222223 0.0734375 0.13472222222222222
1 0.310546875 0.7333333333333333 0.06796875 0.11944444444444445
1 0.462890625 0.8416666666666667 0.07265625 0.12222222222222222
1 0.8578125 0.5229166666666667 0.0703125 0.12083333333333333
1 0.79140625 0.07708333333333334 0.0640625 0.14027777777777778
1 0.47421875 0.5638888888888889 0.0671875 0.1111111111111111
1 0.9484375 0.16180555555555556 0.084375 0.12083333333333333
1 0.750390625 0.12430555555555556 0.07109375 0.12638888888888888
1 0.309765625 0.8611111111111112 0.07109375 0.12777777777777777
1 0.63359375 0.1361111111111111 0.0734375 0.1111111111111111
1 0.425390625 0.30625 0.08203125 0.12361111111111112
1 0.300390625 0.38055555555555554 0.06328125 0.11666666666666667
1 0.61640625 0.675 0.06875 0.13055555555555556
1 0.642578125 0.7805555555555556 0.06953125 0.11944444444444445
1 0.7734375 0.6645833333333333 0.078125 0.1375
1 0.1015625 0.16597222222222222 0.0765625 0.1125
1 0.51171875 0.09583333333333334 0.065625 0.11944444444444445
1 0.042578125 0.3402777777777778 0.07734375 0.10833333333333334
1 0.4234375 0.06875 0.075 0.11805555555555555
1 0.534375 0.8159722222222222 0.0734375 0.11527777777777778
1 0.3421875 0.4777777777777778 0.071875 0.11666666666666667
1 0.598046875 0.9361111111111111 0.06484375 0.12222222222222222
1 0.200390625 0.09375 0.07890625 0.14027777777777778
1 0.57109375 0.31875 0.0640625 0.14027777777777778
1 0.32265625 0.16458333333333333 0.065625 0.12916666666666668
1 0.234375 0.5194444444444445 0.0734375 0.125
1 0.35703125 0.3145833333333333 0.0625 0.15138888888888888
1 0.100390625 0.39861111111111114 0.06640625 0.13055555555555556
1 0.6359375 0.3972222222222222 0.078125 0.13333333333333333
1 0.274609375 0.06111111111111111 0.07109375 0.12222222222222222
1 0.41484375 0.4361111111111111 0.0765625 0.13055555555555556
1 0.288671875 0.6006944444444444 0.06796875 0.12361111111111112
1 0.6890625 0.6458333333333334 0.075 0.11944444444444445
1 0.70546875 0.5277777777777778 0.0671875 0.12222222222222222
1 0.7578125 0.5256944444444445 0.0625 0.13472222222222222