1 0.79765625 0.9583333333333334 0.084375 0.08055555555555556
1 0.007421875 0.7263888888888889 0.01484375 0.175
1 0.009765625 0.37083333333333335 0.01953125 0.16944444444444445
1 0.390234375 0.6402777777777777 0.08203125 0.125
1 0.013671875 0.04513888888888889 0.02734375 0.09027777777777778
1 0.437890625 0.9486111111111111 0.08984375 0.09166666666666666
1 0.97734375 0.9444444444444444 0.04375 0.10555555555555556
1 0.7953125 0.8833333333333333 0.065625 0.15555555555555556
1 0.85078125 0.3375 0.090625 0.11944444444444445
1 0.379296875 0.71875 0.08671875 0.12916666666666668
1 0.9609375 0.08333333333333333 0.0765625 0.14444444444444443
1 0.61953125 0.05555555555555555 0.0859375 0.10555555555555556
1 0.2359375 0.04722222222222222 0.06875 0.09166666666666666
1 0.85390625 0.6673611111111111 0.0734375 0.1375
1 0.22578125 0.19236111111111112 0.078125 0.13472222222222222
1 0.9640625 0.8263888888888888 0.071875 0.14166666666666666
1 0.89765625 0.17569444444444443 0.0765625 0.12916666666666668
1 0.86015625 0.06388888888888888 0.0796875 0.125
1 0.308203125 0.07291666666666667 0.08046875 0.12916666666666668
1 0.05234375 0.08611111111111111 0.078125 0.14444444444444443
1 0.93671875 0.47638888888888886 0.0828125 0.15
1 0.668359375 0.925 0.09140625 0.1388888888888889
1 0.52421875 0.07569444444444444 0.0890625 0.14305555555555555
1 0.704296875 0.18541666666666667 0.07890625 0.15416666666666667
1 0.61796875 0.4486111111111111 0.084375 0.14166666666666666
1 0.3375 0.4791666666666667 0.0796875 0.13333333333333333
1 0.7265625 0.44513888888888886 0.078125 0.1486111111111111
1 0.479296875 0.5076388888888889 0.07578125 0.15138888888888888
1 0.80625 0.47152777777777777 0.08125 0.15138888888888888
1 0.255078125 0.46041666666666664 0.08046875 0.14027777777777778
1 0.925 0.6256944444444444 0.0703125 0.14027777777777778
1 0.786328125 0.20347222222222222 0.08203125 0.1486111111111111
1 0.666796875 0.7256944444444444 0.07265625 0.14027777777777778
1 0.137109375 0.7027777777777777 0.07734375 0.13333333333333333
1 0.269921875 0.6298611111111111 0.09296875 0.1597222222222222
1 0.60390625 0.3013888888888889 0.0890625 0.15
1 0.251171875 0.7958333333333333 0.08203125 0.15833333333333333
1 0.475390625 0.24097222222222223 0.07421875 0.15138888888888888
1 0.0296875 0.5013888888888889 0.059375 0.14166666666666666
1 0.31640625 0.8347222222222223 0.0859375 0.15
1 0.1171875 0.4979166666666667 0.084375 0.1486111111111111
1 0.080859375 0.8847222222222222 0.07890625 0.14722222222222223
1 0.540625 0.5951388888888889 0.075 0.14305555555555555
1 0.7921875 0.6388888888888888 0.1 0.17222222222222222
1 0.161328125 0.8548611111111111 0.08203125 0.18472222222222223
1 0.43359375 0.8319444444444445 0.1 0.14722222222222223
1 0.05703125 0.6756944444444445 0.0796875 0.1597222222222222
1 0.116015625 0.1673611111111111 0.08828125 0.16527777777777777
1 0.620703125 0.6041666666666666 0.07890625 0.15833333333333333
1 0.589453125 0.7673611111111112 0.08046875 0.1625
2 0.339453125 0.2743055555555556 0.17734375 0.2986111111111111