1 0.46640625 0.03958333333333333 0.0890625 0.0763888888888889
0 0.13359375 0.10625 0.0765625 0.12638888888888888
2 0.8453125 0.7777777777777778 0.090625 0.13333333333333333
2 0.48203125 0.15 0.4828125 0.3
1 0.625390625 0.6243055555555556 0.09453125 0.1763888888888889
2 0.302734375 0.2673611111111111 0.10859375 0.17083333333333334
2 0.024609375 0.5763888888888888 0.04921875 0.275
0 0.6765625 0.9291666666666667 0.075 0.13055555555555556
2 0.1546875 0.22777777777777777 0.309375 0.45555555555555555
2 0.8734375 0.27152777777777776 0.253125 0.5430555555555555
0 0.398046875 0.06319444444444444 0.07890625 0.11805555555555555
1 0.9703125 0.5055555555555555 0.0578125 0.1388888888888889
1 0.67578125 0.9291666666666667 0.0703125 0.1361111111111111
2 0.502734375 0.9527777777777777 0.12734375 0.08333333333333333
2 0.397265625 0.06111111111111111 0.08046875 0.11944444444444445
1 0.3984375 0.06180555555555556 0.078125 0.12361111111111112
2 0.67890625 0.3902777777777778 0.2703125 0.36666666666666664
1 0.58828125 0.8986111111111111 0.0953125 0.1527777777777778
0 0.02578125 0.6402777777777777 0.0515625 0.125
0 0.699609375 0.6541666666666667 0.03515625 0.06388888888888888
1 0.9421875 0.63125 0.0953125 0.14305555555555555
1 0.815625 0.9388888888888889 0.0953125 0.1111111111111111
2 0.0390625 0.12569444444444444 0.0765625 0.24583333333333332
2 0.77265625 0.5027777777777778 0.4546875 0.9944444444444445
0 0.309375 0.0125 0.059375 0.025
0 0.58828125 0.8986111111111111 0.0953125 0.15
2 0.033203125 0.35 0.06640625 0.2222222222222222
2 0.6140625 0.09305555555555556 0.2359375 0.18611111111111112
1 0.53984375 0.3298611111111111 0.0796875 0.16805555555555557
1 0.32421875 0.7402777777777778 0.0875 0.125
2 0.300390625 0.5 0.60078125 1
2 0.13046875 0.2548611111111111 0.10625 0.15138888888888888
1 0.13515625 0.10208333333333333 0.075 0.13194444444444445
1 0.212890625 0.48055555555555557 0.08046875 0.14166666666666666
1 0.80546875 0.40208333333333335 0.071875 0.16527777777777777
0 0.62109375 0.6298611111111111 0.0921875 0.14027777777777778
2 0.475 0.15555555555555556 0.084375 0.13055555555555556
2 0.376171875 0.8458333333333333 0.08359375 0.13333333333333333
0 0.45546875 0.8125 0.0703125 0.11666666666666667
2 0.79140625 0.6173611111111111 0.1015625 0.17083333333333334