0 0.41953125 0.6201388888888889 0.0328125 0.0625
1 0.301171875 0.05138888888888889 0.07890625 0.10277777777777777
1 0.822265625 0.9430555555555555 0.08828125 0.10833333333333334
1 0.759375 0.015277777777777777 0.06875 0.030555555555555555
1 0.31953125 0.9180555555555555 0.09375 0.14722222222222223
1 0.359375 0.04791666666666667 0.078125 0.09027777777777778
0 0.1546875 0.12152777777777778 0.034375 0.04583333333333333
1 0.928125 0.08333333333333333 0.0921875 0.15555555555555556
1 0.010546875 0.3527777777777778 0.02109375 0.15
1 0.23046875 0.4423611111111111 0.0796875 0.14027777777777778
1 0.06953125 0.9458333333333333 0.09375 0.10277777777777777
1 0.034375 0.6208333333333333 0.06875 0.1638888888888889
1 0.47890625 0.9458333333333333 0.08125 0.09722222222222222
1 0.64609375 0.052083333333333336 0.0796875 0.10416666666666667
1 0.9796875 0.5722222222222222 0.0390625 0.16111111111111112
1 0.184375 0.050694444444444445 0.0921875 0.09861111111111111
1 0.19765625 0.9493055555555555 0.096875 0.09583333333333334
1 0.6484375 0.3 0.084375 0.1527777777777778
1 0.078515625 0.05625 0.08203125 0.10972222222222222
1 0.401171875 0.9333333333333333 0.08203125 0.125
1 0.425 0.5625 0.1 0.15
1 0.17421875 0.7104166666666667 0.090625 0.14583333333333334
1 0.14375 0.5881944444444445 0.08125 0.14027777777777778
1 0.9296875 0.24375 0.0875 0.1597222222222222
1 0.6671875 0.4166666666666667 0.09375 0.15
1 0.103125 0.81875 0.0796875 0.14305555555555555
1 0.23125 0.6756944444444445 0.084375 0.1625
1 0.48515625 0.06597222222222222 0.0984375 0.12916666666666668
1 0.75 0.8763888888888889 0.0859375 0.14166666666666666
1 0.25859375 0.28402777777777777 0.090625 0.14583333333333334
1 0.82578125 0.7875 0.0859375 0.1527777777777778
1 0.57734375 0.17430555555555555 0.0828125 0.13194444444444445
1 0.5625 0.5694444444444444 0.0953125 0.15
1 0.034765625 0.48194444444444445 0.06953125 0.13055555555555556
1 0.47578125 0.3347222222222222 0.0984375 0.16111111111111112
1 0.74765625 0.6180555555555556 0.0921875 0.1638888888888889
1 0.249609375 0.12916666666666668 0.08828125 0.1638888888888889
1 0.928125 0.8256944444444444 0.090625 0.1763888888888889
1 0.565625 0.33194444444444443 0.08125 0.175
1 0.4046875 0.14652777777777778 0.0984375 0.14583333333333334
1 0.825390625 0.48541666666666666 0.09453125 0.15138888888888888
1 0.56015625 0.8611111111111112 0.0984375 0.15833333333333333
1 0.6875 0.15833333333333333 0.08125 0.15
1 0.35703125 0.26944444444444443 0.0828125 0.15
1 0.853125 0.15763888888888888 0.0796875 0.14305555555555555
1 0.769921875 0.11597222222222223 0.08359375 0.1625
1 0.90546875 0.6541666666666667 0.0875 0.15833333333333333
1 0.86171875 0.33611111111111114 0.0828125 0.15555555555555556
1 0.6953125 0.7555555555555555 0.084375 0.16666666666666666
1 0.341015625 0.5 0.09453125 0.14444444444444443
1 0.655859375 0.5722222222222222 0.09140625 0.16666666666666666
2 0.09765625 0.31180555555555556 0.1859375 0.3541666666666667