2 0.2765625 0.24722222222222223 0.1109375 0.2388888888888889
2 0.756640625 0.5 0.48671875 1
0 0.84375 0.01875 0.046875 0.0375
1 0.49765625 0.55625 0.0828125 0.15138888888888888
0 0.96015625 0.01875 0.0734375 0.0375
1 0.666796875 0.05416666666666667 0.07578125 0.10555555555555556
1 0.7328125 0.05347222222222222 0.05625 0.10416666666666667
2 0.03515625 0.5041666666666667 0.0703125 0.175
1 0.790234375 0.07708333333333334 0.06328125 0.1486111111111111
2 0.40703125 0.06041666666666667 0.0765625 0.12083333333333333
1 0.2328125 0.034722222222222224 0.08125 0.06666666666666667
2 0.36796875 0.5819444444444445 0.0734375 0.125
1 0.9421875 0.4131944444444444 0.0796875 0.15694444444444444
1 0.03671875 0.5048611111111111 0.0734375 0.1736111111111111
2 0.87421875 0.35 0.078125 0.17777777777777778
2 0.769921875 0.9291666666666667 0.07265625 0.13055555555555556
2 0.3796875 0.725 0.084375 0.16111111111111112
1 0.407421875 0.06041666666666667 0.07109375 0.12083333333333333
1 0.769140625 0.9319444444444445 0.06953125 0.13333333333333333
1 0.378515625 0.7222222222222222 0.08046875 0.16111111111111112
1 0.36875 0.5819444444444445 0.075 0.12222222222222222
1 0.01171875 0.28680555555555554 0.0234375 0.27361111111111114
2 0.753125 0.6027777777777777 0.071875 0.14444444444444443
0 0.827734375 0.9201388888888888 0.07421875 0.12361111111111112
2 0.071875 0.06875 0.0859375 0.13194444444444445
1 0.752734375 0.6034722222222222 0.07265625 0.14583333333333334
2 0.44921875 0.6826388888888889 0.0828125 0.2152777777777778
1 0.472265625 0.08541666666666667 0.06328125 0.13194444444444445
1 0.87265625 0.34930555555555554 0.0765625 0.1597222222222222
2 0.963671875 0.5111111111111111 0.07265625 0.1388888888888889
0 0.386328125 0.8701388888888889 0.03984375 0.07083333333333333
1 0.806640625 0.5430555555555555 0.07890625 0.16944444444444445
2 0.0671875 0.6534722222222222 0.0859375 0.15416666666666667
2 0.80859375 0.5395833333333333 0.0796875 0.18194444444444444
1 0.65390625 0.1840277777777778 0.0859375 0.15138888888888888
1 0.06640625 0.6548611111111111 0.084375 0.1486111111111111
1 0.071484375 0.06597222222222222 0.08046875 0.12916666666666668
1 0.3125 0.06805555555555555 0.084375 0.13055555555555556
1 0.34375 0.3611111111111111 0.0703125 0.2
1 0.96328125 0.5152777777777777 0.0734375 0.1361111111111111
2 0.31171875 0.06736111111111111 0.096875 0.13194444444444445
2 0.655859375 0.1840277777777778 0.08828125 0.15138888888888888
1 0.7484375 0.17777777777777778 0.090625 0.12777777777777777
1 0.168359375 0.07847222222222222 0.08671875 0.15416666666666667
2 0.748828125 0.1763888888888889 0.09296875 0.125
1 0.558984375 0.1736111111111111 0.08984375 0.14444444444444443
1 0.423046875 0.4625 0.08359375 0.14722222222222223
2 0.064453125 0.27708333333333335 0.08984375 0.2013888888888889
2 0.3453125 0.3597222222222222 0.071875 0.20277777777777778
2 0.16875 0.07777777777777778 0.09375 0.1527777777777778
2 0.674609375 0.6916666666666667 0.08203125 0.1388888888888889
2 0.96875 0.6881944444444444 0.0625 0.1763888888888889
2 0.500390625 0.55625 0.08828125 0.16527777777777777
2 0.559375 0.1736111111111111 0.09375 0.1527777777777778
2 0.425390625 0.4618055555555556 0.09296875 0.16805555555555557
2 0.44765625 0.2534722222222222 0.08125 0.20694444444444443
2 0.37265625 0.1638888888888889 0.0921875 0.16666666666666666
2 0.756640625 0.7736111111111111 0.09765625 0.1638888888888889
2 0.5484375 0.7944444444444444 0.090625 0.17222222222222222