2 0.11171875 0.03263888888888889 0.1296875 0.059722222222222225
1 0.99375 0.5590277777777778 0.0125 0.1763888888888889
2 0.771875 0.5111111111111111 0.45625 0.9777777777777777
0 0.155859375 0.8715277777777778 0.03671875 0.05138888888888889
1 0.44453125 0.02013888888888889 0.0921875 0.04027777777777778
1 0.92890625 0.9527777777777777 0.090625 0.08333333333333333
1 0.88046875 0.035416666666666666 0.09375 0.06805555555555555
2 0.13515625 0.46805555555555556 0.08125 0.13333333333333333
0 0.134375 0.4673611111111111 0.08125 0.13472222222222222
2 0.88046875 0.03263888888888889 0.0953125 0.06527777777777778
1 0.009375 0.5416666666666666 0.01875 0.16944444444444445
0 0.3859375 0.5986111111111111 0.021875 0.041666666666666664
2 0.26875 0.6243055555555556 0.084375 0.13194444444444445
1 0.26640625 0.625 0.0859375 0.12777777777777777
1 0.3 0.7777777777777778 0.0796875 0.1527777777777778
1 0.3609375 0.7729166666666667 0.078125 0.14027777777777778
1 0.134765625 0.4666666666666667 0.07890625 0.13333333333333333
2 0.093359375 0.94375 0.16953125 0.10138888888888889
1 0.024609375 0.7006944444444444 0.04921875 0.17083333333333334
1 0.5796875 0.9243055555555556 0.084375 0.13472222222222222
1 0.85234375 0.9076388888888889 0.0828125 0.14583333333333334
1 0.034765625 0.10138888888888889 0.06796875 0.15
1 0.846875 0.5888888888888889 0.0875 0.15
1 0.9625 0.37916666666666665 0.0734375 0.15
1 0.928125 0.8347222222222223 0.090625 0.1527777777777778
1 0.88515625 0.4270833333333333 0.0890625 0.1375
1 0.648046875 0.7756944444444445 0.08046875 0.15694444444444444
1 0.746875 0.07013888888888889 0.0796875 0.1375
1 0.414453125 0.6555555555555556 0.08984375 0.15555555555555556
1 0.9625 0.08819444444444445 0.0734375 0.16805555555555557
1 0.70625 0.46805555555555556 0.08125 0.15833333333333333
1 0.404296875 0.8944444444444445 0.09921875 0.14444444444444443
1 0.23671875 0.48333333333333334 0.08125 0.16111111111111112
1 0.15546875 0.3236111111111111 0.0796875 0.15833333333333333
1 0.68671875 0.9069444444444444 0.0828125 0.1527777777777778
1 0.89765625 0.6986111111111111 0.0875 0.14166666666666666
1 0.252734375 0.2902777777777778 0.08984375 0.175
1 0.76953125 0.8645833333333334 0.0859375 0.16527777777777777
1 0.353515625 0.45555555555555555 0.09296875 0.17222222222222222
1 0.48515625 0.7958333333333333 0.096875 0.175
1 0.692578125 0.18333333333333332 0.09296875 0.14444444444444443
1 0.24921875 0.8791666666666667 0.0890625 0.1638888888888889
1 0.080078125 0.7833333333333333 0.08203125 0.15555555555555556
1 0.183203125 0.7729166666666667 0.09296875 0.15416666666666667
1 0.176171875 0.6013888888888889 0.07421875 0.1388888888888889
1 0.583203125 0.6694444444444444 0.08828125 0.16111111111111112
1 0.331640625 0.07361111111111111 0.09609375 0.14444444444444443
1 0.526953125 0.5097222222222222 0.09140625 0.1527777777777778
1 0.088671875 0.20069444444444445 0.09765625 0.15138888888888888
1 0.79375 0.4388888888888889 0.090625 0.17222222222222222
1 0.765234375 0.6958333333333333 0.08671875 0.16944444444444445
1 0.634765625 0.38125 0.09921875 0.1625
1 0.51640625 0.13680555555555557 0.0921875 0.17083333333333334
1 0.59921875 0.21875 0.0953125 0.17083333333333334
1 0.86953125 0.25833333333333336 0.0921875 0.15833333333333333
1 0.515234375 0.33125 0.09140625 0.1625
1 0.39140625 0.28055555555555556 0.0921875 0.1638888888888889