1 0.00859375 0.04791666666666667 0.0171875 0.09305555555555556
0 0.49296875 0.9805555555555555 0.0453125 0.03333333333333333
0 0.80546875 0.7333333333333333 0.040625 0.05555555555555555
1 0.8625 0.8979166666666667 0.075 0.10972222222222222
1 0.258984375 0.022222222222222223 0.06953125 0.041666666666666664
0 0.86328125 0.9 0.075 0.10555555555555556
1 0.01953125 0.5243055555555556 0.0375 0.17083333333333334
1 0.81015625 0.9631944444444445 0.0703125 0.06805555555555555
1 0.080078125 0.9430555555555555 0.07578125 0.10833333333333334
0 0.4140625 0.4375 0.040625 0.06944444444444445
1 0.984375 0.1451388888888889 0.03125 0.13472222222222222
1 0.386328125 0.8951388888888889 0.07578125 0.11805555555555555
0 0.112890625 0.8527777777777777 0.05546875 0.07222222222222222
1 0.065234375 0.47638888888888886 0.06640625 0.14722222222222223
1 0.934375 0.6138888888888889 0.0734375 0.125
0 0.794921875 0.6152777777777778 0.04765625 0.08055555555555556
1 0.9796875 0.3506944444444444 0.040625 0.15416666666666667
1 0.16484375 0.9013888888888889 0.06875 0.125
1 0.1296875 0.05347222222222222 0.06875 0.10416666666666667
1 0.47421875 0.7180555555555556 0.071875 0.14722222222222223
1 0.319921875 0.17916666666666667 0.08046875 0.1361111111111111
1 0.3828125 0.7638888888888888 0.071875 0.12222222222222222
1 0.51015625 0.9090277777777778 0.0859375 0.11805555555555555
1 0.3125 0.8145833333333333 0.0765625 0.12916666666666668
1 0.1421875 0.4388888888888889 0.075 0.1388888888888889
1 0.946875 0.5055555555555555 0.1046875 0.11666666666666667
1 0.9515625 0.9277777777777778 0.0859375 0.13333333333333333
1 0.241015625 0.89375 0.07421875 0.13472222222222222
1 0.61640625 0.55625 0.0734375 0.12361111111111112
1 0.516015625 0.2972222222222222 0.06953125 0.10833333333333334
1 0.287109375 0.5854166666666667 0.06328125 0.15138888888888888
1 0.369921875 0.31875 0.07734375 0.12638888888888888
1 0.8609375 0.14305555555555555 0.084375 0.1527777777777778
1 0.5890625 0.08819444444444445 0.065625 0.14027777777777778
1 0.223046875 0.18472222222222223 0.07578125 0.1527777777777778
1 0.6859375 0.34930555555555554 0.078125 0.11527777777777778
1 0.8390625 0.5513888888888889 0.08125 0.11944444444444445
1 0.355078125 0.5694444444444444 0.07109375 0.12777777777777777
1 0.65546875 0.7506944444444444 0.0609375 0.12916666666666668
1 0.91953125 0.31875 0.08125 0.15416666666666667
2 0.73125 0.06875 0.121875 0.13472222222222222
1 0.743359375 0.42777777777777776 0.06484375 0.12777777777777777
1 0.51640625 0.5013888888888889 0.0703125 0.13333333333333333