1 0.96171875 0.10902777777777778 0.075 0.12083333333333333
1 0.9796875 0.8263888888888888 0.040625 0.15833333333333333
0 0.348046875 0.5784722222222223 0.03515625 0.0625
1 0.2234375 0.9784722222222222 0.071875 0.04027777777777778
0 0.83046875 0.015277777777777777 0.05 0.027777777777777776
0 0.64921875 0.2847222222222222 0.0390625 0.07222222222222222
1 0.975 0.20902777777777778 0.0484375 0.14305555555555555
1 0.793359375 0.20347222222222222 0.06484375 0.10694444444444444
1 0.019140625 0.2673611111111111 0.03671875 0.19583333333333333
0 0.60078125 0.020833333333333332 0.0390625 0.03611111111111111
1 0.026953125 0.5361111111111111 0.05234375 0.14722222222222223
1 0.95859375 0.5465277777777777 0.08125 0.14305555555555555
1 0.19375 0.6256944444444444 0.065625 0.13194444444444445
1 0.81640625 0.7555555555555555 0.0765625 0.13333333333333333
1 0.648828125 0.06875 0.07109375 0.13472222222222222
1 0.58359375 0.2625 0.0671875 0.11388888888888889
1 0.88828125 0.27291666666666664 0.078125 0.1486111111111111
1 0.86015625 0.5895833333333333 0.06875 0.12638888888888888
1 0.03203125 0.8951388888888889 0.0625 0.14305555555555555
1 0.219140625 0.07291666666666667 0.08359375 0.13472222222222222
1 0.50546875 0.26944444444444443 0.084375 0.1388888888888889
1 0.11953125 0.6361111111111111 0.078125 0.1388888888888889
1 0.71640625 0.08194444444444444 0.0765625 0.14722222222222223
1 0.56640625 0.8611111111111112 0.0890625 0.1527777777777778
1 0.66875 0.37222222222222223 0.08125 0.11388888888888889
1 0.7359375 0.26319444444444445 0.0734375 0.1375
1 0.2203125 0.41944444444444445 0.06875 0.12777777777777777
1 0.7375 0.7305555555555555 0.08125 0.13333333333333333
1 0.29375 0.8055555555555556 0.065625 0.1388888888888889
1 0.707421875 0.8638888888888889 0.07109375 0.12777777777777777
1 0.634375 0.6597222222222222 0.08125 0.125
1 0.2921875 0.39375 0.075 0.14305555555555555
2 0.43671875 0.7569444444444444 0.125 0.20833333333333334