0 0.020703125 0.10347222222222222 0.04140625 0.09861111111111111
0 0.246875 0.9138888888888889 0.08125 0.15555555555555556
0 0.98515625 0.5805555555555556 0.028125 0.12222222222222222
2 0.30234375 0.6347222222222222 0.1765625 0.25277777777777777
0 0.98203125 0.3458333333333333 0.034375 0.08888888888888889
0 0.016015625 0.4326388888888889 0.03203125 0.12638888888888888
0 0.702734375 0.22361111111111112 0.07265625 0.12777777777777777
0 0.76796875 0.2986111111111111 0.0578125 0.12777777777777777
0 0.741796875 0.5736111111111111 0.08046875 0.14722222222222223
0 0.96015625 0.11805555555555555 0.071875 0.125
2 0.643359375 0.47152777777777777 0.14453125 0.24027777777777778