2 0.253125 0.7861111111111111 0.0796875 0.15555555555555556
2 0.13203125 0.27569444444444446 0.2640625 0.5513888888888889
1 0.346484375 0.5826388888888889 0.09609375 0.1486111111111111
1 0.04375 0.9590277777777778 0.0875 0.07916666666666666
1 0.365625 0.8833333333333333 0.078125 0.15555555555555556
2 0.046875 0.9590277777777778 0.09375 0.06805555555555555
2 0.9890625 0.4152777777777778 0.021875 0.14722222222222223
0 0.471875 0.2520833333333333 0.06875 0.1375
0 0.395703125 0.9847222222222223 0.06015625 0.025
2 0.3671875 0.8819444444444444 0.0859375 0.16666666666666666
2 0.97578125 0.20416666666666666 0.046875 0.15
0 0.262109375 0.009027777777777777 0.05234375 0.018055555555555554
2 0.725 0.02638888888888889 0.0953125 0.05277777777777778
1 0.046875 0.9131944444444444 0.0890625 0.1625
2 0.8828125 0.06527777777777778 0.0890625 0.12777777777777777
1 0.533203125 0.29375 0.05703125 0.12916666666666668
2 0.523828125 0.2638888888888889 0.45703125 0.5277777777777778
2 0.27578125 0.5243055555555556 0.5515625 0.9513888888888888
2 0.01640625 0.4444444444444444 0.03125 0.20555555555555555
2 0.65546875 0.5 0.6890625 1
2 0.630078125 0.06875 0.09296875 0.13472222222222222
1 0.9640625 0.05 0.0703125 0.1
0 0.51171875 0.014583333333333334 0.0328125 0.02638888888888889
2 0.016796875 0.6180555555555556 0.03359375 0.1527777777777778
1 0.490625 0.14166666666666666 0.084375 0.14444444444444443
2 0.0484375 0.9138888888888889 0.096875 0.16111111111111112
0 0.8421875 0.3013888888888889 0.03125 0.06388888888888888
0 0.1015625 0.05486111111111111 0.025 0.05138888888888889
2 0.765234375 0.13055555555555556 0.08671875 0.14722222222222223
2 0.46484375 0.8861111111111111 0.1328125 0.21666666666666667
1 0.97578125 0.20555555555555555 0.046875 0.15555555555555556
0 0.9890625 0.4173611111111111 0.021875 0.13194444444444445
1 0.045703125 0.06458333333333334 0.08671875 0.12361111111111112
2 0.080859375 0.24375 0.16015625 0.25416666666666665
1 0.28125 0.46111111111111114 0.0859375 0.13333333333333333
0 0.1265625 0.675 0.0375 0.06388888888888888
2 0.379296875 0.38055555555555554 0.09453125 0.15
0 0.110546875 0.39444444444444443 0.03359375 0.05555555555555555
1 0.37734375 0.38125 0.0921875 0.1486111111111111
2 0.4796875 0.6902777777777778 0.0875 0.14444444444444443
1 0.76484375 0.12986111111111112 0.0859375 0.1486111111111111
2 0.162890625 0.9319444444444445 0.09140625 0.13055555555555556
1 0.27421875 0.18125 0.0796875 0.1375
2 0.06640625 0.5111111111111111 0.0875 0.15833333333333333
0 0.798046875 0.24375 0.08046875 0.10972222222222222
1 0.8921875 0.20694444444444443 0.090625 0.125
2 0.281640625 0.46111111111111114 0.08671875 0.1361111111111111
2 0.716796875 0.3590277777777778 0.12734375 0.16527777777777777
1 0.6296875 0.06944444444444445 0.090625 0.13333333333333333
2 0.58671875 0.29444444444444445 0.0953125 0.2111111111111111
2 0.194140625 0.12916666666666668 0.08359375 0.175
1 0.065625 0.5118055555555555 0.084375 0.15138888888888888
2 0.9125 0.3375 0.090625 0.14166666666666666
1 0.188671875 0.6506944444444445 0.08203125 0.15138888888888888
1 0.185546875 0.4597222222222222 0.09140625 0.15555555555555556
1 0.3734375 0.13125 0.078125 0.1763888888888889