1 0.6 0.9555555555555556 0.09375 0.07777777777777778
0 0.82421875 0.2972222222222222 0.0375 0.07222222222222222
2 0.49375 0.08819444444444445 0.25625 0.1736111111111111
2 0.272265625 0.45208333333333334 0.13515625 0.27361111111111114
0 0.72421875 0.175 0.0265625 0.041666666666666664
2 0.61328125 0.31319444444444444 0.090625 0.15138888888888888
2 0.7984375 0.0375 0.09375 0.07222222222222222
1 0.544140625 0.03194444444444444 0.08828125 0.06388888888888888
0 0.00703125 0.6944444444444444 0.0140625 0.12222222222222222
1 0.9453125 0.5347222222222222 0.084375 0.15
2 0.793359375 0.5 0.41328125 1
0 0.97578125 0.06597222222222222 0.0234375 0.034722222222222224
1 0.7234375 0.7236111111111111 0.078125 0.12777777777777777
2 0.64140625 0.5770833333333333 0.0828125 0.13472222222222222
2 0.75390625 0.4798611111111111 0.0796875 0.13472222222222222
2 0.5234375 0.09097222222222222 0.075 0.16805555555555557
2 0.81171875 0.40902777777777777 0.0796875 0.13194444444444445
2 0.3359375 0.5 0.671875 1
1 0.166796875 0.8972222222222223 0.07421875 0.15555555555555556
1 0.0859375 0.9125 0.0796875 0.1527777777777778
2 0.46953125 0.21944444444444444 0.0859375 0.15
1 0.8109375 0.40902777777777777 0.08125 0.12638888888888888
0 0.67578125 0.18472222222222223 0.0359375 0.06666666666666667
2 0.605859375 0.4576388888888889 0.08515625 0.1375
1 0.7625 0.8152777777777778 0.08125 0.1527777777777778
2 0.319921875 0.13958333333333334 0.08359375 0.14027777777777778
1 0.961328125 0.9361111111111111 0.07734375 0.11666666666666667
0 0.934375 0.42569444444444443 0.0328125 0.07083333333333333
2 0.96171875 0.9361111111111111 0.0765625 0.11666666666666667
1 0.753125 0.4798611111111111 0.08125 0.12916666666666668
2 0.762890625 0.8166666666666667 0.08203125 0.15
2 0.94140625 0.5375 0.0765625 0.14722222222222223
1 0.66171875 0.31666666666666665 0.0828125 0.15
1 0.602734375 0.30416666666666664 0.07265625 0.14166666666666666
2 0.42890625 0.6895833333333333 0.0796875 0.14305555555555555
1 0.7484375 0.07083333333333333 0.075 0.1361111111111111
2 0.662109375 0.31666666666666665 0.08203125 0.15
1 0.603125 0.4576388888888889 0.084375 0.13194444444444445
1 0.640625 0.5763888888888888 0.08125 0.13055555555555556
1 0.5078125 0.9416666666666667 0.084375 0.1111111111111111
1 0.86484375 0.11944444444444445 0.0734375 0.1361111111111111
1 0.42734375 0.8833333333333333 0.0859375 0.14444444444444443
1 0.32109375 0.1375 0.0875 0.14166666666666666
1 0.98046875 0.20416666666666666 0.0390625 0.15
2 0.7484375 0.07083333333333333 0.078125 0.13333333333333333
1 0.8 0.1986111111111111 0.0734375 0.13055555555555556
1 0.46640625 0.22083333333333333 0.0859375 0.15
1 0.103515625 0.325 0.07890625 0.1388888888888889
2 0.780859375 0.6138888888888889 0.08046875 0.12777777777777777
1 0.90546875 0.07430555555555556 0.0796875 0.13472222222222222
1 0.427734375 0.6888888888888889 0.08046875 0.1388888888888889
1 0.10859375 0.1423611111111111 0.08125 0.12361111111111112
1 0.5734375 0.84375 0.0875 0.1375
1 0.9671875 0.3486111111111111 0.0640625 0.1361111111111111
1 0.22734375 0.8020833333333334 0.0921875 0.15416666666666667
1 0.028125 0.3451388888888889 0.0546875 0.1375
1 0.9671875 0.7986111111111112 0.0640625 0.1361111111111111
1 0.091015625 0.6923611111111111 0.08046875 0.14027777777777778
1 0.0390625 0.4888888888888889 0.075 0.13333333333333333
1 0.35390625 0.2861111111111111 0.078125 0.12222222222222222
1 0.684765625 0.8736111111111111 0.08203125 0.14166666666666666
1 0.3953125 0.4152777777777778 0.08125 0.1361111111111111
1 0.95859375 0.6465277777777778 0.078125 0.13194444444444445
1 0.519921875 0.5069444444444444 0.07265625 0.1388888888888889
1 0.2609375 0.2673611111111111 0.071875 0.12638888888888888
1 0.45 0.5638888888888889 0.0796875 0.1361111111111111
1 0.3578125 0.7805555555555556 0.084375 0.15555555555555556
1 0.192578125 0.6701388888888888 0.09140625 0.14305555555555555
1 0.24765625 0.07569444444444444 0.0765625 0.14027777777777778
1 0.9140625 0.23819444444444443 0.078125 0.14583333333333334
1 0.271875 0.4444444444444444 0.08125 0.1388888888888889
1 0.18359375 0.3923611111111111 0.0828125 0.1375
1 0.028125 0.08541666666666667 0.05625 0.12916666666666668
1 0.161328125 0.5395833333333333 0.08671875 0.14583333333333334
1 0.288671875 0.60625 0.08203125 0.14305555555555555
1 0.52421875 0.7076388888888889 0.0890625 0.1486111111111111
1 0.8671875 0.7972222222222223 0.084375 0.15555555555555556
1 0.190234375 0.17291666666666666 0.06640625 0.12638888888888888