1 0.58046875 0.4375 0.1140625 0.09722222222222222
1 0.365234375 0.8444444444444444 0.08828125 0.15555555555555556
1 0.44453125 0.30833333333333335 0.09375 0.16111111111111112
1 0.88046875 0.9041666666666667 0.065625 0.13055555555555556
1 0.583203125 0.8291666666666667 0.06796875 0.125
1 0.03828125 0.9506944444444444 0.0765625 0.0875
1 0.975 0.04236111111111111 0.05 0.08194444444444444
1 0.033203125 0.7215277777777778 0.06640625 0.23194444444444445
1 0.691796875 0.2548611111111111 0.09921875 0.1763888888888889
1 0.169140625 0.9666666666666667 0.12421875 0.06111111111111111
1 0.01875 0.22777777777777777 0.0375 0.16111111111111112
1 0.90859375 0.26666666666666666 0.0734375 0.15
1 0.301171875 0.14583333333333334 0.09765625 0.1361111111111111
1 0.12734375 0.03125 0.090625 0.059722222222222225
1 0.92734375 0.33194444444444443 0.06875 0.15833333333333333
1 0.544140625 0.04375 0.10234375 0.0875
1 0.402734375 0.3527777777777778 0.09140625 0.15555555555555556
1 0.4890625 0.12916666666666668 0.0859375 0.14444444444444443
1 0.19453125 0.8659722222222223 0.0859375 0.16527777777777777
1 0.79921875 0.3784722222222222 0.0953125 0.15138888888888888
1 0.96171875 0.8166666666666667 0.071875 0.10277777777777777
1 0.10859375 0.5291666666666667 0.096875 0.16111111111111112
1 0.49140625 0.4201388888888889 0.075 0.11527777777777778
1 0.71484375 0.5416666666666666 0.1171875 0.16666666666666666
1 0.9859375 0.2972222222222222 0.028125 0.16666666666666666
1 0.153515625 0.7243055555555555 0.08828125 0.17916666666666667
1 0.12578125 0.8826388888888889 0.1265625 0.12361111111111112
1 0.491015625 0.7680555555555556 0.07109375 0.08611111111111111
1 0.388671875 0.049305555555555554 0.10546875 0.09305555555555556
1 0.6953125 0.10277777777777777 0.08125 0.1638888888888889
1 0.0609375 0.3888888888888889 0.09375 0.1527777777777778
1 0.03046875 0.06944444444444445 0.0609375 0.1388888888888889
1 0.953125 0.15347222222222223 0.0921875 0.13194444444444445
1 0.699609375 0.3576388888888889 0.09296875 0.1875
1 0.080859375 0.20833333333333334 0.08203125 0.18055555555555555
1 0.802734375 0.7041666666666667 0.06484375 0.1111111111111111
1 0.590625 0.6673611111111111 0.0875 0.1597222222222222
1 0.6953125 0.8326388888888889 0.1 0.1125
1 0.71640625 0.7104166666666667 0.1046875 0.12638888888888888
1 0.346484375 0.35138888888888886 0.08828125 0.15833333333333333
1 0.784765625 0.06875 0.08984375 0.13194444444444445
1 0.85 0.4305555555555556 0.0921875 0.16111111111111112
1 0.321484375 0.6277777777777778 0.09296875 0.16111111111111112
1 0.223046875 0.0875 0.10546875 0.10833333333333334
1 0.446875 0.9319444444444445 0.09375 0.13055555555555556
1 0.396484375 0.175 0.10078125 0.14444444444444443
1 0.94609375 0.6736111111111112 0.084375 0.1527777777777778
1 0.4015625 0.7006944444444444 0.103125 0.12916666666666668
1 0.590625 0.19930555555555557 0.103125 0.1763888888888889