1 0.70703125 0.5979166666666667 0.0765625 0.13194444444444445
1 0.3671875 0.044444444444444446 0.0828125 0.07777777777777778
1 0.18359375 0.034722222222222224 0.0921875 0.06944444444444445
1 0.8578125 0.4270833333333333 0.075 0.12916666666666668
1 0.090234375 0.15416666666666667 0.10390625 0.15833333333333333
1 0.012109375 0.23958333333333334 0.02421875 0.17916666666666667
1 0.592578125 0.7965277777777777 0.07890625 0.1597222222222222
1 0.50859375 0.029166666666666667 0.0875 0.05555555555555555
1 0.0125 0.2388888888888889 0.025 0.18333333333333332
1 0.32890625 0.2833333333333333 0.06875 0.13333333333333333
1 0.343359375 0.8597222222222223 0.08359375 0.1638888888888889
1 0.01796875 0.8569444444444444 0.0359375 0.13055555555555556
1 0.554296875 0.6833333333333333 0.08203125 0.16666666666666666
1 0.890625 0.3055555555555556 0.0765625 0.16944444444444445
1 0.284375 0.8263888888888888 0.071875 0.13333333333333333
0 0.7609375 0.5493055555555556 0.071875 0.12361111111111112
1 0.101171875 0.05 0.10390625 0.09722222222222222
0 0.994921875 0.20416666666666666 0.01015625 0.11666666666666667
1 0.4296875 0.9666666666666667 0.0875 0.06111111111111111
0 0.66328125 0.5479166666666667 0.0234375 0.0375
1 0.0078125 0.06666666666666667 0.015625 0.13055555555555556
1 0.88671875 0.10833333333333334 0.075 0.1388888888888889
1 0.76015625 0.5486111111111112 0.071875 0.125
1 0.233984375 0.20208333333333334 0.08359375 0.12916666666666668
1 0.18984375 0.27291666666666664 0.0796875 0.12638888888888888
1 0.384375 0.43819444444444444 0.109375 0.14027777777777778
1 0.5734375 0.24305555555555555 0.084375 0.175
1 0.7125 0.6701388888888888 0.0703125 0.10972222222222222
1 0.166015625 0.8388888888888889 0.09453125 0.1638888888888889
1 0.239453125 0.5340277777777778 0.08203125 0.13194444444444445
1 0.6296875 0.4875 0.084375 0.14166666666666666
1 0.88671875 0.3055555555555556 0.0890625 0.16666666666666666
1 0.834765625 0.5819444444444445 0.09453125 0.14166666666666666
1 0.971484375 0.8354166666666667 0.05703125 0.1736111111111111
1 0.8890625 0.6166666666666667 0.0765625 0.13333333333333333
1 0.90234375 0.8173611111111111 0.0828125 0.1486111111111111
1 0.203125 0.3909722222222222 0.075 0.12916666666666668
1 0.66171875 0.3576388888888889 0.1015625 0.2013888888888889
1 0.644921875 0.1673611111111111 0.07890625 0.1875
1 0.772265625 0.3055555555555556 0.08671875 0.19444444444444445
0 0.50078125 0.6805555555555556 0.0296875 0.05
1 0.5859375 0.9291666666666667 0.084375 0.13333333333333333
0 0.45 0.9138888888888889 0.025 0.05
1 0.574609375 0.1326388888888889 0.07109375 0.12638888888888888
1 0.6421875 0.04513888888888889 0.078125 0.0875
1 0.4875 0.17430555555555555 0.08125 0.12638888888888888
1 0.665625 0.9270833333333334 0.084375 0.1375
1 0.97265625 0.6909722222222222 0.0515625 0.12638888888888888
2 0.926953125 0.9472222222222222 0.14609375 0.09444444444444444
1 0.206640625 0.6819444444444445 0.10546875 0.175
1 0.29921875 0.46875 0.0671875 0.0875
0 0.46015625 0.8277777777777777 0.0359375 0.06666666666666667
1 0.03203125 0.43125 0.0640625 0.20972222222222223
1 0.50390625 0.27361111111111114 0.0640625 0.1111111111111111
1 0.959375 0.1111111111111111 0.0765625 0.12777777777777777
1 0.116796875 0.6131944444444445 0.11328125 0.15694444444444444
1 0.159765625 0.5055555555555555 0.08828125 0.1361111111111111
1 0.754296875 0.7777777777777778 0.09765625 0.15
1 0.837109375 0.06527777777777778 0.07734375 0.125
1 0.3609375 0.35694444444444445 0.075 0.11944444444444445
1 0.45625 0.35625 0.084375 0.18194444444444444
1 0.75859375 0.06527777777777778 0.0703125 0.13055555555555556
1 0.41796875 0.7541666666666667 0.0875 0.15833333333333333
1 0.387109375 0.22916666666666666 0.07890625 0.1527777777777778
1 0.041015625 0.7305555555555555 0.08203125 0.19722222222222222
1 0.5390625 0.49166666666666664 0.090625 0.14444444444444443
2 0.333203125 0.6361111111111111 0.14765625 0.25555555555555554