1 0.95546875 0.95 0.0765625 0.09444444444444444
1 0.775 0.11388888888888889 0.040625 0.06666666666666667
1 0.008203125 0.8138888888888889 0.01640625 0.1388888888888889
1 0.833984375 0.9097222222222222 0.07734375 0.12222222222222222
0 0.309375 0.16597222222222222 0.0234375 0.04027777777777778
1 0.205078125 0.030555555555555555 0.08515625 0.06111111111111111
1 0.451171875 0.034722222222222224 0.06640625 0.06388888888888888
1 0.731640625 0.03888888888888889 0.08203125 0.06666666666666667
1 0.49375 0.9472222222222222 0.09375 0.1
0 0.7640625 0.18333333333333332 0.03125 0.06388888888888888
1 0.180078125 0.4888888888888889 0.08515625 0.14444444444444443
1 0.05078125 0.6395833333333333 0.0765625 0.1375
1 0.7390625 0.9541666666666667 0.0875 0.08611111111111111
1 0.441796875 0.14027777777777778 0.06953125 0.125
1 0.415625 0.7284722222222222 0.071875 0.13194444444444445
1 0.102734375 0.7701388888888889 0.07578125 0.12083333333333333
1 0.3359375 0.5930555555555556 0.078125 0.1361111111111111
1 0.73203125 0.8395833333333333 0.0796875 0.12361111111111112
1 0.5734375 0.9583333333333334 0.075 0.07222222222222222
1 0.50234375 0.7138888888888889 0.0796875 0.1388888888888889
1 0.0203125 0.6763888888888889 0.040625 0.1361111111111111
1 0.36171875 0.48541666666666666 0.0859375 0.14305555555555555
1 0.36328125 0.3263888888888889 0.0765625 0.14166666666666666
1 0.6875 0.175 0.06875 0.125
1 0.1296875 0.6097222222222223 0.078125 0.14722222222222223
0 0.732421875 0.10972222222222222 0.03828125 0.06666666666666667
0 0.83671875 0.26666666666666666 0.03125 0.044444444444444446
0 0.385546875 0.625 0.02890625 0.06666666666666667
1 0.59609375 0.3645833333333333 0.0765625 0.12361111111111112
1 0.97265625 0.23055555555555557 0.0515625 0.15555555555555556
0 0.301953125 0.12291666666666666 0.03828125 0.06805555555555555
1 0.231640625 0.5763888888888888 0.07734375 0.14166666666666666
1 0.97890625 0.41041666666666665 0.040625 0.15694444444444444
1 0.92265625 0.47708333333333336 0.0703125 0.13194444444444445
1 0.525 0.05138888888888889 0.0703125 0.10277777777777777
1 0.1375 0.06736111111111111 0.0625 0.12638888888888888
1 0.36796875 0.7513888888888889 0.0703125 0.11944444444444445
0 0.551953125 0.7763888888888889 0.03203125 0.06111111111111111
0 0.815625 0.30069444444444443 0.0296875 0.05416666666666667
1 0.97734375 0.07083333333333333 0.0453125 0.14166666666666666
1 0.03046875 0.3875 0.0578125 0.1361111111111111
1 0.47578125 0.8347222222222223 0.075 0.11944444444444445
1 0.389453125 0.23125 0.07578125 0.1375
1 0.5953125 0.8590277777777777 0.078125 0.12083333333333333
1 0.60859375 0.5055555555555555 0.071875 0.12222222222222222
1 0.48671875 0.2048611111111111 0.0734375 0.14027777777777778
1 0.91015625 0.05555555555555555 0.0671875 0.10833333333333334
1 0.69296875 0.5055555555555555 0.084375 0.12777777777777777
1 0.6078125 0.05555555555555555 0.071875 0.10833333333333334
1 0.061328125 0.8833333333333333 0.07578125 0.12777777777777777
1 0.8234375 0.7784722222222222 0.071875 0.12638888888888888
1 0.404296875 0.8791666666666667 0.06640625 0.1361111111111111
1 0.553125 0.24166666666666667 0.06875 0.13055555555555556
1 0.2375 0.15 0.08125 0.1527777777777778
1 0.280078125 0.7159722222222222 0.08046875 0.13472222222222222
1 0.73125 0.3993055555555556 0.08125 0.11527777777777778
1 0.8328125 0.06180555555555556 0.071875 0.12083333333333333
1 0.164453125 0.34097222222222223 0.07890625 0.14305555555555555
1 0.03359375 0.06805555555555555 0.0671875 0.1361111111111111
1 0.65546875 0.6395833333333333 0.0796875 0.12916666666666668
1 0.89609375 0.6291666666666667 0.06875 0.1527777777777778
1 0.660546875 0.7777777777777778 0.07265625 0.12777777777777777
1 0.328125 0.8847222222222222 0.075 0.14166666666666666
1 0.278125 0.2972222222222222 0.071875 0.12777777777777777
1 0.81875 0.6333333333333333 0.075 0.14444444444444443
1 0.63046875 0.20972222222222223 0.0703125 0.12777777777777777
1 0.275 0.43819444444444444 0.075 0.12916666666666668
1 0.7390625 0.6375 0.06875 0.1527777777777778
1 0.451953125 0.5729166666666666 0.08046875 0.12916666666666668
1 0.83203125 0.4777777777777778 0.0796875 0.13333333333333333
1 0.523828125 0.475 0.07890625 0.125
1 0.73203125 0.26944444444444443 0.0671875 0.12222222222222222
1 0.11484375 0.1986111111111111 0.08125 0.1361111111111111