1 0.601953125 0.975 0.09453125 0.05
1 0.25234375 0.9659722222222222 0.0828125 0.06527777777777778
0 0.75859375 0.8694444444444445 0.0234375 0.05
1 0.58359375 0.01597222222222222 0.0734375 0.03194444444444444
1 0.021484375 0.03888888888888889 0.03984375 0.07222222222222222
1 0.076953125 0.022916666666666665 0.07734375 0.04583333333333333
0 0.53515625 0.2763888888888889 0.0296875 0.04722222222222222
0 0.49765625 0.6194444444444445 0.0234375 0.03333333333333333
1 0.56328125 0.9402777777777778 0.0765625 0.10277777777777777
1 0.012890625 0.6076388888888888 0.02421875 0.15694444444444444
1 0.0140625 0.8618055555555556 0.028125 0.15694444444444444
1 0.82578125 0.6888888888888889 0.0703125 0.1361111111111111
1 0.86875 0.95 0.0859375 0.08888888888888889
1 0.9765625 0.04236111111111111 0.046875 0.08194444444444444
0 0.465625 0.47638888888888886 0.025 0.058333333333333334
0 0.116015625 0.2326388888888889 0.03828125 0.07083333333333333
0 0.287890625 0.07013888888888889 0.03359375 0.05694444444444444
1 0.95703125 0.9486111111111111 0.084375 0.09444444444444444
1 0.98046875 0.15833333333333333 0.0375 0.14444444444444443
1 0.4328125 0.5534722222222223 0.08125 0.14583333333333334
1 0.98125 0.30277777777777776 0.0375 0.13333333333333333
1 0.9796875 0.4576388888888889 0.040625 0.16805555555555557
1 0.4203125 0.9416666666666667 0.0921875 0.10833333333333334
1 0.87109375 0.6604166666666667 0.0859375 0.1486111111111111
1 0.02734375 0.4701388888888889 0.0546875 0.1486111111111111
1 0.55703125 0.10486111111111111 0.0828125 0.15694444444444444
1 0.90078125 0.40625 0.08125 0.13472222222222222
1 0.97578125 0.6923611111111111 0.0484375 0.1597222222222222
1 0.6546875 0.05347222222222222 0.078125 0.10416666666666667
1 0.925 0.5409722222222222 0.0875 0.15138888888888888
1 0.1203125 0.7340277777777777 0.08125 0.14583333333333334
1 0.10625 0.8986111111111111 0.0875 0.1638888888888889
1 0.102734375 0.56875 0.06171875 0.11805555555555555
1 0.434765625 0.6333333333333333 0.07421875 0.12777777777777777
1 0.57890625 0.7569444444444444 0.0796875 0.14444444444444443
1 0.15 0.059722222222222225 0.075 0.11666666666666667
1 0.03515625 0.7375 0.0703125 0.14166666666666666
1 0.27109375 0.5298611111111111 0.0765625 0.14583333333333334
1 0.60234375 0.19236111111111112 0.1078125 0.15416666666666667
1 0.790234375 0.9333333333333333 0.07578125 0.12777777777777777
1 0.353515625 0.6298611111111111 0.08203125 0.14305555555555555
1 0.69765625 0.9319444444444445 0.0875 0.13055555555555556
1 0.05 0.11388888888888889 0.08125 0.1388888888888889
1 0.326953125 0.3013888888888889 0.08203125 0.14722222222222223
1 0.2265625 0.07847222222222222 0.0796875 0.15416666666666667
1 0.201953125 0.6861111111111111 0.07421875 0.1388888888888889
1 0.628125 0.3659722222222222 0.0828125 0.20416666666666666
1 0.73515625 0.39652777777777776 0.0828125 0.13194444444444445
1 0.8125 0.25763888888888886 0.075 0.13472222222222222
1 0.9125 0.2916666666666667 0.0796875 0.1361111111111111
1 0.380078125 0.2013888888888889 0.07734375 0.1388888888888889
1 0.346875 0.8 0.075 0.14444444444444443
1 0.64609375 0.8263888888888888 0.0796875 0.14166666666666666
1 0.26953125 0.8555555555555555 0.0796875 0.14722222222222223
1 0.048046875 0.3111111111111111 0.08515625 0.15833333333333333
1 0.43046875 0.31875 0.0828125 0.1486111111111111
1 0.83984375 0.8347222222222223 0.0859375 0.14166666666666666
1 0.363671875 0.43819444444444444 0.08046875 0.13472222222222222
1 0.9484375 0.81875 0.0765625 0.13194444444444445
1 0.47734375 0.7527777777777778 0.0859375 0.1388888888888889
1 0.183984375 0.4986111111111111 0.09609375 0.15833333333333333
1 0.48359375 0.16805555555555557 0.08125 0.15833333333333333
1 0.278515625 0.4027777777777778 0.07109375 0.12777777777777777
1 0.89453125 0.14305555555555555 0.0859375 0.14722222222222223
1 0.5484375 0.5763888888888888 0.084375 0.15833333333333333
1 0.6578125 0.6708333333333333 0.08125 0.14722222222222223
1 0.790625 0.5631944444444444 0.0796875 0.14583333333333334
1 0.770703125 0.08402777777777778 0.09140625 0.1597222222222222
1 0.54296875 0.39305555555555555 0.0890625 0.1527777777777778
1 0.296484375 0.16597222222222222 0.08984375 0.1486111111111111
1 0.28125 0.7006944444444444 0.078125 0.1486111111111111
1 0.20546875 0.34305555555555556 0.0875 0.15833333333333333
1 0.71171875 0.5361111111111111 0.078125 0.15