1 0.56875 0.6888888888888889 0.08125 0.125
1 0.5609375 0.7833333333333333 0.075 0.13333333333333333
1 0.813671875 0.029166666666666667 0.08359375 0.058333333333333334
1 0.01171875 0.6 0.0234375 0.1638888888888889
1 0.0421875 0.21319444444444444 0.078125 0.12916666666666668
1 0.45234375 0.021527777777777778 0.078125 0.043055555555555555
1 0.203515625 0.024305555555555556 0.08046875 0.04861111111111111
1 0.55 0.024305555555555556 0.0875 0.04583333333333333
1 0.97265625 0.9458333333333333 0.0546875 0.10555555555555556
1 0.0421875 0.4597222222222222 0.08125 0.14722222222222223
1 0.286328125 0.024305555555555556 0.08671875 0.04861111111111111
0 0.22421875 0.13333333333333333 0.0359375 0.06388888888888888
1 0.69765625 0.9520833333333333 0.0890625 0.0875
1 0.62734375 0.9416666666666667 0.0734375 0.1111111111111111
1 0.375 0.041666666666666664 0.084375 0.07777777777777778
1 0.03203125 0.14305555555555555 0.0640625 0.1361111111111111
1 0.97421875 0.21597222222222223 0.0515625 0.15138888888888888
1 0.9359375 0.06458333333333334 0.0890625 0.12361111111111112
1 0.541796875 0.9375 0.09296875 0.11944444444444445
2 0.492578125 0.53125 0.10078125 0.20416666666666666
1 0.133984375 0.8236111111111111 0.08984375 0.1527777777777778
1 0.03828125 0.36944444444444446 0.0765625 0.14444444444444443
1 0.028515625 0.8194444444444444 0.05703125 0.16666666666666666
1 0.77265625 0.9076388888888889 0.0796875 0.13194444444444445
1 0.225 0.8270833333333333 0.0875 0.13472222222222222
1 0.278515625 0.12916666666666668 0.07734375 0.14722222222222223
1 0.111328125 0.0625 0.09140625 0.11944444444444445
1 0.630859375 0.19930555555555557 0.08515625 0.1486111111111111
1 0.425390625 0.4166666666666667 0.08828125 0.14444444444444443
1 0.8359375 0.08611111111111111 0.0921875 0.15
1 0.3359375 0.1423611111111111 0.075 0.13472222222222222
1 0.71484375 0.09722222222222222 0.0859375 0.14722222222222223
1 0.7 0.8069444444444445 0.08125 0.15
1 0.284375 0.39444444444444443 0.08125 0.1388888888888889
1 0.15546875 0.5402777777777777 0.0734375 0.14722222222222223
1 0.778515625 0.3736111111111111 0.09140625 0.1527777777777778
1 0.628125 0.29097222222222224 0.096875 0.14027777777777778
1 0.9609375 0.5222222222222223 0.078125 0.1388888888888889
1 0.32734375 0.8208333333333333 0.090625 0.15555555555555556
1 0.584375 0.8347222222222223 0.078125 0.125
1 0.554296875 0.13194444444444445 0.08515625 0.15
1 0.81953125 0.23819444444444443 0.0828125 0.14305555555555555
1 0.4734375 0.7138888888888889 0.0875 0.17222222222222222
1 0.836328125 0.7798611111111111 0.08203125 0.12916666666666668
1 0.072265625 0.6236111111111111 0.08828125 0.14722222222222223
1 0.721484375 0.48194444444444445 0.08359375 0.14722222222222223
1 0.1609375 0.16875 0.078125 0.13472222222222222
1 0.89375 0.3173611111111111 0.0890625 0.16527777777777777
1 0.32890625 0.27847222222222223 0.0765625 0.12916666666666668
1 0.231640625 0.6006944444444444 0.08515625 0.15138888888888888
1 0.71875 0.24375 0.0875 0.13194444444444445
1 0.430078125 0.8541666666666666 0.08671875 0.1527777777777778
1 0.40859375 0.20902777777777778 0.0890625 0.1625
1 0.8390625 0.5381944444444444 0.09375 0.1625
1 0.7921875 0.6569444444444444 0.0875 0.14166666666666666
1 0.1234375 0.3402777777777778 0.0828125 0.1527777777777778
1 0.2125 0.28680555555555554 0.0921875 0.14027777777777778
1 0.94140625 0.6604166666666667 0.0796875 0.1375
1 0.915625 0.8625 0.0890625 0.15833333333333333
1 0.319140625 0.5666666666666667 0.09296875 0.14444444444444443
1 0.586328125 0.5583333333333333 0.07734375 0.13333333333333333
1 0.6640625 0.6027777777777777 0.084375 0.14444444444444443
1 0.59140625 0.41875 0.0921875 0.14305555555555555
1 0.514453125 0.34305555555555556 0.08203125 0.14722222222222223