1 0.6984375 0.052083333333333336 0.08125 0.10138888888888889
1 0.68984375 0.8458333333333333 0.0859375 0.16944444444444445
1 0.446484375 0.30486111111111114 0.08203125 0.14583333333333334
1 0.037109375 0.7180555555555556 0.07421875 0.16111111111111112
1 0.9609375 0.13333333333333333 0.075 0.12777777777777777
1 0.53671875 0.7548611111111111 0.0671875 0.13472222222222222
1 0.803125 0.7638888888888888 0.09375 0.16111111111111112
1 0.73984375 0.1486111111111111 0.071875 0.13055555555555556
1 0.928125 0.5486111111111112 0.075 0.13055555555555556
1 0.612890625 0.25833333333333336 0.08671875 0.14444444444444443
1 0.733984375 0.325 0.07265625 0.15833333333333333
1 0.89765625 0.39791666666666664 0.06875 0.13194444444444445
1 0.38984375 0.83125 0.0828125 0.14305555555555555
1 0.33828125 0.0625 0.084375 0.12222222222222222
1 0.3828125 0.19166666666666668 0.0875 0.14166666666666666
1 0.8421875 0.5951388888888889 0.0765625 0.14027777777777778
1 0.31171875 0.9013888888888889 0.0796875 0.1361111111111111
1 0.036328125 0.2604166666666667 0.07265625 0.1625
1 0.15546875 0.8347222222222223 0.0875 0.15833333333333333
1 0.66171875 0.38125 0.0796875 0.1486111111111111
1 0.809375 0.26319444444444445 0.078125 0.15138888888888888
1 0.465234375 0.7722222222222223 0.07890625 0.15
1 0.884375 0.18472222222222223 0.075 0.15
1 0.20234375 0.08263888888888889 0.0859375 0.14583333333333334
1 0.5453125 0.5979166666666667 0.078125 0.16805555555555557
1 0.625 0.10694444444444444 0.08125 0.1361111111111111