1 0.66640625 0.9715277777777778 0.0828125 0.05694444444444444
1 0.0078125 0.1701388888888889 0.015625 0.1375
1 0.048046875 0.9791666666666666 0.07109375 0.041666666666666664
1 0.1171875 0.017361111111111112 0.0875 0.034722222222222224
1 0.4 0.9791666666666666 0.075 0.041666666666666664
1 0.9921875 0.7763888888888889 0.015625 0.15
1 0.98515625 0.043055555555555555 0.028125 0.08055555555555556
1 0.81171875 0.016666666666666666 0.0703125 0.03333333333333333
0 0.510546875 0.19305555555555556 0.02890625 0.04722222222222222
1 0.9890625 0.37569444444444444 0.021875 0.12638888888888888
1 0.575 0.7902777777777777 0.121875 0.1111111111111111
1 0.021484375 0.65 0.04296875 0.11944444444444445
1 0.98125 0.9347222222222222 0.0375 0.11944444444444445
1 0.63828125 0.03819444444444445 0.0734375 0.07361111111111111
1 0.0234375 0.5166666666666667 0.0453125 0.13333333333333333
1 0.74921875 0.29097222222222224 0.0796875 0.13472222222222222
1 0.263671875 0.4875 0.08515625 0.12222222222222222
1 0.02265625 0.058333333333333334 0.0453125 0.11666666666666667
0 0.42578125 0.4875 0.0359375 0.06666666666666667
1 0.325 0.23333333333333334 0.075 0.15
1 0.753515625 0.9597222222222223 0.10234375 0.07222222222222222
1 0.023828125 0.7722222222222223 0.04765625 0.12222222222222222
1 0.728125 0.5347222222222222 0.078125 0.08888888888888889
1 0.978125 0.5888888888888889 0.0421875 0.12222222222222222
1 0.2296875 0.41180555555555554 0.08125 0.1375
1 0.303515625 0.9354166666666667 0.08515625 0.12083333333333333
1 0.1640625 0.9423611111111111 0.0796875 0.10416666666666667
1 0.44375 0.1986111111111111 0.08125 0.12777777777777777
1 0.51796875 0.95 0.0859375 0.09444444444444444
1 0.397265625 0.8090277777777778 0.07578125 0.13472222222222222
1 0.12578125 0.6513888888888889 0.071875 0.11388888888888889
1 0.805078125 0.8430555555555556 0.07890625 0.125
1 0.819921875 0.09513888888888888 0.08046875 0.11805555555555555
1 0.85390625 0.9402777777777778 0.0765625 0.11666666666666667
1 0.94296875 0.5111111111111111 0.075 0.1638888888888889
1 0.572265625 0.4527777777777778 0.07890625 0.1361111111111111
1 0.0734375 0.9055555555555556 0.071875 0.11944444444444445
1 0.56328125 0.049305555555555554 0.0765625 0.09861111111111111
1 0.3875 0.04583333333333333 0.06875 0.08888888888888889
1 0.92734375 0.11597222222222223 0.0796875 0.13472222222222222
1 0.7890625 0.45069444444444445 0.071875 0.14027777777777778
1 0.72265625 0.08055555555555556 0.0671875 0.11944444444444445
1 0.32734375 0.1284722222222222 0.0796875 0.12361111111111112
1 0.725 0.8618055555555556 0.075 0.1375
1 0.03828125 0.2659722222222222 0.071875 0.13472222222222222
1 0.146875 0.22847222222222222 0.0671875 0.11527777777777778
1 0.278125 0.5888888888888889 0.078125 0.11388888888888889
1 0.47421875 0.28541666666666665 0.0765625 0.12638888888888888
1 0.490625 0.4576388888888889 0.078125 0.13194444444444445
1 0.17578125 0.7743055555555556 0.08125 0.13472222222222222
1 0.135546875 0.0875 0.07109375 0.125
1 0.437890625 0.6215277777777778 0.07578125 0.12361111111111112
1 0.3296875 0.375 0.078125 0.12777777777777777
1 0.08125 0.7055555555555556 0.0671875 0.12777777777777777
1 0.65078125 0.2125 0.0765625 0.1361111111111111
1 0.80703125 0.5972222222222222 0.090625 0.11666666666666667
1 0.93125 0.29097222222222224 0.075 0.12916666666666668
1 0.86640625 0.7763888888888889 0.075 0.13055555555555556
1 0.52265625 0.5520833333333334 0.0703125 0.11527777777777778
1 0.07578125 0.17083333333333334 0.0671875 0.125
1 0.55859375 0.3298611111111111 0.0734375 0.12916666666666668
1 0.9578125 0.7319444444444444 0.06875 0.1361111111111111
1 0.601953125 0.1326388888888889 0.07578125 0.12638888888888888
1 0.8 0.7180555555555556 0.0703125 0.125
1 0.728125 0.19722222222222222 0.08125 0.12777777777777777
1 0.721484375 0.42777777777777776 0.07109375 0.12777777777777777
1 0.430859375 0.3861111111111111 0.07265625 0.13055555555555556
1 0.60234375 0.6041666666666666 0.0703125 0.13333333333333333
1 0.64375 0.39444444444444443 0.075 0.1388888888888889
1 0.250390625 0.7083333333333334 0.07578125 0.13055555555555556
1 0.205859375 0.6090277777777777 0.06640625 0.12916666666666668
1 0.21015625 0.0875 0.075 0.13055555555555556
1 0.85703125 0.3076388888888889 0.065625 0.14027777777777778
1 0.495703125 0.6972222222222222 0.07578125 0.12777777777777777
1 0.89921875 0.4236111111111111 0.0734375 0.13055555555555556
1 0.67109375 0.6173611111111111 0.0671875 0.1375
1 0.112890625 0.39791666666666664 0.07421875 0.13472222222222222