2 0.365234375 0.5180555555555556 0.07265625 0.1361111111111111
2 0.478125 0.02013888888888889 0.075 0.04027777777777778
2 0.399609375 0.5 0.79921875 1
0 0.7734375 0.17777777777777778 0.0765625 0.12777777777777777
0 0.80625 0.6944444444444444 0.065625 0.12222222222222222
1 0.6375 0.016666666666666666 0.071875 0.03333333333333333
2 0.73046875 0.9277777777777778 0.0734375 0.1361111111111111
2 0.80625 0.6944444444444444 0.0640625 0.13333333333333333
1 0.55703125 0.017361111111111112 0.078125 0.034722222222222224
1 0.00703125 0.3597222222222222 0.0140625 0.1527777777777778
1 0.97421875 0.8638888888888889 0.0515625 0.1361111111111111
1 0.333203125 0.9638888888888889 0.08671875 0.06111111111111111
2 0.767578125 0.5 0.46484375 1
2 0.234375 0.2881944444444444 0.090625 0.12916666666666668
1 0.728125 0.9305555555555556 0.075 0.12777777777777777
2 0.94296875 0.9166666666666666 0.078125 0.13333333333333333
2 0.776171875 0.17847222222222223 0.07734375 0.12916666666666668
2 0.64453125 0.30486111111111114 0.0640625 0.12083333333333333
1 0.394140625 0.016666666666666666 0.08046875 0.03333333333333333
0 0.24453125 0.4625 0.0296875 0.05555555555555555
1 0.47890625 0.02013888888888889 0.071875 0.04027777777777778
0 0.55546875 0.4756944444444444 0.0234375 0.05138888888888889
1 0.53515625 0.9569444444444445 0.0859375 0.075
2 0.476953125 0.7034722222222223 0.09140625 0.12916666666666668
0 0.602734375 0.5784722222222223 0.08203125 0.11527777777777778
1 0.15703125 0.3902777777777778 0.0734375 0.125
1 0.15390625 0.06180555555555556 0.0734375 0.12361111111111112
2 0.15625 0.3902777777777778 0.071875 0.1361111111111111
1 0.05625 0.9048611111111111 0.0671875 0.12083333333333333
0 0.578125 0.5013888888888889 0.03125 0.05277777777777778
1 0.196875 0.8055555555555556 0.071875 0.125
1 0.91015625 0.22569444444444445 0.0796875 0.16805555555555557
2 0.786328125 0.05347222222222222 0.07890625 0.10138888888888889
2 0.215625 0.1625 0.0734375 0.11666666666666667
1 0.202734375 0.5222222222222223 0.07109375 0.12222222222222222
1 0.9421875 0.9208333333333333 0.0765625 0.1361111111111111
1 0.806640625 0.6951388888888889 0.06640625 0.12361111111111112
1 0.023046875 0.6618055555555555 0.04453125 0.1486111111111111
1 0.5515625 0.3763888888888889 0.078125 0.1388888888888889
0 0.598828125 0.6715277777777777 0.03046875 0.05138888888888889
1 0.646484375 0.3020833333333333 0.06953125 0.12083333333333333
2 0.2421875 0.05555555555555555 0.08125 0.10833333333333334
1 0.241796875 0.05486111111111111 0.07890625 0.10972222222222222
1 0.4859375 0.4576388888888889 0.084375 0.12361111111111112
1 0.366015625 0.6847222222222222 0.07421875 0.11944444444444445
1 0.775390625 0.17569444444444443 0.07734375 0.12916666666666668
1 0.022265625 0.7875 0.04296875 0.1638888888888889
1 0.21484375 0.1638888888888889 0.0734375 0.11666666666666667
1 0.97421875 0.16875 0.0515625 0.13194444444444445
0 0.273046875 0.44722222222222224 0.02578125 0.041666666666666664
1 0.474609375 0.7027777777777777 0.08359375 0.125
1 0.3625 0.5201388888888889 0.071875 0.13472222222222222
1 0.320703125 0.5763888888888888 0.07109375 0.125
1 0.02421875 0.49166666666666664 0.0484375 0.14444444444444443
2 0.91015625 0.2263888888888889 0.0796875 0.16944444444444445
2 0.5546875 0.37777777777777777 0.08125 0.15
1 0.030078125 0.05763888888888889 0.06015625 0.1125
0 0.291015625 0.10555555555555556 0.03203125 0.058333333333333334
1 0.10859375 0.08263888888888889 0.0671875 0.12361111111111112
1 0.351953125 0.7694444444444445 0.07265625 0.13333333333333333
1 0.13515625 0.9458333333333333 0.0796875 0.1
1 0.574609375 0.23958333333333334 0.07421875 0.12083333333333333
1 0.142578125 0.8194444444444444 0.07421875 0.12222222222222222
1 0.56328125 0.11041666666666666 0.0703125 0.12638888888888888
1 0.698046875 0.29930555555555555 0.07265625 0.12916666666666668
1 0.3359375 0.18611111111111112 0.078125 0.12222222222222222
1 0.478125 0.3104166666666667 0.08125 0.14305555555555555
1 0.465625 0.925 0.071875 0.13333333333333333
1 0.55 0.7263888888888889 0.0625 0.1388888888888889
1 0.84921875 0.3326388888888889 0.0734375 0.12638888888888888
1 0.3125 0.3138888888888889 0.06875 0.13333333333333333
1 0.7484375 0.8541666666666666 0.0765625 0.13055555555555556
1 0.953125 0.7180555555555556 0.06875 0.11944444444444445
1 0.78359375 0.4076388888888889 0.0703125 0.13194444444444445
1 0.60234375 0.5798611111111112 0.0828125 0.12083333333333333
1 0.737109375 0.6861111111111111 0.06171875 0.12777777777777777
1 0.47265625 0.16875 0.0796875 0.12361111111111112
1 0.09765625 0.6520833333333333 0.0671875 0.13194444444444445
1 0.878125 0.7708333333333334 0.078125 0.125
1 0.9046875 0.08055555555555556 0.0734375 0.1361111111111111
1 0.94140625 0.5847222222222223 0.0703125 0.13055555555555556
1 0.6859375 0.5090277777777777 0.065625 0.12361111111111112
1 0.401171875 0.10625 0.07109375 0.13194444444444445
1 0.42890625 0.8041666666666667 0.075 0.1361111111111111
1 0.7609375 0.5423611111111111 0.075 0.13194444444444445
1 0.40546875 0.4111111111111111 0.075 0.14444444444444443
1 0.248828125 0.9333333333333333 0.06953125 0.125
1 0.143359375 0.2111111111111111 0.06328125 0.14166666666666666
1 0.87109375 0.5208333333333334 0.071875 0.1361111111111111
1 0.08828125 0.46875 0.0734375 0.14305555555555555
1 0.62265625 0.44583333333333336 0.0671875 0.1388888888888889
1 0.16015625 0.5708333333333333 0.0703125 0.1361111111111111
1 0.246875 0.6194444444444445 0.065625 0.13055555555555556
1 0.270703125 0.7513888888888889 0.06953125 0.12777777777777777
1 0.06796875 0.2152777777777778 0.0734375 0.14166666666666666