1 0.634765625 0.9833333333333333 0.07578125 0.030555555555555555
1 0.260546875 0.025694444444444443 0.09296875 0.05138888888888889
1 0.48359375 0.96875 0.0671875 0.059722222222222225
1 0.409375 0.06041666666666667 0.084375 0.10972222222222222
1 0.48359375 0.015277777777777777 0.0640625 0.030555555555555555
1 0.31640625 0.9715277777777778 0.0828125 0.05416666666666667
1 0.5765625 0.014583333333333334 0.075 0.029166666666666667
1 0.785546875 0.013888888888888888 0.06484375 0.027777777777777776
0 0.91171875 0.21944444444444444 0.0265625 0.04722222222222222
1 0.909375 0.8694444444444445 0.0796875 0.14722222222222223
1 0.684375 0.85 0.0671875 0.12777777777777777
1 0.233203125 0.9680555555555556 0.08515625 0.058333333333333334
1 0.9921875 0.2875 0.015625 0.14722222222222223
1 0.022265625 0.04861111111111111 0.04453125 0.09166666666666666
1 0.010546875 0.6930555555555555 0.02109375 0.14722222222222223
1 0.01484375 0.85 0.0296875 0.15555555555555556
0 0.4625 0.6708333333333333 0.025 0.04722222222222222
1 0.575 0.2986111111111111 0.1140625 0.11944444444444445
1 0.93984375 0.052083333333333336 0.0703125 0.10138888888888889
1 0.98515625 0.6611111111111111 0.028125 0.12777777777777777
1 0.02109375 0.15625 0.0421875 0.12083333333333333
1 0.023828125 0.2798611111111111 0.04765625 0.12361111111111112
1 0.98046875 0.45555555555555555 0.0375 0.1388888888888889
1 0.978125 0.09722222222222222 0.04375 0.12222222222222222
1 0.75234375 0.9527777777777777 0.0796875 0.08888888888888889
1 0.728125 0.044444444444444446 0.075 0.08611111111111111
1 0.8953125 0.7458333333333333 0.0796875 0.12777777777777777
1 0.32734375 0.8298611111111112 0.0625 0.10416666666666667
1 0.121484375 0.54375 0.07421875 0.12361111111111112
1 0.125 0.16041666666666668 0.071875 0.11527777777777778
1 0.85 0.9277777777777778 0.071875 0.13333333333333333
1 0.8046875 0.35208333333333336 0.0796875 0.12638888888888888
1 0.90546875 0.6604166666666667 0.065625 0.12916666666666668
1 0.96328125 0.7652777777777777 0.0671875 0.11944444444444445
1 0.734375 0.85625 0.071875 0.11805555555555555
1 0.278125 0.09722222222222222 0.078125 0.11388888888888889
1 0.248046875 0.7652777777777777 0.07265625 0.1361111111111111
1 0.590625 0.65 0.0671875 0.13055555555555556
1 0.32734375 0.7180555555555556 0.06875 0.125
1 0.518359375 0.46458333333333335 0.08359375 0.10694444444444444
1 0.725 0.3715277777777778 0.075 0.14027777777777778
1 0.14375 0.6736111111111112 0.071875 0.125
1 0.80625 0.10555555555555556 0.090625 0.11666666666666667
1 0.5359375 0.6680555555555555 0.06875 0.125
1 0.04765625 0.5256944444444445 0.0703125 0.12083333333333333
1 0.52265625 0.06111111111111111 0.0703125 0.11388888888888889
1 0.302734375 0.45902777777777776 0.08203125 0.14305555555555555
1 0.401171875 0.9361111111111111 0.07578125 0.1111111111111111
1 0.164453125 0.4548611111111111 0.07578125 0.1125
1 0.75390625 0.4840277777777778 0.0984375 0.10416666666666667
1 0.43828125 0.13055555555555556 0.0765625 0.12777777777777777
1 0.176171875 0.2826388888888889 0.08203125 0.13472222222222222
1 0.5484375 0.9319444444444445 0.071875 0.13055555555555556
1 0.39765625 0.31666666666666665 0.0734375 0.13333333333333333
1 0.101953125 0.9256944444444445 0.08046875 0.14027777777777778
1 0.073046875 0.4152777777777778 0.07109375 0.11944444444444445
1 0.064453125 0.6472222222222223 0.07421875 0.13333333333333333
1 0.4953125 0.2048611111111111 0.075 0.12638888888888888
1 0.4078125 0.6881944444444444 0.08125 0.12083333333333333
1 0.799609375 0.5722222222222222 0.07734375 0.1111111111111111
1 0.853125 0.4583333333333333 0.0734375 0.13333333333333333
1 0.96171875 0.5722222222222222 0.075 0.11944444444444445
1 0.462109375 0.5652777777777778 0.06015625 0.14722222222222223
1 0.95859375 0.24097222222222223 0.0671875 0.1375
1 0.821484375 0.6805555555555556 0.06796875 0.12222222222222222
1 0.39921875 0.5319444444444444 0.0734375 0.13055555555555556
1 0.86640625 0.2833333333333333 0.0734375 0.1361111111111111
1 0.665234375 0.5236111111111111 0.08046875 0.14166666666666666
1 0.206640625 0.11805555555555555 0.06484375 0.125
1 0.17265625 0.7861111111111111 0.08125 0.1388888888888889
1 0.080859375 0.21458333333333332 0.06640625 0.12638888888888888
1 0.6421875 0.7541666666666667 0.071875 0.13055555555555556
1 0.60234375 0.1125 0.0703125 0.13333333333333333
1 0.2296875 0.88125 0.06875 0.11805555555555555
1 0.623828125 0.9090277777777778 0.07578125 0.13194444444444445
1 0.250390625 0.21805555555555556 0.07578125 0.13333333333333333
1 0.751953125 0.7354166666666667 0.07109375 0.13194444444444445
1 0.57109375 0.7694444444444445 0.065625 0.12222222222222222
1 0.8 0.2263888888888889 0.0703125 0.125
1 0.67109375 0.12708333333333333 0.0671875 0.1375
1 0.236328125 0.5340277777777778 0.07265625 0.13472222222222222
1 0.50546875 0.7861111111111111 0.0609375 0.11944444444444445
1 0.43984375 0.8194444444444444 0.0703125 0.14444444444444443