1 0.99140625 0.8208333333333333 0.015625 0.19166666666666668
1 0.705859375 0.9597222222222223 0.09765625 0.075
1 0.775390625 0.03263888888888889 0.08359375 0.0625
1 0.971875 0.06041666666666667 0.0546875 0.12083333333333333
1 0.618359375 0.03819444444444445 0.10859375 0.07083333333333333
1 0.4375 0.044444444444444446 0.0984375 0.08611111111111111
1 0.50625 0.05138888888888889 0.0875 0.10277777777777777
1 0.328125 0.041666666666666664 0.084375 0.08055555555555556
1 0.975 0.3611111111111111 0.05 0.15555555555555556
1 0.92109375 0.9347222222222222 0.09375 0.12222222222222222
1 0.82890625 0.7777777777777778 0.0875 0.16111111111111112
1 0.88046875 0.06805555555555555 0.090625 0.13055555555555556
1 0.02890625 0.55 0.0578125 0.18333333333333332
1 0.102734375 0.09722222222222222 0.08671875 0.18055555555555555
1 0.9703125 0.6097222222222223 0.059375 0.1527777777777778
1 0.288671875 0.8944444444444445 0.09296875 0.17777777777777778
1 0.683203125 0.5763888888888888 0.07109375 0.175
1 0.9484375 0.20208333333333334 0.0953125 0.13194444444444445
1 0.6046875 0.40694444444444444 0.0875 0.15555555555555556
1 0.09921875 0.47638888888888886 0.0859375 0.13333333333333333
1 0.653515625 0.22708333333333333 0.09296875 0.1625
1 0.087890625 0.6756944444444445 0.08671875 0.1597222222222222
1 0.567578125 0.14930555555555555 0.08515625 0.14305555555555555
1 0.19921875 0.0763888888888889 0.0921875 0.15
1 0.403125 0.1951388888888889 0.096875 0.1763888888888889
1 0.92734375 0.8013888888888889 0.0875 0.14166666666666666
1 0.45859375 0.9111111111111111 0.090625 0.16111111111111112
1 0.55546875 0.6201388888888889 0.0921875 0.16527777777777777
1 0.6578125 0.8333333333333334 0.08125 0.17222222222222222
1 0.19453125 0.9111111111111111 0.09375 0.17222222222222222
1 0.77578125 0.49444444444444446 0.090625 0.15555555555555556
1 0.758984375 0.6541666666666667 0.07734375 0.14444444444444443
1 0.88984375 0.5756944444444444 0.084375 0.15694444444444444
1 0.560546875 0.8888888888888888 0.09140625 0.15555555555555556
1 0.2703125 0.17430555555555555 0.09375 0.13194444444444445
1 0.89609375 0.3451388888888889 0.0859375 0.14305555555555555
1 0.182421875 0.725 0.09140625 0.16666666666666666
1 0.73984375 0.2763888888888889 0.0828125 0.17222222222222222
1 0.266015625 0.4423611111111111 0.09765625 0.15138888888888888
1 0.158203125 0.34930555555555554 0.09453125 0.15694444444444444
1 0.521484375 0.30833333333333335 0.08984375 0.17222222222222222
1 0.76875 0.8270833333333333 0.096875 0.16805555555555557
1 0.383984375 0.7416666666666667 0.10546875 0.16111111111111112
1 0.36484375 0.39375 0.0953125 0.1625
1 0.4921875 0.4826388888888889 0.090625 0.1597222222222222
1 0.06640625 0.2847222222222222 0.0921875 0.18333333333333332
1 0.305859375 0.6104166666666667 0.09609375 0.16805555555555557
0 0.802859375 0.2575972222222222 0.0240625 0.04758333333333333
0 0.9256718749999999 0.6999027777777778 0.0248828125 0.043319444444444445
0 0.60459375 0.9721249999999999 0.020749999999999998 0.04147222222222222