1 0.08984375 0.2638888888888889 0.1796875 0.5277777777777778
1 0.760546875 0.4895833333333333 0.04453125 0.12361111111111112
1 0.11953125 0.7347222222222223 0.234375 0.5027777777777778
2 0.7796875 0.5 0.440625 1
2 0.32421875 0.025694444444444443 0.0765625 0.04861111111111111
2 0.75703125 0.61875 0.0734375 0.14305555555555555
1 0.67265625 0.6729166666666667 0.05625 0.1375
1 0.065625 0.9673611111111111 0.0703125 0.0625
1 0.73203125 0.07430555555555556 0.0546875 0.1486111111111111
1 0.32421875 0.02847222222222222 0.0703125 0.05138888888888889
1 0.9015625 0.6604166666666667 0.0625 0.12361111111111112
1 0.75703125 0.6145833333333334 0.0765625 0.13194444444444445
1 0.01015625 0.07222222222222222 0.0203125 0.13055555555555556
1 0.02109375 0.4840277777777778 0.0421875 0.11527777777777778
1 0.231640625 0.9583333333333334 0.08046875 0.07777777777777778
1 0.6078125 0.7833333333333333 0.078125 0.1111111111111111
0 0.85390625 0.43680555555555556 0.0265625 0.04861111111111111
1 0.6078125 0.7083333333333334 0.065625 0.12222222222222222
1 0.037890625 0.5236111111111111 0.07109375 0.14722222222222223
1 0.9328125 0.6236111111111111 0.0640625 0.125
1 0.027734375 0.7444444444444445 0.05546875 0.09722222222222222
1 0.49296875 0.6520833333333333 0.0640625 0.12916666666666668
1 0.8765625 0.9513888888888888 0.0765625 0.09166666666666666
1 0.66640625 0.10694444444444444 0.0703125 0.13333333333333333
1 0.13046875 0.05694444444444444 0.0671875 0.11388888888888889
1 0.281640625 0.5402777777777777 0.06640625 0.125
1 0.56953125 0.3388888888888889 0.0609375 0.09722222222222222
1 0.45390625 0.14722222222222223 0.0671875 0.11666666666666667
1 0.2890625 0.6125 0.0625 0.11388888888888889
1 0.575390625 0.23333333333333334 0.07265625 0.11666666666666667
1 0.394140625 0.7236111111111111 0.06171875 0.12222222222222222
1 0.3609375 0.11180555555555556 0.071875 0.10972222222222222
1 0.157421875 0.9465277777777777 0.07890625 0.10416666666666667
1 0.658984375 0.38680555555555557 0.07421875 0.12638888888888888
1 0.25078125 0.825 0.075 0.12222222222222222
1 0.055859375 0.052083333333333336 0.06484375 0.10416666666666667
1 0.80390625 0.24375 0.0765625 0.12083333333333333
1 0.71875 0.4625 0.0609375 0.10833333333333334
1 0.8703125 0.7805555555555556 0.0640625 0.11666666666666667
1 0.081640625 0.6090277777777777 0.06015625 0.11805555555555555
1 0.346484375 0.23958333333333334 0.08046875 0.14305555555555555
1 0.478125 0.28541666666666665 0.08125 0.1486111111111111
1 0.319921875 0.7236111111111111 0.07578125 0.1361111111111111
1 0.057421875 0.8409722222222222 0.07578125 0.1486111111111111
1 0.9375 0.8666666666666667 0.071875 0.1388888888888889
1 0.878125 0.24722222222222223 0.0703125 0.12777777777777777
1 0.962890625 0.7291666666666666 0.07421875 0.1361111111111111
1 0.755078125 0.9097222222222222 0.08828125 0.15555555555555556
1 0.301953125 0.9166666666666666 0.08359375 0.14444444444444443
1 0.613671875 0.5645833333333333 0.08046875 0.15138888888888888
1 0.266796875 0.19583333333333333 0.07890625 0.14444444444444443
1 0.327734375 0.3798611111111111 0.06953125 0.12361111111111112
1 0.416015625 0.4625 0.06484375 0.13055555555555556
1 0.25234375 0.70625 0.0609375 0.10972222222222222
1 0.628515625 0.30625 0.05859375 0.12361111111111112
1 0.47109375 0.5333333333333333 0.0765625 0.10833333333333334
1 0.9 0.375 0.06875 0.1361111111111111
1 0.766796875 0.14652777777777778 0.06953125 0.12916666666666668
1 0.1859375 0.8388888888888889 0.075 0.12777777777777777
1 0.72890625 0.7486111111111111 0.0734375 0.11944444444444445
1 0.51875 0.1701388888888889 0.0625 0.12083333333333333
1 0.149609375 0.6631944444444444 0.08046875 0.15138888888888888
2 0.134375 0.19444444444444445 0.1109375 0.175
1 0.05390625 0.28541666666666665 0.06875 0.14027777777777778