1 0.20234375 0.2743055555555556 0.075 0.14027777777777778
1 0.049609375 0.05277777777777778 0.07578125 0.10555555555555556
0 0.31953125 0.9833333333333333 0.025 0.027777777777777776
1 0.9015625 0.6298611111111111 0.078125 0.14583333333333334
1 0.516015625 0.8583333333333333 0.05546875 0.1388888888888889
1 0.009375 0.22847222222222222 0.01875 0.18194444444444444
1 0.697265625 0.5006944444444444 0.06640625 0.1486111111111111
1 0.31484375 0.45555555555555555 0.0828125 0.15
1 0.965625 0.04513888888888889 0.0671875 0.09027777777777778
1 0.60078125 0.5902777777777778 0.0765625 0.15833333333333333
1 0.55546875 0.9631944444444445 0.0921875 0.06805555555555555
1 0.8734375 0.45 0.0640625 0.14444444444444443
1 0.60703125 0.36527777777777776 0.0734375 0.14166666666666666
1 0.0453125 0.9625 0.0890625 0.06666666666666667
0 0.984375 0.4284722222222222 0.0296875 0.05416666666666667
1 0.031640625 0.8541666666666666 0.06328125 0.14166666666666666
1 0.6421875 0.95 0.084375 0.08888888888888889
1 0.97578125 0.7708333333333334 0.0484375 0.11388888888888889
1 0.319140625 0.18194444444444444 0.07109375 0.11388888888888889
1 0.81015625 0.9541666666666667 0.0890625 0.08055555555555556
0 0.011328125 0.1284722222222222 0.02265625 0.06527777777777778
2 0.978515625 0.8909722222222223 0.04296875 0.17083333333333334
1 0.62265625 0.5555555555555556 0.0859375 0.14722222222222223
0 0.46015625 0.23958333333333334 0.0296875 0.05416666666666667
1 0.4828125 0.04375 0.08125 0.0763888888888889
1 0.02109375 0.36736111111111114 0.0421875 0.15694444444444444
0 0.553125 0.3451388888888889 0.028125 0.05138888888888889
1 0.26015625 0.6076388888888888 0.0828125 0.1375
0 0.194140625 0.12916666666666668 0.02265625 0.05277777777777778
1 0.38046875 0.6743055555555556 0.0828125 0.14027777777777778
1 0.9578125 0.6430555555555556 0.084375 0.15
0 0.2265625 0.0375 0.0375 0.07222222222222222
1 0.70546875 0.03819444444444445 0.0859375 0.07083333333333333
1 0.884375 0.9388888888888889 0.0828125 0.11666666666666667
1 0.397265625 0.05416666666666667 0.07890625 0.10833333333333334
1 0.50234375 0.30833333333333335 0.0703125 0.125
1 0.165625 0.04583333333333333 0.084375 0.08055555555555556
1 0.9625 0.2076388888888889 0.075 0.13472222222222222
1 0.03203125 0.5097222222222222 0.0640625 0.125
1 0.03515625 0.7819444444444444 0.0703125 0.14444444444444443
1 0.837109375 0.6618055555555555 0.09609375 0.14305555555555555
1 0.691796875 0.7201388888888889 0.08046875 0.14305555555555555
1 0.5515625 0.8465277777777778 0.08125 0.1486111111111111
1 0.108203125 0.8847222222222222 0.09453125 0.15833333333333333
1 0.32578125 0.10694444444444444 0.0796875 0.14166666666666666
1 0.169921875 0.725 0.08203125 0.15
1 0.90390625 0.12291666666666666 0.0796875 0.14305555555555555
1 0.66640625 0.12222222222222222 0.0796875 0.12777777777777777
1 0.359375 0.4791666666666667 0.078125 0.13055555555555556
1 0.088671875 0.07152777777777777 0.08359375 0.1375
1 0.41953125 0.3659722222222222 0.090625 0.19027777777777777
1 0.255859375 0.7770833333333333 0.08671875 0.15138888888888888
1 0.7328125 0.4826388888888889 0.075 0.14305555555555555
1 0.92109375 0.38680555555555557 0.084375 0.1486111111111111
1 0.247265625 0.13541666666666666 0.08359375 0.14305555555555555
1 0.757421875 0.6180555555555556 0.08671875 0.14722222222222223
1 0.564453125 0.08819444444444445 0.08359375 0.1486111111111111
1 0.073046875 0.6576388888888889 0.07890625 0.1375
1 0.3984375 0.19583333333333333 0.0828125 0.16111111111111112
1 0.141015625 0.5694444444444444 0.08671875 0.14444444444444443
1 0.48984375 0.15763888888888888 0.084375 0.14027777777777778
1 0.8375 0.3215277777777778 0.0796875 0.14027777777777778
1 0.245703125 0.9236111111111112 0.09296875 0.14722222222222223
1 0.7203125 0.925 0.0875 0.14444444444444443
1 0.504296875 0.4041666666666667 0.07890625 0.14722222222222223
1 0.93984375 0.49722222222222223 0.0890625 0.1388888888888889
1 0.778515625 0.7527777777777778 0.08203125 0.14444444444444443
1 0.1125 0.40625 0.090625 0.19305555555555556
1 0.5921875 0.22083333333333333 0.08125 0.1361111111111111
1 0.238671875 0.2847222222222222 0.08203125 0.1388888888888889
1 0.53515625 0.6916666666666667 0.0828125 0.15555555555555556
2 0.36875 0.8652777777777778 0.1625 0.25833333333333336
1 0.1375 0.19583333333333333 0.090625 0.1527777777777778
1 0.210546875 0.4263888888888889 0.08671875 0.14166666666666666
1 0.465625 0.6111111111111112 0.0875 0.15555555555555556
2 0.7078125 0.2972222222222222 0.153125 0.2361111111111111