2 0.4171875 0.5 0.74375 1
1 0.296484375 0.47708333333333336 0.11015625 0.19583333333333333
0 0.389453125 0.9319444444444445 0.03203125 0.04722222222222222
0 0.317578125 0.5965277777777778 0.04765625 0.059722222222222225
1 0.59296875 0.9611111111111111 0.0734375 0.07222222222222222
1 0.00703125 0.7097222222222223 0.0140625 0.18611111111111112
0 0.4671875 0.3263888888888889 0.0625 0.09722222222222222
2 0.98828125 0.45416666666666666 0.021875 0.13055555555555556
2 0.23203125 0.4097222222222222 0.0703125 0.11388888888888889
2 0.093359375 0.6597222222222222 0.08984375 0.13055555555555556
2 0.8 0.5 0.4 1
1 0.233203125 0.41041666666666665 0.07109375 0.11527777777777778
1 0.788671875 0.020833333333333332 0.06171875 0.03888888888888889
1 0.9890625 0.4527777777777778 0.021875 0.12777777777777777
1 0.91171875 0.25833333333333336 0.0703125 0.11944444444444445
2 0.5109375 0.22291666666666668 0.096875 0.12361111111111112
2 0.383984375 0.45555555555555555 0.07109375 0.11666666666666667
0 0.5203125 0.3159722222222222 0.040625 0.059722222222222225
1 0.346875 0.9659722222222222 0.075 0.0625
1 0.23203125 0.021527777777777778 0.0765625 0.043055555555555555
0 0.940625 0.1701388888888889 0.0625 0.0625
2 0.9875 0.7333333333333333 0.025 0.13333333333333333
1 0.68046875 0.6020833333333333 0.0859375 0.1375
0 0.5390625 0.7131944444444445 0.034375 0.08194444444444444
2 0.035546875 0.3388888888888889 0.07109375 0.14722222222222223
1 0.984375 0.325 0.0296875 0.13333333333333333
1 0.98203125 0.06944444444444445 0.0359375 0.1361111111111111
2 0.68046875 0.6034722222222222 0.0859375 0.14027777777777778
0 0.91171875 0.25833333333333336 0.071875 0.11666666666666667
1 0.492578125 0.7173611111111111 0.06484375 0.14583333333333334
1 0.75703125 0.10486111111111111 0.05625 0.15416666666666667
0 0.64140625 0.48333333333333334 0.0328125 0.058333333333333334
1 0.96875 0.8611111111111112 0.059375 0.13333333333333333
1 0.4703125 0.9625 0.08125 0.06944444444444445
1 0.03515625 0.3402777777777778 0.0703125 0.14722222222222223
1 0.383984375 0.45555555555555555 0.07109375 0.1111111111111111
0 0.179296875 0.8597222222222223 0.05703125 0.09444444444444444
0 0.8546875 0.5319444444444444 0.0625 0.14166666666666666
1 0.6734375 0.23194444444444445 0.0828125 0.11388888888888889
1 0.094140625 0.6569444444444444 0.08671875 0.13055555555555556
1 0.50859375 0.22152777777777777 0.0953125 0.12638888888888888
2 0.04453125 0.9069444444444444 0.0890625 0.16944444444444445
1 0.29765625 0.8625 0.0875 0.11944444444444445
1 0.89140625 0.3993055555555556 0.0875 0.1125
1 0.605078125 0.8513888888888889 0.07109375 0.1361111111111111
1 0.043359375 0.9083333333333333 0.08671875 0.16666666666666666
2 0.765625 0.44305555555555554 0.0875 0.125
1 0.5015625 0.11180555555555556 0.08125 0.10972222222222222
1 0.4453125 0.69375 0.08125 0.1375
1 0.537890625 0.41180555555555554 0.07421875 0.12638888888888888
1 0.803515625 0.7527777777777778 0.08828125 0.15833333333333333
1 0.275 0.30833333333333335 0.0640625 0.11388888888888889
1 0.212890625 0.24027777777777778 0.08046875 0.10833333333333334
1 0.46484375 0.4444444444444444 0.0796875 0.12777777777777777
1 0.659765625 0.06805555555555555 0.06953125 0.11666666666666667
1 0.95859375 0.6194444444444445 0.08125 0.1361111111111111
1 0.166796875 0.42986111111111114 0.06015625 0.14027777777777778
1 0.265625 0.1111111111111111 0.078125 0.13055555555555556
1 0.35546875 0.33819444444444446 0.0765625 0.12916666666666668
1 0.201953125 0.6625 0.07578125 0.125
1 0.056640625 0.48333333333333334 0.08515625 0.13333333333333333
1 0.419921875 0.11319444444444444 0.07109375 0.12916666666666668
1 0.6203125 0.7166666666666667 0.06875 0.1388888888888889
1 0.0984375 0.2673611111111111 0.0859375 0.13194444444444445
1 0.303515625 0.47708333333333336 0.08515625 0.10416666666666667
1 0.278515625 0.7333333333333333 0.06796875 0.1388888888888889
1 0.56796875 0.5354166666666667 0.0859375 0.11527777777777778
1 0.58125 0.15 0.059375 0.1388888888888889
1 0.41328125 0.8180555555555555 0.0703125 0.12777777777777777