1 0.0078125 0.7958333333333333 0.015625 0.1527777777777778
0 0.07890625 0.7222222222222222 0.025 0.05
1 0.20078125 0.9666666666666667 0.0859375 0.06111111111111111
1 0.8265625 0.15486111111111112 0.0875 0.14305555555555555
1 0.675 0.5930555555555556 0.09375 0.15
1 0.98515625 0.12777777777777777 0.028125 0.14166666666666666
1 0.76640625 0.9555555555555556 0.0859375 0.08055555555555556
1 0.4015625 0.3263888888888889 0.08125 0.14722222222222223
1 0.6421875 0.3506944444444444 0.075 0.14583333333333334
1 0.4796875 0.06111111111111111 0.084375 0.12222222222222222
0 0.133203125 0.5486111111111112 0.02890625 0.05277777777777778
0 0.8875 0.7208333333333333 0.028125 0.075
1 0.10078125 0.04097222222222222 0.090625 0.0763888888888889
0 0.575390625 0.014583333333333334 0.03671875 0.029166666666666667
0 0.64140625 0.9541666666666667 0.0296875 0.058333333333333334
1 0.365625 0.6819444444444445 0.08125 0.1361111111111111
1 0.6125 0.7180555555555556 0.0859375 0.15833333333333333
0 0.65546875 0.24722222222222223 0.0328125 0.07222222222222222
0 0.319921875 0.5111111111111111 0.02734375 0.044444444444444446
0 0.4140625 0.44166666666666665 0.025 0.05277777777777778
1 0.2109375 0.5333333333333333 0.09375 0.13333333333333333
1 0.209765625 0.08333333333333333 0.07578125 0.13333333333333333
0 0.4203125 0.64375 0.034375 0.05416666666666667
1 0.028125 0.5611111111111111 0.05625 0.15
1 0.68203125 0.3548611111111111 0.0765625 0.14027777777777778
1 0.55078125 0.8541666666666666 0.0921875 0.1638888888888889
1 0.85546875 0.8215277777777777 0.0765625 0.14027777777777778
1 0.453125 0.8104166666666667 0.0796875 0.1486111111111111
1 0.769140625 0.06458333333333334 0.07421875 0.12916666666666668
1 0.051171875 0.8069444444444445 0.08828125 0.1638888888888889
1 0.035546875 0.41458333333333336 0.07109375 0.15138888888888888
1 0.03046875 0.22847222222222222 0.0609375 0.16805555555555557
1 0.197265625 0.6048611111111111 0.08359375 0.15138888888888888
1 0.9703125 0.3854166666666667 0.059375 0.16805555555555557
1 0.15 0.8902777777777777 0.0796875 0.14166666666666666
1 0.199609375 0.7729166666666667 0.08203125 0.15416666666666667
1 0.49609375 0.42291666666666666 0.0890625 0.12638888888888888
1 0.050390625 0.9347222222222222 0.08515625 0.125
1 0.88828125 0.18125 0.084375 0.15416666666666667
1 0.60078125 0.10694444444444444 0.0859375 0.1527777777777778
1 0.93515625 0.06597222222222222 0.084375 0.12638888888888888
1 0.396484375 0.12569444444444444 0.08984375 0.1597222222222222
1 0.68828125 0.08541666666666667 0.090625 0.15138888888888888
1 0.72421875 0.21805555555555556 0.0828125 0.1527777777777778
1 0.815625 0.5166666666666667 0.096875 0.18611111111111112
1 0.1171875 0.6520833333333333 0.084375 0.1375
1 0.26953125 0.42569444444444443 0.0796875 0.1375
1 0.83671875 0.26180555555555557 0.08125 0.1375
1 0.5125 0.6861111111111111 0.1140625 0.15555555555555556
1 0.57265625 0.2673611111111111 0.08125 0.14583333333333334
1 0.76796875 0.3541666666666667 0.090625 0.14722222222222223
1 0.110546875 0.45416666666666666 0.08359375 0.14722222222222223
1 0.1 0.17847222222222223 0.084375 0.14583333333333334
2 0.6890625 0.8430555555555556 0.121875 0.17777777777777778
1 0.737890625 0.5013888888888889 0.08671875 0.1527777777777778
1 0.44140625 0.2881944444444444 0.0796875 0.13472222222222222
1 0.290625 0.7680555555555556 0.0875 0.15
1 0.66328125 0.6756944444444445 0.0859375 0.14305555555555555
1 0.30703125 0.09305555555555556 0.0859375 0.15
1 0.345703125 0.39861111111111114 0.07578125 0.1361111111111111
2 0.18125 0.3013888888888889 0.128125 0.24444444444444444
1 0.540625 0.5388888888888889 0.096875 0.15555555555555556
1 0.371875 0.5763888888888888 0.084375 0.14722222222222223
1 0.92578125 0.8805555555555555 0.0859375 0.15
1 0.396875 0.9180555555555555 0.0875 0.15
1 0.90625 0.5680555555555555 0.0890625 0.15833333333333333
1 0.95703125 0.7402777777777778 0.0828125 0.14166666666666666
1 0.780078125 0.6840277777777778 0.09140625 0.16527777777777777
1 0.29140625 0.6125 0.0890625 0.15833333333333333