1 0.277734375 0.6090277777777777 0.06015625 0.12361111111111112
0 0.994921875 0.44305555555555554 0.01015625 0.11944444444444445
2 0.665625 0.32222222222222224 0.653125 0.6444444444444445
1 0.640234375 0.022222222222222223 0.07109375 0.044444444444444446
1 0.85859375 0.42916666666666664 0.0875 0.15555555555555556
0 0.8671875 0.03680555555555556 0.0109375 0.034722222222222224
0 0.9171875 0.5611111111111111 0.0203125 0.030555555555555555
1 0.142578125 0.40555555555555556 0.09453125 0.15
2 0.98828125 0.8069444444444445 0.0234375 0.16111111111111112
1 0.615625 0.4756944444444444 0.078125 0.14027777777777778
1 0.97734375 0.11388888888888889 0.0421875 0.17777777777777778
0 0.63984375 0.18055555555555555 0.0171875 0.022222222222222223
1 0.40703125 0.5555555555555556 0.0828125 0.1388888888888889
2 0.589453125 0.06875 0.08203125 0.11805555555555555
2 0.8421875 0.5465277777777777 0.1203125 0.3013888888888889
1 0.117578125 0.6583333333333333 0.09609375 0.14444444444444443
1 0.651953125 0.5625 0.08671875 0.1527777777777778
1 0.462109375 0.28055555555555556 0.07265625 0.1388888888888889
2 0.977734375 0.11388888888888889 0.04453125 0.17777777777777778
1 0.024609375 0.6805555555555556 0.04921875 0.12222222222222222
1 0.7515625 0.9527777777777777 0.096875 0.08333333333333333
1 0.7109375 0.09513888888888888 0.075 0.14305555555555555
0 0.614453125 0.04583333333333333 0.02265625 0.027777777777777776
1 0.163671875 0.1673611111111111 0.07890625 0.14305555555555555
1 0.25390625 0.13125 0.0765625 0.13194444444444445
0 0.19375 0.5402777777777777 0.08125 0.1388888888888889
1 0.5875 0.06944444444444445 0.075 0.11944444444444445
1 0.90078125 0.8006944444444445 0.084375 0.12083333333333333
0 0.9125 0.5736111111111111 0.025 0.05
0 0.977734375 0.11319444444444444 0.04453125 0.1597222222222222
2 0.712890625 0.09583333333333334 0.08046875 0.14444444444444443
0 0.84609375 0.12013888888888889 0.075 0.1597222222222222
0 0.11484375 0.6576388888888889 0.09375 0.14027777777777778
0 0.63046875 0.1909722222222222 0.0203125 0.03194444444444444
2 0.826953125 0.49166666666666664 0.34609375 0.9833333333333333
0 0.92265625 0.18263888888888888 0.0796875 0.1375
1 0.841015625 0.5534722222222223 0.08828125 0.14027777777777778
1 0.019140625 0.8229166666666666 0.03671875 0.16805555555555557
1 0.496875 0.36041666666666666 0.06875 0.15694444444444444
1 0.357421875 0.08194444444444444 0.08515625 0.14166666666666666
0 0.33125 0.35833333333333334 0.065625 0.10555555555555556
1 0.2703125 0.24166666666666667 0.084375 0.14166666666666666
0 0.9171875 0.9111111111111111 0.06875 0.12777777777777777
0 0.9765625 0.9277777777777778 0.015625 0.03888888888888889
1 0.332421875 0.3597222222222222 0.06640625 0.11388888888888889
1 0.58515625 0.59375 0.0828125 0.14027777777777778
1 0.51640625 0.16319444444444445 0.0921875 0.14583333333333334
0 0.043359375 0.2590277777777778 0.01484375 0.02361111111111111
0 0.980859375 0.6743055555555556 0.03828125 0.14583333333333334
1 0.19609375 0.5381944444444444 0.0828125 0.14305555555555555
1 0.81640625 0.7375 0.0703125 0.1527777777777778
2 0.84765625 0.11944444444444445 0.0796875 0.15555555555555556
1 0.312109375 0.03958333333333333 0.07734375 0.07916666666666666
1 0.40078125 0.8465277777777778 0.0765625 0.14027777777777778
1 0.412890625 0.1625 0.07578125 0.13055555555555556
1 0.03828125 0.40347222222222223 0.06875 0.14305555555555555
1 0.4546875 0.8847222222222222 0.0859375 0.1361111111111111
2 0.84140625 0.5541666666666667 0.0890625 0.14166666666666666
1 0.8921875 0.7027777777777777 0.06875 0.12222222222222222
1 0.3640625 0.6541666666666667 0.09375 0.15
1 0.041796875 0.07777777777777778 0.08359375 0.14166666666666666
1 0.75 0.7076388888888889 0.075 0.14583333333333334
0 0.226171875 0.32916666666666666 0.02265625 0.03611111111111111
1 0.671875 0.6826388888888889 0.08125 0.12916666666666668
2 0.92421875 0.1798611111111111 0.0828125 0.14027777777777778
1 0.56015625 0.30416666666666664 0.0828125 0.1388888888888889
1 0.50234375 0.5909722222222222 0.0796875 0.14583333333333334
2 0.69765625 0.33194444444444443 0.1640625 0.30833333333333335
2 0.61796875 0.8513888888888889 0.1875 0.2861111111111111