1 0.83125 0.022222222222222223 0.0875 0.041666666666666664
1 0.283984375 0.6034722222222222 0.06640625 0.11527777777777778
1 0.019921875 0.08333333333333333 0.03984375 0.12777777777777777
1 0.96875 0.022916666666666665 0.0625 0.04583333333333333
1 0.04375 0.020833333333333332 0.0796875 0.041666666666666664
1 0.1421875 0.02638888888888889 0.0796875 0.05277777777777778
1 0.01015625 0.39861111111111114 0.0203125 0.12777777777777777
1 0.651171875 0.9694444444444444 0.07421875 0.06111111111111111
1 0.2015625 0.5611111111111111 0.0703125 0.11944444444444445
1 0.909375 0.04097222222222222 0.078125 0.07916666666666666
1 0.93828125 0.9597222222222223 0.078125 0.08055555555555556
1 0.53359375 0.6472222222222223 0.0609375 0.07777777777777778
1 0.9859375 0.38680555555555557 0.028125 0.12083333333333333
1 0.978125 0.6027777777777777 0.04375 0.13333333333333333
1 0.9796875 0.2923611111111111 0.040625 0.13194444444444445
1 0.544921875 0.22430555555555556 0.06328125 0.12083333333333333
1 0.9140625 0.40555555555555556 0.06875 0.12222222222222222
1 0.019921875 0.5166666666666667 0.03828125 0.13333333333333333
1 0.8953125 0.8763888888888889 0.0609375 0.11388888888888889
1 0.9140625 0.4048611111111111 0.06875 0.12083333333333333
1 0.16171875 0.9680555555555556 0.08125 0.058333333333333334
1 0.140234375 0.8847222222222222 0.08515625 0.10277777777777777
1 0.407421875 0.1625 0.06015625 0.10833333333333334
1 0.4578125 0.7986111111111112 0.05625 0.09722222222222222
1 0.51328125 0.7375 0.0734375 0.10277777777777777
1 0.415625 0.9444444444444444 0.065625 0.10833333333333334
1 0.5265625 0.5486111111111112 0.065625 0.11666666666666667
1 0.56484375 0.044444444444444446 0.0671875 0.08611111111111111
1 0.55859375 0.4444444444444444 0.0640625 0.11666666666666667
1 0.49609375 0.04027777777777778 0.0625 0.07777777777777778
1 0.633203125 0.8645833333333334 0.06484375 0.13194444444444445
1 0.27578125 0.12152777777777778 0.075 0.12638888888888888
1 0.5 0.24444444444444444 0.065625 0.12222222222222222
1 0.978125 0.8972222222222223 0.04375 0.11944444444444445
1 0.109375 0.7902777777777777 0.0703125 0.125
1 0.9421875 0.48333333333333334 0.071875 0.11666666666666667
1 0.5265625 0.34375 0.0703125 0.10138888888888889
1 0.9328125 0.7076388888888889 0.059375 0.09305555555555556
1 0.119140625 0.5118055555555555 0.06953125 0.11805555555555555
1 0.216796875 0.8673611111111111 0.06171875 0.12638888888888888
1 0.26328125 0.9138888888888889 0.0625 0.12222222222222222
1 0.579296875 0.90625 0.07265625 0.1125
1 0.57421875 0.7805555555555556 0.0734375 0.12777777777777777
1 0.8421875 0.7895833333333333 0.065625 0.10416666666666667
1 0.512109375 0.9472222222222222 0.06796875 0.1
1 0.70546875 0.05138888888888889 0.0796875 0.10277777777777777
1 0.103125 0.2388888888888889 0.0625 0.12222222222222222
1 0.39609375 0.8270833333333333 0.0734375 0.12083333333333333
1 0.48828125 0.44722222222222224 0.0640625 0.1111111111111111
1 0.157421875 0.7152777777777778 0.08203125 0.11944444444444445
1 0.1875 0.6291666666666667 0.059375 0.10833333333333334
1 0.15390625 0.23958333333333334 0.065625 0.12638888888888888
1 0.525 0.13125 0.0703125 0.11527777777777778
1 0.752734375 0.8048611111111111 0.07421875 0.11805555555555555
1 0.6328125 0.6208333333333333 0.065625 0.10833333333333334
1 0.115625 0.37777777777777777 0.0578125 0.11944444444444445
1 0.953125 0.8027777777777778 0.0703125 0.1111111111111111
1 0.81875 0.9048611111111111 0.0671875 0.13194444444444445
1 0.26171875 0.3368055555555556 0.0671875 0.12083333333333333
1 0.04765625 0.6590277777777778 0.0703125 0.12638888888888888
1 0.185546875 0.3590277777777778 0.06953125 0.12638888888888888
1 0.61015625 0.5152777777777777 0.0671875 0.12222222222222222
1 0.608203125 0.3736111111111111 0.06953125 0.10833333333333334
1 0.615625 0.2534722222222222 0.0734375 0.12638888888888888
1 0.69921875 0.8763888888888889 0.0640625 0.1361111111111111
1 0.05859375 0.4361111111111111 0.0671875 0.12777777777777777
1 0.75703125 0.6902777777777778 0.0734375 0.10833333333333334
1 0.89609375 0.14444444444444443 0.0625 0.12777777777777777
1 0.75859375 0.4340277777777778 0.0640625 0.13472222222222222
1 0.73828125 0.29930555555555555 0.0796875 0.12638888888888888
1 0.031640625 0.27847222222222223 0.06328125 0.13194444444444445
1 0.665234375 0.7083333333333334 0.06328125 0.11388888888888889
1 0.9640625 0.15694444444444444 0.06875 0.1361111111111111
1 0.8203125 0.3263888888888889 0.075 0.13055555555555556
1 0.85234375 0.4479166666666667 0.06875 0.12638888888888888
1 0.6828125 0.5159722222222223 0.071875 0.12638888888888888
1 0.341015625 0.050694444444444445 0.06796875 0.10138888888888889
1 0.430078125 0.2569444444444444 0.06796875 0.11944444444444445
1 0.33359375 0.22708333333333333 0.0703125 0.12083333333333333
1 0.6296875 0.06597222222222222 0.065625 0.12638888888888888
1 0.220703125 0.20833333333333334 0.06328125 0.12222222222222222
1 0.054296875 0.15833333333333333 0.06484375 0.12222222222222222
1 0.807421875 0.5375 0.06796875 0.125
1 0.231640625 0.4513888888888889 0.06953125 0.125
1 0.1203125 0.10625 0.078125 0.13194444444444445
1 0.439453125 0.06875 0.06171875 0.12638888888888888
1 0.04296875 0.8277777777777777 0.065625 0.12222222222222222
1 0.4625 0.5972222222222222 0.065625 0.13055555555555556
1 0.328125 0.37916666666666665 0.0625 0.13333333333333333
1 0.772265625 0.175 0.07578125 0.13333333333333333
1 0.746875 0.5743055555555555 0.05625 0.1125
1 0.9109375 0.6020833333333333 0.0765625 0.12638888888888888
1 0.394140625 0.3486111111111111 0.06796875 0.13055555555555556