2 0.201953125 0.1763888888888889 0.07734375 0.14444444444444443
1 0.0234375 0.3888888888888889 0.0453125 0.14166666666666666
2 0.46174218749999996 0.12708333333333333 0.14129687500000002 0.22640277777777776
2 0.5913984375 0.33918055555555554 0.16697656249999998 0.3404027777777778
2 0.746421875 0.3864444444444445 0.1846171875 0.39325
2 0.21618750000000003 0.4736388888888889 0.17884375 0.24355555555555558
2 0.23997656250000002 0.7140972222222222 0.171734375 0.2754166666666667
2 0.4319609375 0.6929166666666666 0.11558593749999999 0.21454166666666666
2 0.5308359375 0.8790555555555555 0.1388671875 0.23497222222222222
2 0.666375 0.7209444444444445 0.12607812499999999 0.23355555555555554
2 0.25434375 0.9282361111111112 0.1431640625 0.14351388888888889
2 0.40082031249999994 0.8993055555555556 0.12361718749999999 0.2013888888888889
2 0.0492421875 0.6638888888888889 0.098484375 0.29536111111111113
2 0.7142890625 0.8958333333333334 0.12296093749999999 0.20833333333333334