1 0.007421875 0.35833333333333334 0.01484375 0.1527777777777778
1 0.00703125 0.58125 0.0140625 0.15138888888888888
1 0.209375 0.5555555555555556 0.075 0.12777777777777777
1 0.991796875 0.7819444444444444 0.01640625 0.14166666666666666
1 0.990625 0.5701388888888889 0.01875 0.12916666666666668
1 0.9734375 0.26180555555555557 0.0515625 0.13472222222222222
2 0.09609375 0.9618055555555556 0.13125 0.06805555555555555
1 0.150390625 0.07916666666666666 0.08359375 0.1388888888888889
1 0.8640625 0.5138888888888888 0.0796875 0.1111111111111111
1 0.65859375 0.4152777777777778 0.0796875 0.21388888888888888
1 0.299609375 0.04513888888888889 0.06015625 0.0875
1 0.059765625 0.36944444444444446 0.06328125 0.15
1 0.98828125 0.05555555555555555 0.0234375 0.1111111111111111
1 0.03828125 0.6465277777777778 0.075 0.14583333333333334
1 0.11328125 0.3729166666666667 0.0875 0.12083333333333333
1 0.7359375 0.42083333333333334 0.103125 0.125
1 0.980078125 0.43819444444444444 0.03984375 0.14027777777777778
1 0.7546875 0.7611111111111111 0.06875 0.12222222222222222
0 0.7875 0.20555555555555555 0.025 0.03333333333333333
1 0.90390625 0.36736111111111114 0.075 0.13194444444444445
1 0.344140625 0.15555555555555556 0.07734375 0.19722222222222222
1 0.0125 0.8430555555555556 0.025 0.18611111111111112
0 0.201171875 0.3125 0.01953125 0.041666666666666664
0 0.7953125 0.6409722222222223 0.0234375 0.043055555555555555
1 0.234375 0.07152777777777777 0.065625 0.13194444444444445
1 0.222265625 0.23333333333333334 0.07109375 0.11388888888888889
1 0.440625 0.7666666666666667 0.084375 0.16111111111111112
1 0.116015625 0.5479166666666667 0.07109375 0.12916666666666668
1 0.019140625 0.20277777777777778 0.03671875 0.14444444444444443
1 0.408203125 0.06180555555555556 0.08359375 0.11805555555555555
1 0.8328125 0.45416666666666666 0.071875 0.14722222222222223
1 0.81328125 0.9555555555555556 0.0828125 0.07777777777777778
1 0.84921875 0.043055555555555555 0.0765625 0.08055555555555556
2 0.092578125 0.8027777777777778 0.14140625 0.24722222222222223
1 0.76015625 0.5583333333333333 0.0765625 0.13333333333333333
0 0.7390625 0.6638888888888889 0.040625 0.06111111111111111
1 0.80390625 0.2763888888888889 0.08125 0.125
1 0.33046875 0.4125 0.096875 0.30277777777777776
2 0.596484375 0.5888888888888889 0.12890625 0.225
2 0.54375 0.7694444444444445 0.15 0.25555555555555554
1 0.28359375 0.6881944444444444 0.0828125 0.1486111111111111
1 0.41171875 0.35694444444444445 0.0953125 0.19444444444444445
1 0.740625 0.18819444444444444 0.08125 0.12083333333333333
1 0.68828125 0.8618055555555556 0.0921875 0.14305555555555555
1 0.367578125 0.6618055555555555 0.08828125 0.19305555555555556
2 0.5375 0.4166666666666667 0.153125 0.24444444444444444
2 0.8515625 0.8194444444444444 0.128125 0.23333333333333334
1 0.101171875 0.20902777777777778 0.08515625 0.1597222222222222
2 0.488671875 0.17430555555555555 0.16328125 0.31805555555555554
2 0.625 0.21875 0.1375 0.2652777777777778