1 0.90390625 0.9409722222222222 0.0859375 0.10694444444444444
1 0.19453125 0.8319444444444445 0.075 0.11388888888888889
1 0.5953125 0.1361111111111111 0.05625 0.10833333333333334
1 0.921875 0.06180555555555556 0.06875 0.12361111111111112
1 0.3453125 0.8743055555555556 0.090625 0.15416666666666667
1 0.637109375 0.041666666666666664 0.06484375 0.08055555555555556
1 0.9640625 0.7701388888888889 0.0703125 0.1486111111111111
0 0.437890625 0.11875 0.01484375 0.02638888888888889
1 0.578125 0.11875 0.0734375 0.14027777777777778
0 0.015234375 0.5819444444444445 0.01796875 0.027777777777777776
1 0.44296875 0.9333333333333333 0.0796875 0.13333333333333333
1 0.065234375 0.3597222222222222 0.07734375 0.1361111111111111
1 0.54296875 0.38472222222222224 0.06875 0.12777777777777777
1 0.2234375 0.7402777777777778 0.0703125 0.13055555555555556
1 0.674609375 0.20416666666666666 0.07421875 0.19722222222222222
1 0.014453125 0.12638888888888888 0.02734375 0.18611111111111112
1 0.031640625 0.8083333333333333 0.06171875 0.13333333333333333
2 0.15546875 0.9291666666666667 0.2046875 0.13055555555555556
1 0.578125 0.38680555555555557 0.084375 0.13194444444444445
1 0.12578125 0.6375 0.0828125 0.14722222222222223
1 0.023828125 0.9180555555555555 0.04609375 0.15
1 0.66015625 0.9722222222222222 0.0734375 0.05
1 0.183203125 0.1111111111111111 0.06640625 0.12222222222222222
0 0.994140625 0.8722222222222222 0.01171875 0.08333333333333333
1 0.5796875 0.2611111111111111 0.0625 0.12222222222222222
0 0.994140625 0.6472222222222223 0.01171875 0.06666666666666667
1 0.616796875 0.6347222222222222 0.06015625 0.15833333333333333
1 0.180859375 0.6027777777777777 0.07109375 0.11944444444444445
1 0.0375 0.5402777777777777 0.065625 0.125
1 0.696484375 0.4666666666666667 0.07734375 0.10555555555555556
1 0.9765625 0.3861111111111111 0.046875 0.1361111111111111
1 0.496875 0.49375 0.084375 0.1763888888888889
1 0.95234375 0.6444444444444445 0.0625 0.11666666666666667
2 0.4875 0.05555555555555555 0.159375 0.10555555555555556
1 0.058984375 0.20694444444444443 0.07734375 0.125
2 0.8109375 0.12013888888888889 0.175 0.24027777777777778
1 0.52578125 0.9166666666666666 0.0734375 0.10555555555555556
1 0.5578125 0.6013888888888889 0.0609375 0.11388888888888889
1 0.83046875 0.9090277777777778 0.0703125 0.12638888888888888
1 0.42109375 0.5458333333333333 0.059375 0.11944444444444445
1 0.975 0.5243055555555556 0.0484375 0.1125
1 0.528125 0.7104166666666667 0.096875 0.14305555555555555
1 0.7015625 0.35 0.071875 0.11388888888888889
1 0.829296875 0.7555555555555555 0.08359375 0.15
2 0.841796875 0.30486111111111114 0.16171875 0.2263888888888889
2 0.716796875 0.6527777777777778 0.16953125 0.2916666666666667
1 0.4921875 0.19791666666666666 0.075 0.12916666666666668
2 0.837109375 0.54375 0.19609375 0.30972222222222223
2 0.0796875 0.07291666666666667 0.14375 0.14583333333333334
2 0.35625 0.1486111111111111 0.1734375 0.2972222222222222
2 0.323828125 0.42569444444444443 0.17890625 0.2847222222222222
2 0.32734375 0.6833333333333333 0.1734375 0.2722222222222222
2 0.18046875 0.35 0.1734375 0.37777777777777777