1 0.62734375 0.6722222222222223 0.078125 0.15
1 0.37578125 0.5229166666666667 0.0671875 0.14305555555555555
1 0.611328125 0.9159722222222222 0.09609375 0.15138888888888888
0 0.02734375 0.7041666666666667 0.0234375 0.05277777777777778
1 0.36328125 0.9597222222222223 0.08125 0.075
1 0.52421875 0.2881944444444444 0.0828125 0.14305555555555555
1 0.015234375 0.05694444444444444 0.03046875 0.10555555555555556
1 0.58828125 0.9527777777777777 0.0890625 0.08888888888888889
1 0.01328125 0.7666666666666667 0.0265625 0.16944444444444445
1 0.98828125 0.65625 0.021875 0.15138888888888888
0 0.62578125 0.29791666666666666 0.028125 0.05416666666666667
0 0.291796875 0.6388888888888888 0.02578125 0.044444444444444446
0 0.108203125 0.5708333333333333 0.02734375 0.05277777777777778
1 0.8328125 0.5770833333333333 0.0828125 0.13194444444444445
1 0.0171875 0.5131944444444444 0.034375 0.1486111111111111
1 0.184375 0.6006944444444444 0.0875 0.14583333333333334
0 0.97265625 0.25763888888888886 0.0375 0.06805555555555555
1 0.9234375 0.04722222222222222 0.0796875 0.08888888888888889
1 0.30546875 0.8270833333333333 0.078125 0.1375
0 0.65703125 0.5743055555555555 0.0328125 0.07083333333333333
1 0.399609375 0.5083333333333333 0.07421875 0.15
0 0.39375 0.6263888888888889 0.025 0.05555555555555555
1 0.26171875 0.1701388888888889 0.075 0.13194444444444445
1 0.175 0.05555555555555555 0.0890625 0.10555555555555556
0 0.362890625 0.8222222222222222 0.03515625 0.05277777777777778
1 0.798046875 0.4597222222222222 0.07578125 0.1361111111111111
1 0.062109375 0.9041666666666667 0.07890625 0.14722222222222223
1 0.82578125 0.2777777777777778 0.084375 0.175
1 0.430859375 0.31666666666666665 0.08828125 0.16111111111111112
1 0.762890625 0.9138888888888889 0.10078125 0.16111111111111112
1 0.44375 0.9097222222222222 0.1125 0.16944444444444445
1 0.44765625 0.4930555555555556 0.078125 0.14166666666666666
1 0.726171875 0.5868055555555556 0.08828125 0.1486111111111111
1 0.971875 0.38819444444444445 0.0546875 0.1597222222222222
1 0.95625 0.5576388888888889 0.084375 0.14305555555555555
1 0.57421875 0.5486111111111112 0.0796875 0.14444444444444443
1 0.66171875 0.6944444444444444 0.0765625 0.14444444444444443
1 0.63125 0.06458333333333334 0.0875 0.12361111111111112
1 0.96875 0.14652777777777778 0.0625 0.15694444444444444
1 0.258203125 0.5319444444444444 0.07890625 0.1361111111111111
1 0.690625 0.8638888888888889 0.084375 0.15555555555555556
1 0.15703125 0.6555555555555556 0.0828125 0.1527777777777778
1 0.32109375 0.075 0.0828125 0.1388888888888889
1 0.2453125 0.7194444444444444 0.0921875 0.15555555555555556
1 0.5359375 0.06875 0.0765625 0.1375
1 0.327734375 0.73125 0.07890625 0.15138888888888888
1 0.88984375 0.6430555555555556 0.084375 0.1527777777777778
1 0.0375 0.3861111111111111 0.075 0.15
1 0.45546875 0.10902777777777778 0.0890625 0.1625
1 0.35390625 0.23680555555555555 0.0890625 0.1486111111111111
1 0.9484375 0.8930555555555556 0.0984375 0.16944444444444445
1 0.074609375 0.6618055555555555 0.08046875 0.14027777777777778
1 0.826953125 0.6888888888888889 0.07890625 0.1388888888888889
1 0.21796875 0.8673611111111111 0.0875 0.15416666666666667
1 0.33515625 0.5465277777777777 0.075 0.1375
1 0.65625 0.1951388888888889 0.08125 0.14305555555555555
1 0.81484375 0.1111111111111111 0.0796875 0.14722222222222223
1 0.130078125 0.8222222222222222 0.08359375 0.15555555555555556
1 0.103515625 0.46805555555555556 0.08046875 0.14722222222222223
1 0.9140625 0.31180555555555556 0.0921875 0.1597222222222222
1 0.475 0.6527777777777778 0.0875 0.12777777777777777
1 0.6296875 0.41180555555555554 0.0859375 0.15416666666666667
1 0.054296875 0.20277777777777778 0.08671875 0.16111111111111112
1 0.1421875 0.2 0.0875 0.14166666666666666
1 0.7296875 0.11458333333333333 0.090625 0.14583333333333334
1 0.54765625 0.2111111111111111 0.0828125 0.14444444444444443
1 0.74453125 0.7402777777777778 0.0890625 0.1527777777777778
1 0.7171875 0.4388888888888889 0.090625 0.15
1 0.740625 0.2951388888888889 0.0828125 0.14583333333333334
1 0.496875 0.7888888888888889 0.1 0.1527777777777778
1 0.89140625 0.15902777777777777 0.0890625 0.15416666666666667
2 0.19609375 0.3625 0.13125 0.2361111111111111