0 0.6 0.1486111111111111 0.078125 0.12777777777777777
0 0.028515625 0.5604166666666667 0.05703125 0.12361111111111112
0 0.28359375 0.7347222222222223 0.09375 0.1527777777777778
1 0.20703125 0.9222222222222223 0.08125 0.1388888888888889
1 0.09296875 0.44027777777777777 0.0796875 0.11944444444444445
2 0.107421875 0.8513888888888889 0.07890625 0.1527777777777778
1 0.22421875 0.09166666666666666 0.0765625 0.1361111111111111
2 0.181640625 0.7305555555555555 0.08359375 0.13333333333333333
1 0.285546875 0.7354166666666667 0.08984375 0.15138888888888888
0 0.9296875 0.06180555555555556 0.0953125 0.11805555555555555
0 0.2234375 0.09305555555555556 0.075 0.1361111111111111
0 0.09140625 0.33541666666666664 0.0671875 0.1125
1 0.884375 0.9270833333333334 0.084375 0.13194444444444445
0 0.4328125 0.8097222222222222 0.084375 0.14722222222222223
0 0.416796875 0.04027777777777778 0.07890625 0.075
0 0.8109375 0.4215277777777778 0.0625 0.14027777777777778
1 0.409375 0.5993055555555555 0.078125 0.14583333333333334
1 0.07890625 0.17569444444444443 0.1015625 0.16805555555555557
1 0.0484375 0.06597222222222222 0.096875 0.13194444444444445
0 0.99296875 0.4861111111111111 0.0140625 0.11666666666666667
2 0.029296875 0.5618055555555556 0.05859375 0.12916666666666668
1 0.4046875 0.14930555555555555 0.078125 0.13472222222222222
1 0.46796875 0.49027777777777776 0.0828125 0.15555555555555556
2 0.2078125 0.9180555555555555 0.0859375 0.1527777777777778
2 0.18671875 0.5798611111111112 0.078125 0.13194444444444445
0 0.20625 0.9208333333333333 0.08125 0.1527777777777778
0 0.41875 0.3541666666666667 0.084375 0.14166666666666666
2 0.9703125 0.7819444444444444 0.059375 0.3138888888888889
1 0.03515625 0.8701388888888889 0.06875 0.1375
1 0.187109375 0.5791666666666667 0.07734375 0.1361111111111111
1 0.97109375 0.7798611111111111 0.0578125 0.30416666666666664
0 0.4046875 0.15138888888888888 0.08125 0.12777777777777777
0 0.180859375 0.7298611111111111 0.08359375 0.12916666666666668
1 0.1078125 0.85 0.08125 0.15
1 0.36171875 0.46319444444444446 0.0640625 0.11805555555555555
1 0.8109375 0.42083333333333334 0.065625 0.1388888888888889
0 0.601953125 0.6048611111111111 0.06796875 0.1125
1 0.030078125 0.5618055555555556 0.05859375 0.12638888888888888
1 0.43359375 0.8111111111111111 0.0828125 0.14444444444444443
1 0.86171875 0.41805555555555557 0.075 0.13055555555555556
1 0.5203125 0.9319444444444445 0.084375 0.125
1 0.6671875 0.7152777777777778 0.0875 0.1527777777777778
0 0.8734375 0.8201388888888889 0.0765625 0.12638888888888888
1 0.7359375 0.9291666666666667 0.075 0.1361111111111111
2 0.66171875 0.34652777777777777 0.0890625 0.1875
2 0.023046875 0.35138888888888886 0.04609375 0.1638888888888889
0 0.95625 0.6069444444444444 0.084375 0.14166666666666666
2 0.66875 0.7138888888888889 0.09375 0.16111111111111112
2 0.051171875 0.06736111111111111 0.10078125 0.12916666666666668
0 0.66015625 0.3486111111111111 0.0921875 0.19166666666666668
1 0.724609375 0.5833333333333334 0.06640625 0.12777777777777777
0 0.553125 0.5027777777777778 0.075 0.1361111111111111
1 0.669921875 0.55625 0.06484375 0.12916666666666668
0 0.859375 0.5402777777777777 0.0734375 0.1361111111111111
2 0.4203125 0.3541666666666667 0.0875 0.14722222222222223
0 0.336328125 0.58125 0.07578125 0.13194444444444445
2 0.56953125 0.8104166666666667 0.0890625 0.15138888888888888