1 0.4796875 0.13402777777777777 0.071875 0.12638888888888888
1 0.224609375 0.9520833333333333 0.07890625 0.09027777777777778
1 0.473828125 0.7 0.07734375 0.1388888888888889
1 0.4140625 0.2972222222222222 0.08125 0.15833333333333333
1 0.387890625 0.03819444444444445 0.08203125 0.07361111111111111
1 0.99140625 0.10347222222222222 0.0171875 0.17916666666666667
1 0.8921875 0.9319444444444445 0.084375 0.1361111111111111
1 0.130859375 0.5423611111111111 0.07578125 0.12361111111111112
1 0.016796875 0.17708333333333334 0.03359375 0.15138888888888888
1 0.55625 0.7006944444444444 0.075 0.14583333333333334
1 0.189453125 0.2375 0.07265625 0.13055555555555556
1 0.06953125 0.7888888888888889 0.0796875 0.15555555555555556
1 0.28125 0.04027777777777778 0.090625 0.07777777777777778
1 0.0953125 0.23472222222222222 0.0703125 0.1527777777777778
1 0.351953125 0.6861111111111111 0.08203125 0.14444444444444443
1 0.575 0.9416666666666667 0.08125 0.1111111111111111
1 0.01953125 0.7284722222222222 0.0390625 0.1597222222222222
1 0.58359375 0.04652777777777778 0.0765625 0.09027777777777778
1 0.0546875 0.0763888888888889 0.090625 0.14722222222222223
1 0.148828125 0.9236111111111112 0.08515625 0.14166666666666666
1 0.342578125 0.3972222222222222 0.07421875 0.12777777777777777
1 0.03203125 0.3159722222222222 0.0640625 0.14583333333333334
1 0.0390625 0.47291666666666665 0.078125 0.10972222222222222
1 0.978125 0.6972222222222222 0.0421875 0.15555555555555556
1 0.38828125 0.8347222222222223 0.0796875 0.1388888888888889
1 0.812890625 0.9263888888888889 0.08203125 0.14166666666666666
1 0.176953125 0.09444444444444444 0.08359375 0.14444444444444443
1 0.1578125 0.29791666666666666 0.071875 0.1375
1 0.97890625 0.8791666666666667 0.0421875 0.15833333333333333
1 0.134375 0.6833333333333333 0.0828125 0.15555555555555556
1 0.50703125 0.0798611111111111 0.0859375 0.14305555555555555
1 0.389453125 0.6743055555555556 0.08671875 0.15694444444444444
1 0.04765625 0.6027777777777777 0.0953125 0.14444444444444443
1 0.9546875 0.37777777777777777 0.0859375 0.1388888888888889
1 0.8296875 0.05694444444444444 0.0828125 0.1111111111111111
1 0.557421875 0.4527777777777778 0.08203125 0.14166666666666666
1 0.2203125 0.7208333333333333 0.090625 0.1638888888888889
1 0.32578125 0.5451388888888888 0.0890625 0.1597222222222222
1 0.73046875 0.9263888888888889 0.0859375 0.14166666666666666
1 0.766796875 0.14166666666666666 0.08046875 0.14444444444444443
1 0.4515625 0.25416666666666665 0.08125 0.13333333333333333
1 0.91875 0.06805555555555555 0.0921875 0.13055555555555556
1 0.30625 0.27152777777777776 0.084375 0.15138888888888888
1 0.3578125 0.13958333333333334 0.0875 0.1486111111111111
1 0.47265625 0.6055555555555555 0.0828125 0.14444444444444443
1 0.543359375 0.22013888888888888 0.08203125 0.14305555555555555
1 0.6859375 0.3993055555555556 0.084375 0.15138888888888888
1 0.4671875 0.8819444444444444 0.0875 0.14722222222222223
1 0.653125 0.09097222222222222 0.084375 0.1597222222222222
1 0.88984375 0.30277777777777776 0.084375 0.16111111111111112
2 0.22890625 0.46111111111111114 0.1375 0.19722222222222222
1 0.823828125 0.17777777777777778 0.08828125 0.1388888888888889
1 0.746875 0.3076388888888889 0.08125 0.14583333333333334
1 0.693359375 0.20347222222222222 0.07109375 0.1375
1 0.38359375 0.44027777777777777 0.0765625 0.13055555555555556
1 0.603125 0.32569444444444445 0.084375 0.15138888888888888
1 0.769921875 0.6833333333333333 0.08671875 0.15555555555555556
1 0.85234375 0.7229166666666667 0.084375 0.15416666666666667
1 0.636328125 0.5131944444444444 0.07734375 0.13472222222222222
1 0.57109375 0.6138888888888889 0.08125 0.1388888888888889
1 0.93125 0.7847222222222222 0.08125 0.14722222222222223
1 0.6953125 0.8013888888888889 0.078125 0.1388888888888889
1 0.80859375 0.3104166666666667 0.0765625 0.15138888888888888
1 0.628125 0.7451388888888889 0.08125 0.15694444444444444
1 0.688671875 0.6222222222222222 0.08203125 0.14444444444444443
1 0.88125 0.5652777777777778 0.084375 0.16944444444444445