1 0.48359375 0.25069444444444444 0.0796875 0.14583333333333334
1 0.56328125 0.4638888888888889 0.0859375 0.17777777777777778
2 0.08046875 0.24097222222222223 0.0640625 0.1486111111111111
0 0.99296875 0.22361111111111112 0.0140625 0.14722222222222223
0 0.009375 0.5041666666666667 0.01875 0.18611111111111112
1 0.01015625 0.4986111111111111 0.01875 0.2222222222222222
2 0.318359375 0.2916666666666667 0.63046875 0.5833333333333334
1 0.658984375 0.13055555555555556 0.08515625 0.13333333333333333
2 0.771875 0.5118055555555555 0.45625 0.9763888888888889
2 0.2828125 0.25069444444444444 0.1203125 0.14583333333333334
2 0.565234375 0.4576388888888889 0.08828125 0.19027777777777777
2 0.01875 0.09513888888888888 0.0375 0.1875
0 0.01875 0.09027777777777778 0.0375 0.175
0 0.063671875 0.5555555555555556 0.02734375 0.05277777777777778
0 0.610546875 0.5548611111111111 0.03671875 0.07361111111111111
0 0.151171875 0.09930555555555555 0.08671875 0.12916666666666668
1 0.15078125 0.09861111111111111 0.0828125 0.1361111111111111
1 0.080078125 0.2423611111111111 0.06484375 0.14583333333333334
1 0.205078125 0.6347222222222222 0.08515625 0.18611111111111112
0 0.39609375 0.7791666666666667 0.1078125 0.20833333333333334
0 0.590625 0.011111111111111112 0.0375 0.022222222222222223
1 0.9125 0.3902777777777778 0.08125 0.1638888888888889
2 0.134375 0.24930555555555556 0.075 0.15416666666666667
1 0.2796875 0.2513888888888889 0.078125 0.1527777777777778
1 0.671875 0.5388888888888889 0.0890625 0.15
1 0.318359375 0.23680555555555555 0.06328125 0.1375
1 0.373046875 0.25625 0.06953125 0.1375
1 0.082421875 0.4222222222222222 0.08203125 0.19166666666666668
2 0.40078125 0.075 0.1046875 0.14444444444444443
1 0.83203125 0.19305555555555556 0.1 0.16666666666666666
2 0.739453125 0.7763888888888889 0.10234375 0.16944444444444445
2 0.3953125 0.775 0.109375 0.2111111111111111
0 0.098046875 0.625 0.02734375 0.044444444444444446
2 0.040234375 0.8055555555555556 0.08046875 0.16944444444444445
0 0.890625 0.15 0.0296875 0.05277777777777778
2 0.62109375 0.7291666666666666 0.1078125 0.21666666666666667
1 0.26328125 0.7006944444444444 0.0859375 0.1597222222222222
1 0.71171875 0.07013888888888889 0.0890625 0.13194444444444445
1 0.9609375 0.3819444444444444 0.0765625 0.15555555555555556
1 0.224609375 0.3402777777777778 0.08671875 0.14722222222222223
1 0.398828125 0.07430555555555556 0.10234375 0.14305555555555555
2 0.251171875 0.05416666666666667 0.08515625 0.10555555555555556
0 0.417578125 0.1763888888888889 0.03984375 0.06111111111111111
1 0.130859375 0.24930555555555556 0.07578125 0.15416666666666667
1 0.173046875 0.47638888888888886 0.07578125 0.14166666666666666
1 0.48515625 0.5006944444444444 0.0953125 0.18194444444444444
1 0.540234375 0.07430555555555556 0.08671875 0.1375
1 0.044921875 0.6569444444444444 0.08671875 0.14722222222222223
2 0.083984375 0.42083333333333334 0.08359375 0.19166666666666668
1 0.286328125 0.8652777777777778 0.08984375 0.1527777777777778
1 0.3671875 0.4041666666666667 0.0875 0.15833333333333333
2 0.135546875 0.7645833333333333 0.10390625 0.18472222222222223
2 0.718359375 0.3215277777777778 0.16796875 0.2875