0 0.254296875 0.5263888888888889 0.08359375 0.1527777777777778
2 0.594140625 0.7361111111111112 0.08515625 0.1527777777777778
0 0.6734375 0.14166666666666666 0.071875 0.11388888888888889
0 0.5953125 0.7395833333333334 0.0875 0.15138888888888888
2 0.5921875 0.5 0.815625 1
1 0.131640625 0.05277777777777778 0.09453125 0.10555555555555556
0 0.0109375 0.6451388888888889 0.021875 0.1986111111111111
1 0.10234375 0.6208333333333333 0.071875 0.18611111111111112
0 0.173828125 0.15694444444444444 0.07578125 0.13055555555555556
1 0.41015625 0.5326388888888889 0.0703125 0.10694444444444444
0 0.35546875 0.4027777777777778 0.0640625 0.09444444444444444
1 0.6765625 0.8361111111111111 0.08125 0.1388888888888889
1 0.064453125 0.11875 0.08046875 0.12916666666666668
2 0.601953125 0.46875 0.06640625 0.12638888888888888
1 0.251953125 0.5215277777777778 0.08359375 0.15694444444444444
0 0.5828125 0.18958333333333333 0.03125 0.05694444444444444
0 0.409375 0.5333333333333333 0.06875 0.1111111111111111
1 0.61171875 0.2722222222222222 0.08125 0.1111111111111111
1 0.47109375 0.4722222222222222 0.0609375 0.125
1 0.35546875 0.4013888888888889 0.0640625 0.09722222222222222
1 0.78828125 0.23472222222222222 0.0734375 0.13333333333333333
1 0.54609375 0.59375 0.065625 0.12083333333333333
2 0.53359375 0.9263888888888889 0.1109375 0.13055555555555556
1 0.5296875 0.47291666666666665 0.065625 0.12916666666666668
0 0.61171875 0.27291666666666664 0.0828125 0.10972222222222222
1 0.332421875 0.6895833333333333 0.08359375 0.14305555555555555
1 0.59375 0.7388888888888889 0.084375 0.1527777777777778
1 0.1734375 0.15625 0.0734375 0.12638888888888888
0 0.331640625 0.5270833333333333 0.07265625 0.11805555555555555
1 0.734375 0.4666666666666667 0.0890625 0.14166666666666666
1 0.33203125 0.5256944444444445 0.0734375 0.1125
1 0.71171875 0.23194444444444445 0.0671875 0.11388888888888889
1 0.023828125 0.33541666666666664 0.04609375 0.12361111111111112
0 0.40625 0.1763888888888889 0.0375 0.06388888888888888
0 0.469140625 0.4736111111111111 0.06171875 0.11666666666666667
0 0.18671875 0.29444444444444445 0.0703125 0.12777777777777777
2 0.334765625 0.6861111111111111 0.08828125 0.1388888888888889
0 0.77734375 0.3576388888888889 0.071875 0.12361111111111112
0 0.71015625 0.23402777777777778 0.0671875 0.10972222222222222
0 0.64921875 0.3888888888888889 0.0734375 0.12777777777777777
1 0.479296875 0.2548611111111111 0.06953125 0.13472222222222222
2 0.51328125 0.07361111111111111 0.1078125 0.14722222222222223
0 0.86328125 0.3125 0.075 0.1361111111111111
1 0.509375 0.07222222222222222 0.0953125 0.14444444444444443
0 0.789453125 0.23541666666666666 0.07265625 0.13472222222222222
2 0.617578125 0.2701388888888889 0.11796875 0.1125
0 0.062890625 0.32916666666666666 0.07109375 0.11944444444444445
0 0.408203125 0.6402777777777777 0.06953125 0.11388888888888889
1 0.50625 0.7875 0.06875 0.1361111111111111
0 0.60078125 0.46875 0.0703125 0.12083333333333333
0 0.8015625 0.04791666666666667 0.071875 0.09027777777777778
0 0.88359375 0.5090277777777777 0.08125 0.12916666666666668
2 0.187890625 0.29375 0.07421875 0.12361111111111112
2 0.066015625 0.11805555555555555 0.08203125 0.13055555555555556
0 0.229296875 0.25555555555555554 0.03046875 0.04722222222222222
0 0.1 0.8013888888888889 0.0765625 0.14166666666666666
0 0.43359375 0.8965277777777778 0.0734375 0.11805555555555555
0 0.9359375 0.23680555555555555 0.0828125 0.1486111111111111
0 0.775 0.65 0.075 0.14444444444444443
0 0.0296875 0.6125 0.040625 0.06944444444444445
2 0.133203125 0.05138888888888889 0.09453125 0.10277777777777777
0 0.86796875 0.06458333333333334 0.0625 0.12916666666666668
2 0.25546875 0.5180555555555556 0.090625 0.15555555555555556
0 0.22265625 0.19930555555555557 0.03125 0.0625
0 0.54609375 0.59375 0.0640625 0.12361111111111112
1 0.42421875 0.3611111111111111 0.0765625 0.14444444444444443
1 0.96328125 0.5013888888888889 0.071875 0.1527777777777778
0 0.02890625 0.8208333333333333 0.0578125 0.11944444444444445
0 0.2734375 0.06736111111111111 0.075 0.12361111111111112
0 0.09375 0.22291666666666668 0.065625 0.10972222222222222
1 0.362890625 0.27708333333333335 0.10546875 0.1486111111111111