1 0.5296875 0.0125 0.065625 0.025
1 0.144921875 0.31527777777777777 0.28984375 0.6305555555555555
1 0.869921875 0.7180555555555556 0.26015625 0.5638888888888889
1 0.873046875 0.23541666666666666 0.25390625 0.4708333333333333
1 0.60859375 0.9569444444444445 0.0890625 0.08611111111111111
1 0.2796875 0.4215277777777778 0.0953125 0.1625
1 0.045703125 0.03958333333333333 0.08984375 0.0763888888888889
1 0.018359375 0.45902777777777776 0.03671875 0.12916666666666668
1 0.719921875 0.029861111111111113 0.08828125 0.059722222222222225
1 0.95625 0.034027777777777775 0.084375 0.06527777777777778
1 0.356640625 0.03194444444444444 0.08359375 0.06111111111111111
1 0.026171875 0.5131944444444444 0.05234375 0.1597222222222222
1 0.01640625 0.8666666666666667 0.0328125 0.15555555555555556
0 0.16796875 0.0763888888888889 0.034375 0.06111111111111111
1 0.099609375 0.05555555555555555 0.07265625 0.10555555555555556
1 0.47734375 0.24097222222222223 0.0734375 0.1375
1 0.019140625 0.125 0.03828125 0.16944444444444445
1 0.67890625 0.7861111111111111 0.0671875 0.1388888888888889
0 0.821875 0.6055555555555555 0.025 0.044444444444444446
1 0.8421875 0.6819444444444445 0.078125 0.14444444444444443
1 0.9859375 0.6958333333333333 0.0265625 0.14166666666666666
1 0.125 0.7 0.078125 0.1388888888888889
1 0.9859375 0.8375 0.0265625 0.1527777777777778
1 0.984375 0.11805555555555555 0.03125 0.14444444444444443
1 0.676953125 0.10833333333333334 0.07265625 0.13333333333333333
1 0.49921875 0.2222222222222222 0.0703125 0.15
1 0.86953125 0.9506944444444444 0.0859375 0.09027777777777778
1 0.5796875 0.5263888888888889 0.0796875 0.15833333333333333
1 0.791796875 0.36527777777777776 0.06484375 0.14444444444444443
1 0.5078125 0.6 0.078125 0.13333333333333333
1 0.28046875 0.04861111111111111 0.0765625 0.09722222222222222
0 0.35546875 0.7472222222222222 0.0390625 0.06666666666666667
1 0.9734375 0.5034722222222222 0.053125 0.14305555555555555
1 0.7078125 0.8222222222222222 0.078125 0.1388888888888889
1 0.95546875 0.5923611111111111 0.084375 0.14583333333333334
1 0.30078125 0.36666666666666664 0.0828125 0.14166666666666666
1 0.64453125 0.07013888888888889 0.0796875 0.1375
1 0.21953125 0.9402777777777778 0.0796875 0.10833333333333334
1 0.51640625 0.6763888888888889 0.0765625 0.1361111111111111
1 0.055078125 0.6805555555555556 0.09609375 0.14722222222222223
1 0.046484375 0.3368055555555556 0.08203125 0.1486111111111111
1 0.74921875 0.22777777777777777 0.0859375 0.15
1 0.8671875 0.10972222222222222 0.084375 0.15
1 0.49453125 0.08055555555555556 0.0765625 0.1361111111111111
1 0.9578125 0.36944444444444446 0.0828125 0.14444444444444443
1 0.40859375 0.14930555555555555 0.0984375 0.20694444444444443
1 0.89765625 0.25625 0.0921875 0.14305555555555555
1 0.37421875 0.3159722222222222 0.0796875 0.14027777777777778
1 0.783984375 0.08680555555555555 0.08046875 0.1597222222222222
1 0.133203125 0.19236111111111112 0.08671875 0.15694444444444444
1 0.11328125 0.5451388888888888 0.090625 0.1597222222222222
1 0.88515625 0.66875 0.0765625 0.15138888888888888
1 0.3390625 0.5201388888888889 0.0796875 0.15138888888888888
1 0.517578125 0.40902777777777777 0.08984375 0.14583333333333334
1 0.1375 0.9083333333333333 0.0921875 0.1638888888888889
1 0.68125 0.4722222222222222 0.084375 0.1527777777777778
1 0.206640625 0.79375 0.11328125 0.12638888888888888
1 0.40625 0.4465277777777778 0.078125 0.1375
1 0.223828125 0.13125 0.08359375 0.15694444444444444
1 0.59765625 0.7076388888888889 0.0859375 0.14027777777777778
1 0.44765625 0.7291666666666666 0.0734375 0.14166666666666666
1 0.4 0.6083333333333333 0.0828125 0.14444444444444443
1 0.784375 0.8958333333333334 0.08125 0.1527777777777778
1 0.61171875 0.8458333333333333 0.0828125 0.1361111111111111
1 0.32734375 0.17083333333333334 0.0765625 0.14722222222222223
1 0.188671875 0.6458333333333334 0.10390625 0.15833333333333333
1 0.62109375 0.56875 0.0828125 0.14583333333333334
1 0.127734375 0.3472222222222222 0.08359375 0.15
1 0.39453125 0.8340277777777778 0.0859375 0.14583333333333334
1 0.296484375 0.8847222222222222 0.09140625 0.14166666666666666
1 0.81640625 0.5111111111111111 0.0921875 0.1388888888888889
2 0.61640625 0.28194444444444444 0.1859375 0.275