1 0.8421875 0.02847222222222222 0.075 0.05416666666666667
1 0.696875 0.03819444444444445 0.06875 0.07361111111111111
1 0.6203125 0.5118055555555555 0.075 0.13472222222222222
1 0.2171875 0.027083333333333334 0.071875 0.05138888888888889
1 0.0109375 0.14930555555555555 0.021875 0.1486111111111111
1 0.261328125 0.08958333333333333 0.06796875 0.1375
1 0.98984375 0.3111111111111111 0.0203125 0.16111111111111112
1 0.022265625 0.9034722222222222 0.04453125 0.1375
1 0.76875 0.08819444444444445 0.0671875 0.12916666666666668
1 0.9859375 0.7805555555555556 0.028125 0.16666666666666666
0 0.50078125 0.18125 0.0234375 0.04861111111111111
1 0.27734375 0.2951388888888889 0.059375 0.12638888888888888
1 0.504296875 0.9513888888888888 0.07578125 0.09722222222222222
1 0.42734375 0.04513888888888889 0.0734375 0.08472222222222223
1 0.371484375 0.8541666666666666 0.08359375 0.1361111111111111
1 0.96796875 0.7104166666666667 0.0625 0.14305555555555555
1 0.37109375 0.6284722222222222 0.0640625 0.12638888888888888
1 0.97109375 0.25972222222222224 0.0578125 0.1388888888888889
1 0.635546875 0.11736111111111111 0.07109375 0.12361111111111112
1 0.791015625 0.5180555555555556 0.07421875 0.1388888888888889
1 0.68984375 0.9006944444444445 0.0609375 0.12638888888888888
1 0.02421875 0.6513888888888889 0.0484375 0.14166666666666666
1 0.159375 0.34444444444444444 0.0703125 0.14444444444444443
1 0.359375 0.9277777777777778 0.0765625 0.13333333333333333
1 0.53203125 0.0875 0.0765625 0.13333333333333333
1 0.85703125 0.90625 0.08125 0.12638888888888888
1 0.63203125 0.6597222222222222 0.0796875 0.13333333333333333
1 0.108203125 0.3402777777777778 0.06796875 0.1361111111111111
1 0.50390625 0.4041666666666667 0.059375 0.09722222222222222
1 0.89921875 0.07847222222222222 0.0828125 0.13472222222222222
1 0.023828125 0.4152777777777778 0.04765625 0.14166666666666666
1 0.67890625 0.7736111111111111 0.0734375 0.11388888888888889
1 0.312109375 0.30833333333333335 0.06796875 0.15
1 0.230859375 0.9333333333333333 0.07734375 0.125
1 0.970703125 0.10347222222222222 0.05859375 0.14305555555555555
1 0.6125 0.8340277777777778 0.0734375 0.12916666666666668
1 0.466015625 0.3993055555555556 0.06171875 0.12916666666666668
1 0.11328125 0.4701388888888889 0.0734375 0.14027777777777778
1 0.590625 0.07291666666666667 0.084375 0.13194444444444445
1 0.3921875 0.40625 0.06875 0.12083333333333333
1 0.035546875 0.7777777777777778 0.06953125 0.12777777777777777
1 0.89296875 0.21388888888888888 0.0671875 0.13055555555555556
1 0.776953125 0.23333333333333334 0.06953125 0.14166666666666666
1 0.202734375 0.20972222222222223 0.08359375 0.11666666666666667
1 0.303515625 0.11458333333333333 0.08359375 0.12083333333333333
1 0.671875 0.5222222222222223 0.071875 0.125
1 0.271484375 0.6263888888888889 0.07265625 0.125
1 0.729296875 0.4444444444444444 0.07109375 0.1388888888888889
1 0.530078125 0.8347222222222223 0.06796875 0.14722222222222223
1 0.85546875 0.32430555555555557 0.075 0.12083333333333333
1 0.7296875 0.8854166666666666 0.065625 0.12083333333333333
1 0.46015625 0.5409722222222222 0.0734375 0.13472222222222222
1 0.8109375 0.11180555555555556 0.075 0.13194444444444445
1 0.87265625 0.775 0.0703125 0.13055555555555556
1 0.71015625 0.6388888888888888 0.075 0.15
1 0.184765625 0.4076388888888889 0.06484375 0.12916666666666668
1 0.10703125 0.17222222222222222 0.08125 0.14444444444444443
1 0.231640625 0.5256944444444445 0.08515625 0.13194444444444445
1 0.146875 0.5319444444444444 0.0828125 0.1361111111111111
1 0.33515625 0.6881944444444444 0.078125 0.14027777777777778
1 0.788671875 0.6541666666666667 0.08359375 0.125
1 0.5140625 0.6868055555555556 0.08125 0.14027777777777778
1 0.828515625 0.44027777777777777 0.08515625 0.1361111111111111
1 0.43125 0.24861111111111112 0.08125 0.14444444444444443
1 0.041015625 0.24027777777777778 0.06796875 0.13055555555555556
1 0.4359375 0.6847222222222222 0.071875 0.13055555555555556
1 0.509375 0.28541666666666665 0.078125 0.13194444444444445
1 0.457421875 0.075 0.06328125 0.12777777777777777
2 0.669140625 0.3229166666666667 0.12265625 0.20972222222222223