1 0.01015625 0.8597222222222223 0.0203125 0.125
1 0.048828125 0.8847222222222222 0.06953125 0.11944444444444445
1 0.62265625 0.01597222222222222 0.0609375 0.03194444444444444
1 0.062890625 0.9708333333333333 0.07421875 0.05555555555555555
1 0.69296875 0.01875 0.0859375 0.0375
0 0.994921875 0.16597222222222222 0.01015625 0.09583333333333334
1 0.78125 0.018055555555555554 0.078125 0.03611111111111111
0 0.36484375 0.25 0.0359375 0.05277777777777778
1 0.0890625 0.021527777777777778 0.078125 0.043055555555555555
1 0.217578125 0.9548611111111112 0.06015625 0.08472222222222223
1 0.434375 0.9666666666666667 0.06875 0.06111111111111111
1 0.009375 0.37083333333333335 0.01875 0.14166666666666666
1 0.6046875 0.38472222222222224 0.06875 0.10833333333333334
1 0.134375 0.9569444444444445 0.071875 0.075
1 0.278125 0.9666666666666667 0.065625 0.06111111111111111
1 0.0265625 0.02361111111111111 0.053125 0.04722222222222222
1 0.965625 0.03958333333333333 0.0671875 0.0763888888888889
1 0.0640625 0.6319444444444444 0.059375 0.10833333333333334
1 0.98125 0.6152777777777778 0.0375 0.11944444444444445
1 0.659375 0.19444444444444445 0.059375 0.09444444444444444
1 0.605859375 0.46111111111111114 0.07734375 0.10833333333333334
1 0.01953125 0.48819444444444443 0.0390625 0.10138888888888889
1 0.66328125 0.0798611111111111 0.06875 0.10694444444444444
1 0.84609375 0.32013888888888886 0.0703125 0.11805555555555555
1 0.978125 0.4597222222222222 0.0421875 0.125
1 0.8171875 0.7694444444444445 0.06875 0.1111111111111111
1 0.3203125 0.3277777777777778 0.071875 0.125
1 0.58359375 0.2763888888888889 0.071875 0.11666666666666667
1 0.21875 0.7270833333333333 0.071875 0.12638888888888888
1 0.81328125 0.8576388888888888 0.06875 0.11805555555555555
1 0.91171875 0.6055555555555555 0.071875 0.11388888888888889
1 0.757421875 0.26458333333333334 0.06171875 0.12361111111111112
1 0.122265625 0.14583333333333334 0.06328125 0.12222222222222222
1 0.3015625 0.3923611111111111 0.078125 0.12361111111111112
1 0.23359375 0.3486111111111111 0.0640625 0.125
1 0.022265625 0.7180555555555556 0.04453125 0.13333333333333333
1 0.7 0.6736111111111112 0.071875 0.13055555555555556
1 0.58671875 0.20416666666666666 0.0609375 0.10277777777777777
1 0.93984375 0.5236111111111111 0.0703125 0.11944444444444445
1 0.50234375 0.9333333333333333 0.0703125 0.11666666666666667
1 0.08203125 0.10555555555555556 0.075 0.11944444444444445
1 0.2984375 0.6930555555555555 0.065625 0.125
1 0.145703125 0.6347222222222222 0.07265625 0.11944444444444445
1 0.88046875 0.4305555555555556 0.06875 0.12777777777777777
1 0.82109375 0.24861111111111112 0.0640625 0.1388888888888889
1 0.9515625 0.7791666666666667 0.0796875 0.10833333333333334
1 0.6109375 0.9375 0.071875 0.11944444444444445
1 0.3125 0.8333333333333334 0.06875 0.13333333333333333
1 0.875 0.07777777777777778 0.0640625 0.13333333333333333
1 0.38203125 0.37916666666666665 0.0640625 0.11388888888888889
1 0.89140625 0.22916666666666666 0.0703125 0.11388888888888889
1 0.85625 0.6631944444444444 0.0765625 0.1375
1 0.507421875 0.30625 0.08359375 0.12638888888888888
1 0.711328125 0.26319444444444445 0.06953125 0.13194444444444445
1 0.54609375 0.8416666666666667 0.071875 0.12222222222222222
1 0.50625 0.5854166666666667 0.0609375 0.12361111111111112
1 0.0546875 0.38263888888888886 0.065625 0.12361111111111112
1 0.680859375 0.9368055555555556 0.06484375 0.12361111111111112
1 0.9171875 0.3888888888888889 0.065625 0.12222222222222222
1 0.18359375 0.16527777777777777 0.0765625 0.11666666666666667
1 0.425 0.47708333333333336 0.071875 0.12083333333333333
1 0.24140625 0.4722222222222222 0.0734375 0.1111111111111111
1 0.393359375 0.7326388888888888 0.06640625 0.11805555555555555
1 0.4890625 0.7680555555555556 0.0625 0.1361111111111111
1 0.43984375 0.3159722222222222 0.0609375 0.15138888888888888
1 0.55703125 0.5638888888888889 0.065625 0.11666666666666667
1 0.8875 0.8666666666666667 0.075 0.13333333333333333
1 0.505859375 0.06875 0.07578125 0.11805555555555555
1 0.72578125 0.7805555555555556 0.0703125 0.12777777777777777
1 0.12578125 0.3416666666666667 0.075 0.10555555555555556
1 0.95390625 0.28541666666666665 0.0609375 0.11527777777777778
1 0.371484375 0.6006944444444444 0.06796875 0.12361111111111112
1 0.090234375 0.5145833333333333 0.07109375 0.1125
1 0.595703125 0.09652777777777778 0.06640625 0.12083333333333333
1 0.565234375 0.6784722222222223 0.06796875 0.12083333333333333
1 0.773046875 0.6430555555555556 0.07421875 0.11944444444444445
1 0.616796875 0.8152777777777778 0.07265625 0.11944444444444445
1 0.088671875 0.24583333333333332 0.08046875 0.11944444444444445
1 0.655078125 0.31875 0.06328125 0.14305555555555555
1 0.63046875 0.6972222222222222 0.0671875 0.13333333333333333
1 0.71640625 0.13680555555555557 0.075 0.10972222222222222
1 0.393359375 0.8597222222222223 0.06953125 0.13055555555555556
1 0.1828125 0.39791666666666664 0.0671875 0.13194444444444445
1 0.3171875 0.5201388888888889 0.075 0.12361111111111112
1 0.833203125 0.125 0.06953125 0.12777777777777777
1 0.282421875 0.09375 0.07890625 0.14027777777777778
1 0.357421875 0.06041666666666667 0.07109375 0.12083333333333333
1 0.40625 0.1638888888888889 0.065625 0.12777777777777777
1 0.498828125 0.4354166666666667 0.07734375 0.12916666666666668
1 0.7203125 0.39861111111111114 0.08125 0.1361111111111111
1 0.788671875 0.5284722222222222 0.06796875 0.12083333333333333
1 0.84140625 0.5256944444444445 0.0609375 0.13472222222222222