1 0.97734375 0.9708333333333333 0.04375 0.05277777777777778
1 0.708984375 0.024305555555555556 0.08984375 0.04861111111111111
1 0.096875 0.025694444444444443 0.0984375 0.04861111111111111
1 0.668359375 0.9513888888888888 0.11015625 0.09166666666666666
0 0.663671875 0.34097222222222223 0.03671875 0.07083333333333333
1 0.9875 0.8152777777777778 0.0234375 0.15833333333333333
1 0.75859375 0.775 0.0921875 0.15555555555555556
1 0.96328125 0.4305555555555556 0.0734375 0.16111111111111112
1 0.0203125 0.5666666666666667 0.0390625 0.16111111111111112
1 0.76796875 0.5597222222222222 0.0765625 0.11944444444444445
1 0.34375 0.05 0.1 0.09444444444444444
1 0.029296875 0.8777777777777778 0.05859375 0.17222222222222222
1 0.11015625 0.9 0.090625 0.15
1 0.80390625 0.9243055555555556 0.0859375 0.14027777777777778
1 0.96953125 0.25833333333333336 0.0609375 0.15
1 0.9140625 0.8604166666666667 0.0875 0.15416666666666667
1 0.212109375 0.07013888888888889 0.09453125 0.1375
1 0.300390625 0.5388888888888889 0.08515625 0.15
1 0.038671875 0.4284722222222222 0.07734375 0.17916666666666667
1 0.109765625 0.2076388888888889 0.08359375 0.14583333333333334
1 0.604296875 0.27152777777777776 0.08984375 0.15138888888888888
1 0.94296875 0.10972222222222222 0.0890625 0.15833333333333333
1 0.7046875 0.5125 0.08125 0.15833333333333333
1 0.853125 0.23680555555555555 0.084375 0.14027777777777778
1 0.441015625 0.38819444444444445 0.08671875 0.1486111111111111
1 0.660546875 0.8131944444444444 0.08203125 0.15138888888888888
1 0.90390625 0.39444444444444443 0.096875 0.15
1 0.298046875 0.1625 0.08515625 0.14722222222222223
1 0.065625 0.7145833333333333 0.1046875 0.16805555555555557
1 0.628515625 0.6222222222222222 0.08203125 0.1527777777777778
1 0.195703125 0.2590277777777778 0.09453125 0.14305555555555555
1 0.5484375 0.9222222222222223 0.0953125 0.15
1 0.40859375 0.5611111111111111 0.0828125 0.15833333333333333
1 0.5265625 0.08472222222222223 0.090625 0.16666666666666666
1 0.11328125 0.39375 0.090625 0.16527777777777777
1 0.723828125 0.6895833333333333 0.09453125 0.15138888888888888
1 0.343359375 0.8708333333333333 0.09921875 0.1638888888888889
1 0.1625 0.575 0.103125 0.15555555555555556
1 0.619140625 0.4395833333333333 0.08984375 0.14305555555555555
1 0.34765625 0.39305555555555555 0.0875 0.15555555555555556
1 0.8515625 0.7111111111111111 0.0796875 0.14444444444444443
1 0.74375 0.1388888888888889 0.096875 0.175
1 0.63828125 0.1076388888888889 0.0875 0.17916666666666667
1 0.445703125 0.8694444444444445 0.09609375 0.16111111111111112
1 0.94453125 0.6958333333333333 0.0921875 0.14722222222222223
1 0.8859375 0.5590277777777778 0.09375 0.14583333333333334
1 0.503515625 0.26180555555555557 0.09140625 0.15694444444444444
1 0.394140625 0.20833333333333334 0.09453125 0.16666666666666666