0 0.4015625 0.9173611111111111 0.028125 0.04027777777777778
1 0.211328125 0.07361111111111111 0.06640625 0.13055555555555556
0 0.8015625 0.19305555555555556 0.0203125 0.030555555555555555
0 0.688671875 0.575 0.02734375 0.05277777777777778
1 0.90390625 0.025694444444444443 0.0859375 0.04861111111111111
1 0.628515625 0.01875 0.07734375 0.0375
1 0.63046875 0.9555555555555556 0.08125 0.08888888888888889
0 0.728125 0.06319444444444444 0.021875 0.034722222222222224
1 0.02890625 0.05486111111111111 0.0578125 0.10972222222222222
1 0.9515625 0.42916666666666664 0.0546875 0.1361111111111111
0 0.86796875 0.6895833333333333 0.0296875 0.06527777777777778
1 0.96796875 0.9444444444444444 0.0625 0.10833333333333334
1 0.104296875 0.035416666666666666 0.07578125 0.06805555555555555
0 0.58203125 0.021527777777777778 0.0328125 0.043055555555555555
1 0.0984375 0.2791666666666667 0.075 0.14722222222222223
1 0.34453125 0.9125 0.084375 0.1638888888888889
1 0.271484375 0.8201388888888889 0.07578125 0.12916666666666668
1 0.021875 0.2125 0.0421875 0.15833333333333333
2 0.84140625 0.2791666666666667 0.103125 0.18333333333333332
1 0.975 0.4263888888888889 0.0484375 0.14722222222222223
1 0.725 0.9486111111111111 0.08125 0.09166666666666666
1 0.57421875 0.7916666666666666 0.0796875 0.15
1 0.414453125 0.5583333333333333 0.07421875 0.14722222222222223
1 0.7734375 0.09930555555555555 0.0828125 0.15694444444444444
1 0.40546875 0.050694444444444445 0.084375 0.09861111111111111
1 0.0265625 0.3770833333333333 0.053125 0.15694444444444444
1 0.196484375 0.6402777777777777 0.07578125 0.1361111111111111
1 0.48125 0.10277777777777777 0.078125 0.19722222222222222
1 0.723828125 0.28194444444444444 0.07734375 0.13333333333333333
1 0.173046875 0.10208333333333333 0.07578125 0.13194444444444445
1 0.86875 0.8965277777777778 0.0828125 0.12638888888888888
1 0.339453125 0.10416666666666667 0.07734375 0.14166666666666666
1 0.50078125 0.7263888888888889 0.075 0.1388888888888889
1 0.46171875 0.5722222222222222 0.0796875 0.1527777777777778
1 0.123046875 0.8763888888888889 0.07734375 0.13055555555555556
1 0.9203125 0.11041666666666666 0.0734375 0.12638888888888888
1 0.94921875 0.8402777777777778 0.075 0.14166666666666666
1 0.169140625 0.37430555555555556 0.08359375 0.13472222222222222
1 0.41875 0.38055555555555554 0.084375 0.1388888888888889
1 0.62265625 0.5944444444444444 0.08125 0.13333333333333333
1 0.8875 0.4875 0.078125 0.13055555555555556
1 0.87734375 0.7902777777777777 0.08125 0.14166666666666666
1 0.406640625 0.19791666666666666 0.08359375 0.15138888888888888
1 0.13359375 0.22569444444444445 0.0828125 0.12916666666666668
1 0.6203125 0.8305555555555556 0.08125 0.1527777777777778
1 0.034765625 0.6354166666666666 0.06796875 0.12361111111111112
1 0.3015625 0.7569444444444444 0.0828125 0.14722222222222223
1 0.56484375 0.11527777777777778 0.0796875 0.13055555555555556
1 0.8515625 0.1111111111111111 0.078125 0.15555555555555556
1 0.8390625 0.5631944444444444 0.0859375 0.1486111111111111
1 0.1796875 0.8611111111111112 0.0859375 0.15555555555555556
1 0.051953125 0.5090277777777777 0.07890625 0.14027777777777778
1 0.2125 0.7229166666666667 0.0796875 0.13194444444444445
1 0.769921875 0.3680555555555556 0.06796875 0.125
1 0.1328125 0.5201388888888889 0.0765625 0.15416666666666667
1 0.726953125 0.48055555555555557 0.07578125 0.14722222222222223
1 0.78359375 0.6895833333333333 0.0875 0.14027777777777778
1 0.4890625 0.3020833333333333 0.084375 0.1597222222222222
1 0.433984375 0.8284722222222223 0.09296875 0.13194444444444445
1 0.230078125 0.2125 0.08515625 0.14166666666666666
1 0.215625 0.49444444444444446 0.0828125 0.1527777777777778
1 0.753125 0.8277777777777777 0.0875 0.14444444444444443
1 0.93984375 0.26944444444444443 0.090625 0.12777777777777777
1 0.31484375 0.24791666666666667 0.0890625 0.1597222222222222
1 0.691796875 0.14791666666666667 0.08671875 0.14305555555555555
1 0.57265625 0.25763888888888886 0.0890625 0.1486111111111111
1 0.6546875 0.38472222222222224 0.0859375 0.175