1 0.46171875 0.20625 0.071875 0.15138888888888888
1 0.026953125 0.30486111111111114 0.05390625 0.12916666666666668
0 0.06953125 0.31666666666666665 0.0234375 0.05
1 0.0125 0.059027777777777776 0.025 0.11805555555555555
1 0.16640625 0.3326388888888889 0.0671875 0.12638888888888888
1 0.283984375 0.8305555555555556 0.08828125 0.14444444444444443
1 0.575 0.7826388888888889 0.0875 0.14583333333333334
1 0.16484375 0.20347222222222222 0.0796875 0.12916666666666668
1 0.92578125 0.6631944444444444 0.08125 0.12916666666666668
1 0.96875 0.21666666666666667 0.0609375 0.13055555555555556
1 0.77109375 0.41944444444444445 0.0671875 0.16944444444444445
1 0.6609375 0.5625 0.08125 0.14166666666666666
1 0.584375 0.12430555555555556 0.075 0.13472222222222222
1 0.925 0.5611111111111111 0.06875 0.125
1 0.96171875 0.9090277777777778 0.075 0.14583333333333334
1 0.75 0.19722222222222222 0.0875 0.175
1 0.183984375 0.09305555555555556 0.08046875 0.11666666666666667
1 0.38359375 0.2701388888888889 0.0671875 0.12361111111111112
1 0.5953125 0.2625 0.078125 0.14166666666666666
1 0.846875 0.7111111111111111 0.0765625 0.15
1 0.95546875 0.4215277777777778 0.0828125 0.1375
1 0.03671875 0.2625 0.0671875 0.19166666666666668
1 0.05625 0.45625 0.0734375 0.1375
1 0.77109375 0.7888888888888889 0.078125 0.15
1 0.34453125 0.42291666666666666 0.0703125 0.15416666666666667
1 0.344140625 0.7194444444444444 0.09140625 0.15
1 0.615625 0.44722222222222224 0.08125 0.15
1 0.696875 0.8472222222222222 0.075 0.15555555555555556
1 0.715234375 0.3770833333333333 0.07734375 0.1597222222222222
1 0.30078125 0.11597222222222223 0.0734375 0.12638888888888888
1 0.846875 0.4125 0.0828125 0.1388888888888889
1 0.2125 0.3333333333333333 0.0765625 0.14722222222222223
1 0.5875 0.6333333333333333 0.0828125 0.1361111111111111
1 0.2671875 0.4263888888888889 0.075 0.13055555555555556
1 0.8484375 0.5513888888888889 0.0703125 0.1361111111111111
1 0.3171875 0.24861111111111112 0.0765625 0.12777777777777777
1 0.098046875 0.47638888888888886 0.07890625 0.14722222222222223
1 0.537890625 0.5020833333333333 0.08359375 0.15138888888888888
1 0.165625 0.6076388888888888 0.0875 0.14027777777777778
1 0.30078125 0.5770833333333333 0.08125 0.1375
2 0.38828125 0.08611111111111111 0.1265625 0.17222222222222222