0 0.191796875 0.8618055555555556 0.08203125 0.1375
0 0.3375 0.9375 0.08125 0.12222222222222222
1 0.216015625 0.21666666666666667 0.06171875 0.12777777777777777
1 0.27265625 0.8569444444444444 0.0828125 0.18055555555555555
2 0.665234375 0.675 0.08359375 0.13333333333333333
0 0.6640625 0.675 0.084375 0.12777777777777777
0 0.95625 0.9173611111111111 0.084375 0.15138888888888888
2 0.82890625 0.15486111111111112 0.0796875 0.17083333333333334
0 0.07734375 0.40069444444444446 0.090625 0.12916666666666668
0 0.703515625 0.9875 0.06328125 0.025
0 0.6984375 0.83125 0.0375 0.06527777777777778
0 0.96328125 0.7597222222222222 0.06875 0.14166666666666666
0 0.2828125 0.3763888888888889 0.078125 0.125
1 0.077734375 0.40208333333333335 0.09140625 0.1375
2 0.10078125 0.22430555555555556 0.1171875 0.20972222222222223
1 0.146484375 0.7472222222222222 0.08515625 0.12777777777777777
1 0.96328125 0.7597222222222222 0.0671875 0.14722222222222223
1 0.22265625 0.06180555555555556 0.0640625 0.12361111111111112
1 0.28359375 0.3763888888888889 0.075 0.12777777777777777
1 0.24296875 0.6027777777777777 0.0921875 0.20833333333333334
1 0.337890625 0.9375 0.08515625 0.11944444444444445
2 0.13046875 0.9416666666666667 0.1328125 0.10555555555555556
2 0.1921875 0.19791666666666666 0.384375 0.3958333333333333
2 0.216015625 0.5131944444444444 0.42265625 0.9736111111111111
0 0.008203125 0.8270833333333333 0.01640625 0.14583333333333334
1 0.303515625 0.46458333333333335 0.07421875 0.12638888888888888
2 0.92890625 0.23055555555555557 0.1421875 0.3055555555555556
0 0.878125 0.7263888888888889 0.0921875 0.14722222222222223
1 0.61328125 0.5666666666666667 0.0890625 0.12777777777777777
1 0.95859375 0.9180555555555555 0.0828125 0.14722222222222223
1 0.87734375 0.7270833333333333 0.0921875 0.14583333333333334
0 0.7625 0.022916666666666665 0.0796875 0.043055555555555555
2 0.56328125 0.5 0.7171875 1
0 0.99296875 0.5763888888888888 0.0140625 0.09166666666666666
0 0.9859375 0.48194444444444445 0.0265625 0.06388888888888888
2 0.794921875 0.8263888888888888 0.12421875 0.18888888888888888
2 0.241796875 0.6048611111111111 0.10703125 0.20972222222222223
1 0.828515625 0.15416666666666667 0.07890625 0.16944444444444445
1 0.155078125 0.17777777777777778 0.07421875 0.15
0 0.91015625 0.4576388888888889 0.0921875 0.1375
0 0.302734375 0.4638888888888889 0.07265625 0.12222222222222222
2 0.417578125 0.07847222222222222 0.10859375 0.15416666666666667
0 0.74296875 0.6395833333333333 0.0671875 0.12361111111111112
1 0.50078125 0.3055555555555556 0.0796875 0.14444444444444443