2 0.980859375 0.9194444444444444 0.03828125 0.14444444444444443
0 0.79765625 0.9819444444444444 0.0609375 0.030555555555555555
2 0.190234375 0.03680555555555556 0.11796875 0.07361111111111111
0 0.069921875 0.1 0.09765625 0.1527777777777778
1 0.44765625 0.9131944444444444 0.0890625 0.1597222222222222
0 0.00703125 0.02361111111111111 0.0140625 0.04722222222222222
2 0.99140625 0.06527777777777778 0.015625 0.13055555555555556
1 0.9765625 0.6708333333333333 0.0453125 0.1638888888888889
2 0.163671875 0.46805555555555556 0.32734375 0.9361111111111111
0 0.6734375 0.18472222222222223 0.078125 0.1361111111111111
2 0.4484375 0.9111111111111111 0.0953125 0.15555555555555556
2 0.671484375 0.5326388888888889 0.60546875 0.9347222222222222
2 0.884375 0.22847222222222222 0.23125 0.45694444444444443
1 0.94296875 0.1423611111111111 0.075 0.15416666666666667
1 0.766796875 0.8833333333333333 0.07734375 0.15555555555555556
1 0.363671875 0.6486111111111111 0.07890625 0.15833333333333333
2 0.976953125 0.6680555555555555 0.04609375 0.17222222222222222
2 0.8296875 0.5013888888888889 0.090625 0.14166666666666666
0 0.66328125 0.008333333333333333 0.053125 0.016666666666666666
2 0.407421875 0.2881944444444444 0.64140625 0.5763888888888888
2 0.87421875 0.24930555555555556 0.06875 0.14583333333333334
0 0.008203125 0.53125 0.01640625 0.12638888888888888
2 0.12890625 0.41805555555555557 0.2453125 0.35555555555555557
1 0.594921875 0.12986111111111112 0.08359375 0.1736111111111111
0 0.91328125 0.013888888888888888 0.034375 0.025
2 0.48125 0.24375 0.1625 0.24583333333333332
1 0.934375 0.2916666666666667 0.05625 0.1361111111111111
2 0.137109375 0.6791666666666667 0.17265625 0.2722222222222222
2 0.06640625 0.09444444444444444 0.103125 0.1638888888888889
2 0.44609375 0.06458333333333334 0.0859375 0.12638888888888888
0 0.50234375 0.05486111111111111 0.0265625 0.05138888888888889
1 0.066796875 0.09722222222222222 0.09296875 0.15555555555555556
2 0.86484375 0.8868055555555555 0.1359375 0.2263888888888889
2 0.76796875 0.8819444444444444 0.0828125 0.16111111111111112
2 0.377734375 0.6375 0.11484375 0.18611111111111112
1 0.6828125 0.46111111111111114 0.0859375 0.13333333333333333
1 0.8921875 0.1423611111111111 0.0828125 0.14305555555555555
1 0.9703125 0.29444444444444445 0.059375 0.2222222222222222
1 0.778515625 0.38055555555555554 0.09140625 0.15
1 0.44609375 0.06458333333333334 0.0859375 0.12361111111111112
0 0.52890625 0.675 0.0375 0.06388888888888888
2 0.88046875 0.6923611111111111 0.0859375 0.1486111111111111
2 0.970703125 0.29305555555555557 0.05859375 0.21666666666666667
2 0.5640625 0.9319444444444445 0.090625 0.13055555555555556
0 0.5125 0.39375 0.034375 0.05694444444444444
1 0.675 0.18194444444444444 0.0796875 0.1388888888888889
2 0.46796875 0.5111111111111111 0.0859375 0.15555555555555556
1 0.4671875 0.5125 0.084375 0.1527777777777778
2 0.683203125 0.46111111111111114 0.08671875 0.1361111111111111
2 0.38515625 0.44305555555555554 0.0984375 0.18333333333333332
2 0.78046875 0.37916666666666665 0.0921875 0.1527777777777778
2 0.59609375 0.12986111111111112 0.0828125 0.1763888888888889
1 0.58984375 0.65 0.0828125 0.15
1 0.5875 0.4597222222222222 0.0921875 0.15555555555555556
1 0.775390625 0.13125 0.07890625 0.17916666666666667
2 0.275 0.6569444444444444 0.0875 0.19444444444444445