1 0.94609375 0.45 0.0828125 0.13333333333333333
2 0.045703125 0.2 0.09140625 0.21388888888888888
1 0.78203125 0.1423611111111111 0.0875 0.13194444444444445
1 0.5421875 0.44305555555555554 0.071875 0.13055555555555556
1 0.59296875 0.525 0.071875 0.1388888888888889
1 0.598828125 0.8888888888888888 0.07265625 0.1527777777777778
1 0.240234375 0.24375 0.07578125 0.13472222222222222
1 0.946875 0.3104166666666667 0.0734375 0.15138888888888888
1 0.075 0.5125 0.0734375 0.1361111111111111
1 0.9703125 0.13958333333333334 0.059375 0.16527777777777777
1 0.13984375 0.3527777777777778 0.0671875 0.1388888888888889
1 0.442578125 0.6583333333333333 0.07421875 0.1388888888888889
1 0.018359375 0.5208333333333334 0.03671875 0.15833333333333333
1 0.519140625 0.9465277777777777 0.06796875 0.10416666666666667
1 0.84296875 0.28055555555555556 0.0890625 0.1527777777777778
1 0.18671875 0.18888888888888888 0.0890625 0.1527777777777778
1 0.451171875 0.9326388888888889 0.07578125 0.12638888888888888
1 0.644140625 0.19583333333333333 0.06953125 0.125
1 0.278125 0.5340277777777778 0.0859375 0.13194444444444445
1 0.201171875 0.6069444444444444 0.07734375 0.14166666666666666
1 0.137890625 0.5930555555555556 0.07734375 0.1361111111111111
1 0.435546875 0.8 0.07265625 0.13333333333333333
1 0.40546875 0.26666666666666666 0.0953125 0.18055555555555555
2 0.525 0.7534722222222222 0.125 0.20416666666666666
1 0.5953125 0.3173611111111111 0.078125 0.1486111111111111
1 0.49765625 0.5486111111111112 0.0796875 0.14166666666666666