0 0.5765625 0.8805555555555555 0.0265625 0.05
2 0.9 0.9666666666666667 0.109375 0.05555555555555555
2 0.483984375 0.018055555555555554 0.07265625 0.03611111111111111
0 0.52578125 0.9569444444444445 0.06875 0.08055555555555556
0 0.990625 0.6861111111111111 0.01875 0.15
1 0.81328125 0.5298611111111111 0.0859375 0.13194444444444445
1 0.98046875 0.9395833333333333 0.0375 0.1125
1 0.180859375 0.7888888888888889 0.07265625 0.12777777777777777
0 0.591015625 0.011805555555555555 0.05859375 0.02361111111111111
2 0.8109375 0.4701388888888889 0.0890625 0.19305555555555556
2 0.1796875 0.7854166666666667 0.071875 0.12083333333333333
0 0.00625 0.38472222222222224 0.0125 0.06388888888888888
2 0.990625 0.6868055555555556 0.01875 0.16527777777777777
2 0.96484375 0.04513888888888889 0.0703125 0.0875
1 0.540625 0.05277777777777778 0.065625 0.10555555555555556
1 0.9375 0.7763888888888889 0.084375 0.14166666666666666
2 0.733984375 0.5229166666666667 0.06953125 0.13472222222222222
1 0.663671875 0.9180555555555555 0.08828125 0.14166666666666666
1 0.6078125 0.9569444444444445 0.0875 0.075
1 0.40703125 0.2652777777777778 0.05625 0.19722222222222222
0 0.021484375 0.7263888888888889 0.04296875 0.08611111111111111
2 0.254296875 0.025694444444444443 0.09609375 0.05138888888888889
2 0.52734375 0.9548611111111112 0.0765625 0.07916666666666666
0 0.57265625 0.8708333333333333 0.01875 0.030555555555555555
2 0.6625 0.9222222222222223 0.0875 0.13333333333333333
2 0.681640625 0.45555555555555555 0.07265625 0.1361111111111111
2 0.10390625 0.030555555555555555 0.078125 0.06111111111111111
1 0.368359375 0.2673611111111111 0.06328125 0.16527777777777777
0 0.58203125 0.8222222222222222 0.0265625 0.027777777777777776
2 0.95625 0.19236111111111112 0.075 0.12916666666666668
2 0.186328125 0.6506944444444445 0.07734375 0.1597222222222222
1 0.436328125 0.8583333333333333 0.09453125 0.11666666666666667
1 0.0296875 0.9395833333333333 0.059375 0.10694444444444444
1 0.084765625 0.8722222222222222 0.04921875 0.09444444444444444
2 0.384375 0.5347222222222222 0.08125 0.14166666666666666
1 0.56015625 0.37777777777777777 0.0828125 0.1388888888888889
2 0.6078125 0.9569444444444445 0.0859375 0.075
2 0.371484375 0.2673611111111111 0.06484375 0.17916666666666667
2 0.54140625 0.05277777777777778 0.0671875 0.10277777777777777
2 0.69921875 0.5958333333333333 0.078125 0.13333333333333333
2 0.116015625 0.7055555555555556 0.07578125 0.15833333333333333
2 0.03359375 0.8284722222222223 0.0640625 0.12083333333333333
2 0.084765625 0.8736111111111111 0.04921875 0.09722222222222222
2 0.64375 0.3451388888888889 0.0796875 0.13472222222222222
1 0.2765625 0.7298611111111111 0.071875 0.12083333333333333
2 0.40625 0.2611111111111111 0.059375 0.18888888888888888
2 0.1546875 0.8444444444444444 0.0875 0.1388888888888889
2 0.49296875 0.18888888888888888 0.0828125 0.13055555555555556
1 0.825 0.675 0.078125 0.15555555555555556
2 0.934375 0.8958333333333334 0.0796875 0.10277777777777777
2 0.4703125 0.45 0.0609375 0.11388888888888889
0 0.9546875 0.19027777777777777 0.071875 0.1361111111111111
2 0.29609375 0.9270833333333334 0.1140625 0.13194444444444445
2 0.55859375 0.5166666666666667 0.08125 0.11944444444444445
2 0.021875 0.7284722222222222 0.04375 0.09305555555555556
2 0.92421875 0.6409722222222223 0.084375 0.1375
1 0.49296875 0.19027777777777777 0.0859375 0.13333333333333333
2 0.751953125 0.043055555555555555 0.08671875 0.08611111111111111
2 0.815234375 0.53125 0.09296875 0.12916666666666668
1 0.733984375 0.5236111111111111 0.07109375 0.13333333333333333
2 0.58515625 0.1423611111111111 0.0765625 0.14027777777777778
1 0.92109375 0.6409722222222223 0.0828125 0.12916666666666668
2 0.048046875 0.59375 0.08203125 0.13194444444444445
1 0.5 0.6236111111111111 0.06875 0.13055555555555556
1 0.69765625 0.5958333333333333 0.0796875 0.13333333333333333
2 0.27578125 0.7305555555555555 0.071875 0.12777777777777777
2 0.033203125 0.07430555555555556 0.06640625 0.14583333333333334
2 0.82890625 0.6743055555555556 0.0796875 0.15694444444444444
1 0.38359375 0.5347222222222222 0.0828125 0.1361111111111111
2 0.4390625 0.8583333333333333 0.096875 0.11388888888888889
1 0.584375 0.13819444444444445 0.08125 0.14027777777777778
0 0.28203125 0.1673611111111111 0.0578125 0.09027777777777778
2 0.64609375 0.0625 0.0796875 0.12222222222222222
1 0.74609375 0.35625 0.08125 0.14027777777777778
1 0.6421875 0.3458333333333333 0.08125 0.13055555555555556
1 0.5546875 0.5180555555555556 0.08125 0.11944444444444445
2 0.9625 0.4111111111111111 0.075 0.15555555555555556
1 0.67890625 0.45416666666666666 0.0734375 0.13055555555555556
2 0.896875 0.11527777777777778 0.0640625 0.18055555555555555
2 0.2171875 0.2847222222222222 0.0703125 0.14722222222222223
1 0.115625 0.7069444444444445 0.075 0.15
2 0.4515625 0.7319444444444444 0.08125 0.14722222222222223
2 0.267578125 0.38333333333333336 0.08515625 0.13333333333333333
1 0.03203125 0.8291666666666667 0.0625 0.12222222222222222
2 0.56015625 0.3784722222222222 0.0828125 0.1375
1 0.573828125 0.7361111111111112 0.07421875 0.11666666666666667
1 0.296484375 0.26805555555555555 0.06796875 0.12222222222222222
1 0.48203125 0.32222222222222224 0.0828125 0.1361111111111111
1 0.6890625 0.8034722222222223 0.0671875 0.1486111111111111
2 0.769140625 0.15555555555555556 0.08515625 0.1388888888888889
2 0.93828125 0.7770833333333333 0.0875 0.1375
2 0.783984375 0.9055555555555556 0.08046875 0.14444444444444443
1 0.75546875 0.7701388888888889 0.075 0.14027777777777778
1 0.1859375 0.6506944444444445 0.0765625 0.1486111111111111
2 0.34765625 0.7986111111111112 0.090625 0.14722222222222223
2 0.890625 0.3263888888888889 0.0859375 0.14722222222222223
2 0.046484375 0.3541666666666667 0.08671875 0.14166666666666666
2 0.69296875 0.21319444444444444 0.0859375 0.15416666666666667
2 0.5984375 0.61875 0.0765625 0.12916666666666668
2 0.276171875 0.5534722222222223 0.13515625 0.23194444444444445