1 0.91640625 0.18611111111111112 0.0640625 0.10555555555555556
1 0.777734375 0.9486111111111111 0.06171875 0.09722222222222222
1 0.93359375 0.014583333333333334 0.0640625 0.029166666666666667
0 0.112109375 0.6111111111111112 0.03828125 0.05277777777777778
1 0.983984375 0.8916666666666667 0.03203125 0.13055555555555556
1 0.060546875 0.1798611111111111 0.05859375 0.11527777777777778
0 0.94375 0.6805555555555556 0.028125 0.04722222222222222
1 0.0234375 0.6541666666666667 0.046875 0.10833333333333334
1 0.59296875 0.02013888888888889 0.0609375 0.0375
1 0.642578125 0.6368055555555555 0.08203125 0.12916666666666668
1 0.053125 0.6638888888888889 0.0625 0.12222222222222222
1 0.166015625 0.6902777777777778 0.06796875 0.11388888888888889
1 0.0828125 0.8847222222222222 0.0796875 0.10833333333333334
1 0.9859375 0.4895833333333333 0.028125 0.11805555555555555
1 0.7375 0.95 0.0640625 0.09722222222222222
1 0.97734375 0.7375 0.0453125 0.175
1 0.715625 0.9006944444444445 0.0671875 0.12083333333333333
1 0.859375 0.32222222222222224 0.06875 0.11944444444444445
1 0.531640625 0.2826388888888889 0.06171875 0.12638888888888888
1 0.58046875 0.9458333333333333 0.071875 0.10833333333333334
1 0.67109375 0.5916666666666667 0.0578125 0.11944444444444445
1 0.02890625 0.7972222222222223 0.0578125 0.14444444444444443
1 0.98359375 0.5958333333333333 0.03125 0.10277777777777777
1 0.6578125 0.034722222222222224 0.0625 0.06944444444444445
1 0.35546875 0.5326388888888889 0.0609375 0.12083333333333333
1 0.283203125 0.9548611111111112 0.07734375 0.07916666666666666
1 0.031640625 0.19027777777777777 0.06015625 0.11944444444444445
1 0.395703125 0.5472222222222223 0.06171875 0.12222222222222222
1 0.1984375 0.9375 0.0625 0.11944444444444445
1 0.237890625 0.23194444444444445 0.07109375 0.10277777777777777
1 0.521875 0.4409722222222222 0.0625 0.12638888888888888
1 0.15625 0.5402777777777777 0.059375 0.11944444444444445
1 0.2484375 0.5118055555555555 0.065625 0.09305555555555556
1 0.18046875 0.7583333333333333 0.0671875 0.11666666666666667
1 0.198046875 0.36736111111111114 0.05703125 0.12361111111111112
1 0.373828125 0.9361111111111111 0.07734375 0.1111111111111111
1 0.55078125 0.8770833333333333 0.0640625 0.12361111111111112
1 0.8828125 0.2048611111111111 0.071875 0.10972222222222222
1 0.3578125 0.7875 0.0671875 0.1527777777777778
1 0.40390625 0.4270833333333333 0.0734375 0.11527777777777778
1 0.670703125 0.17777777777777778 0.06171875 0.12777777777777777
1 0.1109375 0.5326388888888889 0.0625 0.09583333333333334
1 0.6359375 0.33194444444444443 0.05625 0.13333333333333333
1 0.205078125 0.2861111111111111 0.06484375 0.1111111111111111
1 0.56484375 0.2673611111111111 0.0578125 0.1125
1 0.1546875 0.049305555555555554 0.0625 0.09583333333333334
1 0.51640625 0.5097222222222222 0.0640625 0.11666666666666667
1 0.87734375 0.05277777777777778 0.065625 0.1
1 0.690625 0.3958333333333333 0.06875 0.11666666666666667
1 0.603125 0.3597222222222222 0.06875 0.10833333333333334
1 0.903125 0.36041666666666666 0.071875 0.12361111111111112
1 0.1703125 0.8875 0.071875 0.125
1 0.1140625 0.7770833333333333 0.05625 0.11527777777777778
1 0.030078125 0.05555555555555555 0.05859375 0.1111111111111111
1 0.45390625 0.7583333333333333 0.065625 0.09444444444444444
1 0.91328125 0.8972222222222223 0.0640625 0.10555555555555556
1 0.777734375 0.7305555555555555 0.06328125 0.12222222222222222
1 0.575 0.8194444444444444 0.06875 0.11666666666666667
1 0.037109375 0.3347222222222222 0.06953125 0.1361111111111111
1 0.798828125 0.04861111111111111 0.07890625 0.09722222222222222
1 0.85859375 0.5527777777777778 0.0671875 0.11666666666666667
1 0.9390625 0.08402777777777778 0.05625 0.10138888888888889
1 0.16015625 0.40694444444444444 0.0671875 0.11944444444444445
1 0.723828125 0.4951388888888889 0.05390625 0.11805555555555555
1 0.28984375 0.31180555555555556 0.06875 0.1125
1 0.455078125 0.26875 0.06640625 0.11527777777777778
1 0.044921875 0.5458333333333333 0.06328125 0.1111111111111111
1 0.10859375 0.0875 0.0640625 0.12222222222222222
1 0.93046875 0.6013888888888889 0.065625 0.10277777777777777
1 0.13671875 0.2826388888888889 0.0640625 0.10694444444444444
1 0.71796875 0.7805555555555556 0.0828125 0.10555555555555556
1 0.51015625 0.58125 0.0625 0.13472222222222222
1 0.298828125 0.7152777777777778 0.06484375 0.10833333333333334
1 0.3640625 0.3333333333333333 0.06875 0.10833333333333334
1 0.83671875 0.6777777777777778 0.0640625 0.10555555555555556
1 0.8140625 0.425 0.0671875 0.12222222222222222
1 0.81328125 0.5597222222222222 0.0703125 0.125
1 0.95234375 0.3923611111111111 0.0609375 0.10694444444444444
1 0.9046875 0.7784722222222222 0.0609375 0.09305555555555556
1 0.814453125 0.8138888888888889 0.06640625 0.12222222222222222
1 0.6421875 0.4979166666666667 0.065625 0.12083333333333333
1 0.73828125 0.20972222222222223 0.0703125 0.10833333333333334
1 0.58203125 0.6972222222222222 0.071875 0.11666666666666667
0 0.8328125 0.1486111111111111 0.0296875 0.06944444444444445
1 0.6109375 0.10138888888888889 0.06875 0.11388888888888889
1 0.5453125 0.15625 0.078125 0.10416666666666667
1 0.30703125 0.44305555555555554 0.0703125 0.12777777777777777
1 0.081640625 0.40347222222222223 0.07109375 0.11527777777777778
1 0.9234375 0.4965277777777778 0.075 0.11805555555555555
1 0.447265625 0.8722222222222222 0.07109375 0.11666666666666667
1 0.48671875 0.06666666666666667 0.0765625 0.11944444444444445
1 0.95546875 0.275 0.0640625 0.11944444444444445
1 0.6453125 0.8625 0.06875 0.11944444444444445
1 0.160546875 0.16041666666666668 0.06171875 0.12083333333333333
1 0.74765625 0.3263888888888889 0.0640625 0.11666666666666667
1 0.6984375 0.11041666666666666 0.0625 0.12916666666666668
1 0.41171875 0.6701388888888888 0.0671875 0.12083333333333333
1 0.8171875 0.28541666666666665 0.0640625 0.1375
1 0.721875 0.6631944444444444 0.075 0.11805555555555555
1 0.242578125 0.8388888888888889 0.06171875 0.12222222222222222
2 0.3875 0.14027777777777778 0.15625 0.28055555555555556