1 0.83359375 0.8569444444444444 0.0609375 0.09722222222222222
2 0.3171875 0.6284722222222222 0.6 0.7430555555555556
1 0.0328125 0.10416666666666667 0.0625 0.11944444444444445
1 0.85859375 0.041666666666666664 0.059375 0.08055555555555556
1 0.39921875 0.4479166666666667 0.0484375 0.07361111111111111
1 0.410546875 0.8736111111111111 0.05859375 0.10833333333333334
2 0.87890625 0.25833333333333336 0.2375 0.5166666666666667
1 0.940625 0.9597222222222223 0.059375 0.075
1 0.15234375 0.47430555555555554 0.0515625 0.10972222222222222
2 0.77421875 0.5 0.4515625 1
0 0.042578125 0.9583333333333334 0.07109375 0.07222222222222222
0 0.30234375 0.8402777777777778 0.0484375 0.08611111111111111
0 0.878125 0.48541666666666666 0.0453125 0.09861111111111111
2 0.17421875 0.31527777777777777 0.3484375 0.6305555555555555
1 0.01171875 0.19930555555555557 0.0234375 0.1125
0 0.06484375 0.009722222222222222 0.053125 0.019444444444444445
1 0.78125 0.5708333333333333 0.059375 0.11944444444444445
0 0.7671875 0.8388888888888889 0.0625 0.1
2 0.9890625 0.7520833333333333 0.021875 0.15416666666666667
0 0.5921875 0.2423611111111111 0.0640625 0.10138888888888889
2 0.199609375 0.018055555555555554 0.06171875 0.03611111111111111
0 0.98828125 0.7555555555555555 0.0234375 0.12777777777777777
1 0.041796875 0.9583333333333334 0.06953125 0.075
2 0.06875 0.46805555555555556 0.059375 0.11944444444444445
2 0.50703125 0.5986111111111111 0.0734375 0.11944444444444445
0 0.265625 0.5409722222222222 0.05625 0.09305555555555556
0 0.201171875 0.22083333333333333 0.07421875 0.11388888888888889
0 0.198828125 0.9555555555555556 0.04765625 0.07777777777777778
1 0.679296875 0.5548611111111111 0.05703125 0.10972222222222222
0 0.740625 0.025 0.053125 0.044444444444444446
0 0.0796875 0.30416666666666664 0.071875 0.13055555555555556
1 0.95703125 0.0625 0.065625 0.125
1 0.282421875 0.3888888888888889 0.06484375 0.14444444444444443
1 0.9296875 0.35138888888888886 0.053125 0.09722222222222222
1 0.92890625 0.4354166666666667 0.0546875 0.0875
1 0.057421875 0.1451388888888889 0.06015625 0.11527777777777778
0 0.1 0.5701388888888889 0.0625 0.0763888888888889
0 0.4515625 0.44166666666666665 0.040625 0.08611111111111111
0 0.1390625 0.9104166666666667 0.053125 0.09583333333333334
0 0.9859375 0.9416666666666667 0.028125 0.1111111111111111
0 0.1046875 0.6625 0.0609375 0.11388888888888889
1 0.70078125 0.1451388888888889 0.0703125 0.13194444444444445
1 0.878125 0.48541666666666666 0.04375 0.10972222222222222
1 0.10078125 0.5701388888888889 0.0625 0.08194444444444444
0 0.92890625 0.43680555555555556 0.053125 0.08194444444444444
1 0.35078125 0.9416666666666667 0.0640625 0.10555555555555556
1 0.200390625 0.22291666666666668 0.07421875 0.11805555555555555
0 0.749609375 0.6701388888888888 0.04765625 0.10694444444444444
2 0.2828125 0.38958333333333334 0.0640625 0.15138888888888888
1 0.303515625 0.8388888888888889 0.04921875 0.08333333333333333
1 0.66171875 0.325 0.0703125 0.1111111111111111
1 0.59140625 0.2423611111111111 0.0640625 0.10138888888888889
1 0.50546875 0.5958333333333333 0.0734375 0.11944444444444445
1 0.9703125 0.5166666666666667 0.0546875 0.10555555555555556
0 0.859375 0.04097222222222222 0.0609375 0.07916666666666666
1 0.434765625 0.07291666666666667 0.08046875 0.12638888888888888
2 0.9578125 0.06111111111111111 0.0703125 0.12222222222222222
1 0.602734375 0.3368055555555556 0.06484375 0.1125
0 0.191015625 0.3861111111111111 0.06015625 0.12222222222222222
1 0.766796875 0.8361111111111111 0.05703125 0.10833333333333334
1 0.534375 0.3597222222222222 0.0625 0.1111111111111111
2 0.896875 0.9069444444444444 0.084375 0.125
1 0.343359375 0.45555555555555555 0.06171875 0.10555555555555556
1 0.528125 0.04791666666666667 0.078125 0.09305555555555556
1 0.426953125 0.9291666666666667 0.07109375 0.125
1 0.06171875 0.7861111111111111 0.078125 0.12222222222222222
1 0.8390625 0.7888888888888889 0.065625 0.11666666666666667
1 0.88046875 0.6159722222222223 0.065625 0.13194444444444445
1 0.76953125 0.4131944444444444 0.0828125 0.11805555555555555
1 0.189453125 0.6708333333333333 0.05390625 0.10277777777777777
1 0.6234375 0.5993055555555555 0.0625 0.11527777777777778
1 0.81015625 0.5986111111111111 0.05625 0.12222222222222222
2 0.446875 0.3055555555555556 0.084375 0.15833333333333333
1 0.480859375 0.73125 0.06328125 0.10972222222222222
1 0.259765625 0.05138888888888889 0.06640625 0.10277777777777777
1 0.29609375 0.6111111111111112 0.0609375 0.10555555555555556
2 0.168359375 0.7833333333333333 0.08359375 0.12222222222222222
2 0.74296875 0.95 0.0890625 0.1
1 0.846875 0.375 0.0625 0.12777777777777777
1 0.29765625 0.7284722222222222 0.0609375 0.11527777777777778
1 0.07890625 0.3020833333333333 0.0703125 0.13194444444444445
1 0.47109375 0.8347222222222223 0.0546875 0.10833333333333334
1 0.340625 0.3284722222222222 0.0703125 0.12361111111111112
1 0.252734375 0.9298611111111111 0.06328125 0.12916666666666668
1 0.615625 0.7236111111111111 0.06875 0.12777777777777777
1 0.104296875 0.6590277777777778 0.06015625 0.11805555555555555
2 0.388671875 0.5916666666666667 0.10234375 0.17777777777777778