1 0.9875 0.8777777777777778 0.025 0.1388888888888889
1 0.165234375 0.5541666666666667 0.07578125 0.11944444444444445
1 0.8640625 0.8041666666666667 0.071875 0.14166666666666666
1 0.33828125 0.030555555555555555 0.09375 0.06111111111111111
1 0.375390625 0.9520833333333333 0.06640625 0.0875
1 0.8703125 0.4340277777777778 0.075 0.14027777777777778
1 0.48203125 0.9090277777777778 0.0625 0.11805555555555555
0 0.86953125 0.43472222222222223 0.0734375 0.1361111111111111
1 0.36015625 0.7381944444444445 0.06875 0.14027777777777778
1 0.046484375 0.3875 0.07578125 0.10277777777777777
1 0.013671875 0.47291666666666665 0.02734375 0.14583333333333334
1 0.98828125 0.30694444444444446 0.0234375 0.13055555555555556
1 0.23046875 0.9513888888888888 0.078125 0.09166666666666666
1 0.93046875 0.7381944444444445 0.0734375 0.12916666666666668
1 0.8046875 0.27152777777777776 0.075 0.14305555555555555
1 0.7546875 0.03819444444444445 0.08125 0.07361111111111111
1 0.01796875 0.7944444444444444 0.0359375 0.12777777777777777
1 0.1421875 0.3729166666666667 0.06875 0.12083333333333333
1 0.01171875 0.17847222222222223 0.0234375 0.1597222222222222
1 0.24453125 0.06527777777777778 0.0828125 0.125
1 0.98125 0.6326388888888889 0.0375 0.12916666666666668
1 0.53125 0.6027777777777777 0.0671875 0.1388888888888889
1 0.07890625 0.9361111111111111 0.084375 0.11388888888888889
0 0.93515625 0.26319444444444445 0.065625 0.12361111111111112
1 0.016015625 0.6277777777777778 0.03203125 0.12777777777777777
1 0.79296875 0.5944444444444444 0.0875 0.12777777777777777
1 0.75859375 0.8666666666666667 0.071875 0.15
1 0.04609375 0.049305555555555554 0.0765625 0.09583333333333334
1 0.1796875 0.775 0.06875 0.11666666666666667
1 0.6734375 0.049305555555555554 0.075 0.09861111111111111
1 0.3140625 0.9083333333333333 0.071875 0.13333333333333333
1 0.8671875 0.21041666666666667 0.0671875 0.15416666666666667
1 0.058984375 0.7055555555555556 0.06796875 0.125
1 0.965625 0.5097222222222222 0.065625 0.12777777777777777
1 0.34453125 0.1625 0.0828125 0.11944444444444445
1 0.741796875 0.6416666666666667 0.06171875 0.11666666666666667
1 0.11875 0.6534722222222222 0.075 0.1486111111111111
1 0.248828125 0.8291666666666667 0.07734375 0.1361111111111111
1 0.816015625 0.08888888888888889 0.07265625 0.13333333333333333
1 0.7734375 0.7638888888888888 0.0640625 0.12777777777777777
1 0.6390625 0.7333333333333333 0.075 0.12777777777777777
1 0.3125 0.4395833333333333 0.0734375 0.12638888888888888
1 0.72890625 0.47291666666666665 0.0828125 0.13472222222222222
1 0.215625 0.6631944444444444 0.05625 0.13194444444444445
1 0.299609375 0.5694444444444444 0.08203125 0.125
1 0.67109375 0.6041666666666666 0.0671875 0.12222222222222222
1 0.237890625 0.34444444444444444 0.07734375 0.11944444444444445
1 0.41640625 0.06388888888888888 0.0640625 0.12777777777777777
1 0.75390625 0.3159722222222222 0.0734375 0.14027777777777778
1 0.051171875 0.26319444444444445 0.07421875 0.12361111111111112
1 0.683203125 0.2791666666666667 0.06171875 0.13055555555555556
1 0.27890625 0.1951388888888889 0.0734375 0.13472222222222222
1 0.625 0.8402777777777778 0.08125 0.11944444444444445
1 0.528125 0.4548611111111111 0.084375 0.12916666666666668
1 0.28125 0.6833333333333333 0.065625 0.14166666666666666
1 0.8921875 0.6083333333333333 0.0796875 0.14166666666666666
1 0.491796875 0.3034722222222222 0.08359375 0.12916666666666668
1 0.35703125 0.3277777777777778 0.075 0.13333333333333333
1 0.63203125 0.16527777777777777 0.078125 0.14166666666666666
1 0.122265625 0.1125 0.07578125 0.1361111111111111
1 0.38828125 0.5069444444444444 0.0765625 0.125
1 0.51875 0.7423611111111111 0.071875 0.12083333333333333
1 0.4625 0.16805555555555557 0.08125 0.14444444444444443
1 0.603515625 0.5722222222222222 0.06484375 0.13333333333333333
1 0.22578125 0.47638888888888886 0.0796875 0.125
1 0.198828125 0.22013888888888888 0.06796875 0.14027777777777778
1 0.45703125 0.56875 0.0640625 0.12916666666666668
1 0.642578125 0.4354166666666667 0.07265625 0.14305555555555555
1 0.6015625 0.3125 0.0671875 0.1361111111111111