1 0.086328125 0.08055555555555556 0.11484375 0.15
0 0.19140625 0.3034722222222222 0.0796875 0.14583333333333334
0 0.46796875 0.2152777777777778 0.0296875 0.04722222222222222
1 0.978125 0.4722222222222222 0.0421875 0.14722222222222223
1 0.23359375 0.024305555555555556 0.0609375 0.04583333333333333
0 0.748046875 0.20208333333333334 0.07890625 0.1375
1 0.31953125 0.05625 0.0671875 0.1125
0 0.0125 0.06111111111111111 0.025 0.12222222222222222
1 0.0109375 0.06111111111111111 0.021875 0.11944444444444445
0 0.235546875 0.5597222222222222 0.07578125 0.1388888888888889
1 0.74765625 0.2013888888888889 0.0765625 0.14166666666666666
0 0.294140625 0.9791666666666666 0.06328125 0.03611111111111111
2 0.04296875 0.85 0.0828125 0.18611111111111112
1 0.043359375 0.8472222222222222 0.08515625 0.17777777777777778
0 0.3703125 0.8701388888888889 0.084375 0.11805555555555555
1 0.7171875 0.9458333333333333 0.075 0.10555555555555556
1 0.46640625 0.80625 0.0796875 0.17083333333333334
1 0.1890625 0.44722222222222224 0.075 0.12777777777777777
2 0.746875 0.2013888888888889 0.078125 0.1361111111111111
1 0.43203125 0.5875 0.078125 0.14722222222222223
0 0.96171875 0.6923611111111111 0.053125 0.09583333333333334
0 0.0953125 0.22569444444444445 0.075 0.13194444444444445
0 0.0140625 0.43819444444444444 0.028125 0.15694444444444444
1 0.88046875 0.8618055555555556 0.0703125 0.12083333333333333
1 0.8 0.8486111111111111 0.075 0.1361111111111111
1 0.19140625 0.3013888888888889 0.0765625 0.14722222222222223
0 0.042578125 0.8479166666666667 0.08515625 0.1625
1 0.207421875 0.11597222222222223 0.06953125 0.12638888888888888
0 0.25078125 0.21736111111111112 0.0703125 0.13194444444444445
0 0.45546875 0.26875 0.0328125 0.05694444444444444
1 0.7953125 0.44722222222222224 0.075 0.12777777777777777
1 0.09765625 0.22361111111111112 0.0734375 0.1361111111111111
1 0.71015625 0.79375 0.0765625 0.14027777777777778
1 0.79453125 0.7166666666666667 0.0703125 0.11666666666666667
1 0.8765625 0.33958333333333335 0.0765625 0.13194444444444445
1 0.86328125 0.6583333333333333 0.06875 0.12777777777777777
1 0.250390625 0.21805555555555556 0.06796875 0.13055555555555556
1 0.43671875 0.15416666666666667 0.0796875 0.14166666666666666
1 0.3796875 0.7111111111111111 0.103125 0.175
0 0.55078125 0.6527777777777778 0.0703125 0.11944444444444445
1 0.79296875 0.5847222222222223 0.0734375 0.125
1 0.84765625 0.2076388888888889 0.078125 0.13472222222222222
0 0.8765625 0.3402777777777778 0.075 0.13055555555555556
0 0.321875 0.21319444444444444 0.0671875 0.13194444444444445
1 0.6265625 0.8527777777777777 0.0796875 0.14722222222222223
0 0.432421875 0.5875 0.07890625 0.14166666666666666
0 0.79453125 0.44722222222222224 0.0765625 0.125
0 0.48671875 0.05625 0.0765625 0.10416666666666667
1 0.234375 0.5604166666666667 0.075 0.13472222222222222
1 0.95703125 0.32916666666666666 0.084375 0.15
1 0.96015625 0.8395833333333333 0.0765625 0.14583333333333334
1 0.51640625 0.42916666666666664 0.0828125 0.14722222222222223
1 0.890625 0.07777777777777778 0.0984375 0.1527777777777778
0 0.61640625 0.39791666666666664 0.0703125 0.13194444444444445
0 0.731640625 0.35347222222222224 0.08671875 0.14027777777777778
2 0.179296875 0.9277777777777778 0.13515625 0.13333333333333333
0 0.09609375 0.3736111111111111 0.078125 0.13055555555555556
1 0.71875 0.6340277777777777 0.0734375 0.1486111111111111
2 0.08984375 0.08263888888888889 0.10625 0.1597222222222222