2 0.733984375 0.6979166666666666 0.08515625 0.12361111111111112
1 0.9765625 0.9277777777777778 0.0453125 0.13333333333333333
1 0.896875 0.016666666666666666 0.065625 0.03333333333333333
1 0.008203125 0.14583333333333334 0.01640625 0.1527777777777778
1 0.59375 0.9652777777777778 0.0875 0.06388888888888888
0 0.9546875 0.725 0.0296875 0.05555555555555555
2 0.76484375 0.25833333333333336 0.459375 0.5166666666666667
1 0.0109375 0.9111111111111111 0.021875 0.16111111111111112
2 0.34921875 0.5 0.6984375 1
0 0.8375 0.5 0.0296875 0.05555555555555555
1 0.273046875 0.9597222222222223 0.06953125 0.08055555555555556
2 0.478125 0.1638888888888889 0.0859375 0.11666666666666667
1 0.990625 0.5402777777777777 0.01875 0.16666666666666666
2 0.7390625 0.022916666666666665 0.075 0.043055555555555555
1 0.79609375 0.9576388888888889 0.090625 0.0763888888888889
1 0.101953125 0.09652777777777778 0.07421875 0.12638888888888888
1 0.029296875 0.36180555555555555 0.05390625 0.14305555555555555
2 0.06875 0.6708333333333333 0.075 0.125
1 0.416015625 0.39305555555555555 0.07421875 0.125
0 0.8171875 0.4756944444444444 0.0234375 0.05138888888888889
2 0.90625 0.30486111111111114 0.0640625 0.12083333333333333
2 0.663671875 0.1076388888888889 0.07421875 0.13194444444444445
0 0.503125 0.4638888888888889 0.028125 0.05
0 0.85546875 0.8347222222222223 0.0296875 0.044444444444444446
1 0.81796875 0.017361111111111112 0.0765625 0.034722222222222224
1 0.7390625 0.02013888888888889 0.071875 0.04027777777777778
1 0.654296875 0.016666666666666666 0.07890625 0.03333333333333333
0 0.8625 0.5791666666666667 0.0796875 0.11388888888888889
1 0.9859375 0.8527777777777777 0.028125 0.13333333333333333
2 0.103125 0.09930555555555555 0.075 0.12361111111111112
1 0.06796875 0.675 0.0734375 0.12222222222222222
1 0.147265625 0.9263888888888889 0.06953125 0.1361111111111111
1 0.46328125 0.5222222222222223 0.0703125 0.11666666666666667
2 0.266796875 0.7888888888888889 0.08359375 0.15
1 0.3171875 0.9055555555555556 0.0671875 0.12222222222222222
1 0.415625 0.0625 0.071875 0.125
0 0.85859375 0.6708333333333333 0.0296875 0.05277777777777778
1 0.9078125 0.30277777777777776 0.0671875 0.11666666666666667
1 0.265234375 0.7895833333333333 0.08203125 0.15138888888888888
2 0.503125 0.05486111111111111 0.08125 0.10972222222222222
1 0.580078125 0.5763888888888888 0.07421875 0.11944444444444445
1 0.6234375 0.5208333333333334 0.071875 0.1361111111111111
1 0.746875 0.4576388888888889 0.08125 0.12083333333333333
1 0.394921875 0.9465277777777777 0.07734375 0.10138888888888889
0 0.5328125 0.44722222222222224 0.025 0.044444444444444446
1 0.45625 0.8041666666666667 0.06875 0.12222222222222222
1 0.98359375 0.6840277777777778 0.03125 0.12916666666666668
1 0.0671875 0.41805555555555557 0.0703125 0.1361111111111111
1 0.098046875 0.9298611111111111 0.07578125 0.13194444444444445
1 0.94453125 0.5090277777777777 0.0625 0.12361111111111112
2 0.41640625 0.3909722222222222 0.075 0.13194444444444445
1 0.50234375 0.05416666666666667 0.08125 0.10555555555555556
1 0.6265625 0.6819444444444445 0.075 0.12222222222222222
1 0.171875 0.6590277777777778 0.0734375 0.12083333333333333
1 0.40234375 0.8166666666666667 0.0734375 0.12222222222222222
1 0.368359375 0.08263888888888889 0.06953125 0.12638888888888888
1 0.61015625 0.7694444444444445 0.0734375 0.13333333333333333
0 0.5515625 0.10486111111111111 0.0328125 0.059722222222222225
1 0.95546875 0.2972222222222222 0.0765625 0.12777777777777777
1 0.59609375 0.18680555555555556 0.0796875 0.12083333333333333
2 0.812109375 0.37777777777777777 0.07734375 0.1388888888888889
1 0.2 0.5604166666666667 0.075 0.1375
1 0.733984375 0.7027777777777777 0.08359375 0.125
1 0.81171875 0.3763888888888889 0.0765625 0.1388888888888889
1 0.280078125 0.05763888888888889 0.08203125 0.10972222222222222
1 0.8625 0.5791666666666667 0.08125 0.11944444444444445
1 0.5078125 0.9319444444444445 0.0703125 0.12222222222222222
1 0.83359375 0.23958333333333334 0.0734375 0.12083333333333333
1 0.0609375 0.21458333333333332 0.075 0.12638888888888888
1 0.809375 0.7256944444444444 0.0625 0.14305555555555555
1 0.7265625 0.9236111111111112 0.075 0.1361111111111111
1 0.267578125 0.6652777777777777 0.07734375 0.14166666666666666
1 0.47578125 0.16319444444444445 0.0734375 0.11805555555555555
1 0.57421875 0.3145833333333333 0.0734375 0.13472222222222222
1 0.732421875 0.16944444444444445 0.07734375 0.12222222222222222
1 0.50703125 0.6180555555555556 0.0640625 0.13055555555555556
1 0.109375 0.5395833333333333 0.078125 0.13472222222222222
1 0.8234375 0.10972222222222222 0.071875 0.12777777777777777
1 0.23359375 0.35833333333333334 0.08125 0.14444444444444443
1 0.404296875 0.2111111111111111 0.06328125 0.1388888888888889
1 0.6875 0.8041666666666667 0.071875 0.1361111111111111
1 0.6609375 0.1076388888888889 0.071875 0.12916666666666668
1 0.349609375 0.46944444444444444 0.07265625 0.14444444444444443
1 0.737890625 0.3111111111111111 0.07890625 0.14166666666666666
1 0.357421875 0.6520833333333333 0.06796875 0.12916666666666668
1 0.666796875 0.41041666666666665 0.07734375 0.14305555555555555
1 0.1296875 0.775 0.071875 0.12777777777777777
1 0.88203125 0.44583333333333336 0.065625 0.1361111111111111
1 0.269921875 0.4930555555555556 0.08046875 0.14166666666666666
1 0.530859375 0.7506944444444444 0.06953125 0.12916666666666668
1 0.42109375 0.5708333333333333 0.0703125 0.1388888888888889
1 0.130859375 0.3423611111111111 0.07890625 0.14583333333333334
1 0.328515625 0.2152777777777778 0.07421875 0.14444444444444443