1 0.59609375 0.1 0.0640625 0.12222222222222222
1 0.20546875 0.6861111111111111 0.0890625 0.125
1 0.23671875 0.7430555555555556 0.0671875 0.14166666666666666
1 0.403125 0.3729166666666667 0.065625 0.1375
1 0.158203125 0.8076388888888889 0.07578125 0.14027777777777778
1 0.7390625 0.02847222222222222 0.0671875 0.05694444444444444
1 0.094921875 0.7055555555555556 0.07578125 0.10277777777777777
1 0.1015625 0.5916666666666667 0.0734375 0.12222222222222222
1 0.3671875 0.9055555555555556 0.075 0.14444444444444443
1 0.98125 0.4263888888888889 0.0375 0.125
1 0.549609375 0.3298611111111111 0.06484375 0.1125
1 0.81015625 0.7423611111111111 0.078125 0.14583333333333334
1 0.339453125 0.50625 0.06171875 0.10694444444444444
1 0.8953125 0.46875 0.071875 0.11805555555555555
1 0.53046875 0.7736111111111111 0.0671875 0.14722222222222223
1 0.025390625 0.35694444444444445 0.05078125 0.1361111111111111
1 0.456640625 0.8784722222222222 0.07421875 0.1486111111111111
1 0.353515625 0.20555555555555555 0.07109375 0.1361111111111111
1 0.97734375 0.6958333333333333 0.0453125 0.1361111111111111
1 0.110546875 0.26458333333333334 0.07890625 0.12916666666666668
1 0.7296875 0.9152777777777777 0.0703125 0.125
1 0.483984375 0.3229166666666667 0.05546875 0.14305555555555555
1 0.20625 0.24513888888888888 0.078125 0.12916666666666668
1 0.8046875 0.1597222222222222 0.0671875 0.14722222222222223
1 0.94609375 0.5902777777777778 0.071875 0.13055555555555556
1 0.3296875 0.05555555555555555 0.06875 0.1111111111111111
1 0.18828125 0.38680555555555557 0.0578125 0.12638888888888888
1 0.1390625 0.49236111111111114 0.06875 0.13194444444444445
1 0.2078125 0.16180555555555556 0.078125 0.13194444444444445
1 0.433984375 0.10208333333333333 0.07890625 0.13194444444444445
1 0.875 0.3423611111111111 0.0765625 0.12916666666666668
1 0.700390625 0.1701388888888889 0.08203125 0.13194444444444445
1 0.86796875 0.6333333333333333 0.078125 0.14444444444444443
1 0.18828125 0.5902777777777778 0.0578125 0.11388888888888889
1 0.62578125 0.225 0.0671875 0.11666666666666667
1 0.03046875 0.5513888888888889 0.0609375 0.1361111111111111
1 0.92421875 0.12291666666666666 0.0765625 0.13194444444444445
1 0.0265625 0.15208333333333332 0.053125 0.11527777777777778
1 0.77109375 0.3145833333333333 0.0703125 0.14027777777777778
1 0.109375 0.39305555555555555 0.071875 0.1361111111111111
1 0.323046875 0.4013888888888889 0.07734375 0.11388888888888889
1 0.1234375 0.12777777777777777 0.0703125 0.12222222222222222
2 0.7140625 0.5319444444444444 0.165625 0.2861111111111111