0 0.241015625 0.09513888888888888 0.01171875 0.020833333333333332
2 0.615625 0.1375 0.2625 0.275
0 0.6890625 0.8458333333333333 0.01875 0.030555555555555555
1 0.184765625 0.9277777777777778 0.07578125 0.11944444444444445
0 0.490625 0.7680555555555556 0.009375 0.025
0 0.373046875 0.5388888888888889 0.01171875 0.019444444444444445
0 0.087890625 0.12708333333333333 0.01015625 0.020833333333333332
1 0.197265625 0.27569444444444446 0.07109375 0.14027777777777778
1 0.73125 0.2569444444444444 0.1125 0.14166666666666666
1 0.94296875 0.23402777777777778 0.06875 0.12916666666666668
1 0.50859375 0.9666666666666667 0.0765625 0.06111111111111111
1 0.82578125 0.2951388888888889 0.0828125 0.12361111111111112
1 0.05546875 0.1527777777777778 0.06875 0.13055555555555556
0 0.74453125 0.5291666666666667 0.0109375 0.016666666666666666
1 0.019140625 0.049305555555555554 0.03828125 0.09861111111111111
0 0.617578125 0.9916666666666667 0.01171875 0.011111111111111112
1 0.080859375 0.5326388888888889 0.09140625 0.1625
0 0.48046875 0.7611111111111111 0.0140625 0.022222222222222223
0 0.0828125 0.3215277777777778 0.0109375 0.02361111111111111
0 0.6890625 0.7958333333333333 0.015625 0.030555555555555555
1 0.5875 0.9555555555555556 0.0703125 0.08888888888888889
0 0.734375 0.5791666666666667 0.0125 0.03611111111111111
1 0.105078125 0.08055555555555556 0.07421875 0.11666666666666667
0 0.733203125 0.5611111111111111 0.01015625 0.016666666666666666
1 0.1765625 0.15069444444444444 0.06875 0.11805555555555555
1 0.0921875 0.41041666666666665 0.065625 0.11805555555555555
0 0.8265625 0.5604166666666667 0.0140625 0.034722222222222224
1 0.675390625 0.4027777777777778 0.08046875 0.14722222222222223
1 0.490625 0.2611111111111111 0.0671875 0.12222222222222222
1 0.529296875 0.7833333333333333 0.06015625 0.11666666666666667
1 0.069140625 0.8194444444444444 0.06328125 0.1388888888888889
0 0.97734375 0.15694444444444444 0.028125 0.041666666666666664
1 0.87734375 0.5993055555555555 0.0796875 0.14305555555555555
1 0.018359375 0.8597222222222223 0.03671875 0.13055555555555556
1 0.98515625 0.5840277777777778 0.0296875 0.1375
1 0.255859375 0.04236111111111111 0.07109375 0.08472222222222223
1 0.965625 0.89375 0.06875 0.15416666666666667
1 0.037109375 0.2916666666666667 0.07421875 0.15833333333333333
1 0.1015625 0.24027777777777778 0.0703125 0.12222222222222222
1 0.15625 0.6076388888888888 0.0671875 0.14583333333333334
1 0.43515625 0.3451388888888889 0.0703125 0.11805555555555555
1 0.457421875 0.6604166666666667 0.09140625 0.13472222222222222
1 0.775390625 0.41805555555555557 0.07421875 0.13333333333333333
1 0.380859375 0.6965277777777777 0.07734375 0.14027777777777778
1 0.8578125 0.09097222222222222 0.075 0.16527777777777777
1 0.113671875 0.7236111111111111 0.08984375 0.1361111111111111
1 0.45 0.8055555555555556 0.0828125 0.15
1 0.959375 0.39791666666666664 0.08125 0.12361111111111112
1 0.60546875 0.8402777777777778 0.090625 0.13055555555555556
1 0.307421875 0.6263888888888889 0.07578125 0.1527777777777778
1 0.654296875 0.7236111111111111 0.06953125 0.13055555555555556
1 0.446875 0.15763888888888888 0.078125 0.14305555555555555
1 0.356640625 0.43819444444444444 0.11484375 0.2625
1 0.89609375 0.46805555555555556 0.0765625 0.11666666666666667
1 0.5859375 0.4097222222222222 0.0828125 0.175
1 0.2703125 0.8763888888888889 0.0875 0.1527777777777778
2 0.76875 0.8416666666666667 0.1875 0.3055555555555556