2 0.4890625 0.10694444444444444 0.0765625 0.13055555555555556
0 0.46796875 0.01597222222222222 0.0765625 0.03194444444444444
0 0.475390625 0.4 0.08359375 0.17222222222222222
1 0.9890625 0.5069444444444444 0.021875 0.19722222222222222
1 0.0125 0.8375 0.0234375 0.19722222222222222
2 0.890625 0.7319444444444444 0.0796875 0.13055555555555556
0 0.554296875 0.41944444444444445 0.07578125 0.1388888888888889
1 0.80703125 0.6458333333333334 0.0875 0.15833333333333333
1 0.414453125 0.7131944444444445 0.07890625 0.1375
1 0.0890625 0.8097222222222222 0.0703125 0.13055555555555556
2 0.155859375 0.1951388888888889 0.08515625 0.1625
0 0.0078125 0.12708333333333333 0.015625 0.12083333333333333
1 0.39140625 0.20416666666666666 0.0703125 0.13055555555555556
0 0.3515625 0.6145833333333334 0.078125 0.13472222222222222
1 0.69609375 0.7527777777777778 0.0734375 0.12777777777777777
0 0.08828125 0.8083333333333333 0.0703125 0.12777777777777777
1 0.5109375 0.8277777777777777 0.071875 0.13333333333333333
0 0.99140625 0.31180555555555556 0.0171875 0.14305555555555555
0 0.61796875 0.5138888888888888 0.0828125 0.125
0 0.46640625 0.24375 0.0859375 0.1375
2 0.6953125 0.7555555555555555 0.071875 0.12777777777777777
1 0.009765625 0.5986111111111111 0.01953125 0.18333333333333332
2 0.4765625 0.2263888888888889 0.509375 0.4527777777777778
1 0.619140625 0.5131944444444444 0.08203125 0.12638888888888888
0 0.5828125 0.8756944444444444 0.071875 0.14305555555555555
0 0.93046875 0.1111111111111111 0.0828125 0.1638888888888889
0 0.6625 0.875 0.075 0.13333333333333333
2 0.410546875 0.49375 0.08984375 0.14583333333333334
1 0.77421875 0.7611111111111111 0.0703125 0.13333333333333333
1 0.376171875 0.9125 0.09296875 0.14722222222222223
2 0.351171875 0.6111111111111112 0.08046875 0.13333333333333333
2 0.1515625 0.8333333333333334 0.0796875 0.15555555555555556
1 0.475 0.39861111111111114 0.08125 0.175
1 0.065625 0.6611111111111111 0.0875 0.15
2 0.934375 0.10833333333333334 0.090625 0.17222222222222222
1 0.342578125 0.11458333333333333 0.07890625 0.1486111111111111
2 0.6640625 0.8736111111111111 0.078125 0.12777777777777777
1 0.41015625 0.49444444444444446 0.0859375 0.14444444444444443
1 0.6578125 0.6388888888888888 0.084375 0.14166666666666666
0 0.98046875 0.6520833333333333 0.0390625 0.13472222222222222
0 0.7453125 0.016666666666666666 0.084375 0.03333333333333333
1 0.23671875 0.20625 0.0796875 0.1486111111111111
2 0.34375 0.11388888888888889 0.084375 0.15
0 0.5109375 0.8291666666666667 0.06875 0.1361111111111111
1 0.033984375 0.2659722222222222 0.06640625 0.14027777777777778
1 0.555078125 0.4173611111111111 0.07578125 0.14583333333333334
1 0.97734375 0.1763888888888889 0.0453125 0.1388888888888889
1 0.4640625 0.24375 0.0828125 0.1375
0 0.065234375 0.6618055555555555 0.08984375 0.14583333333333334
0 0.69453125 0.7527777777777778 0.0734375 0.12222222222222222
2 0.5828125 0.8763888888888889 0.071875 0.14166666666666666
0 0.41484375 0.7118055555555556 0.0796875 0.13194444444444445
0 0.090234375 0.23958333333333334 0.03671875 0.07361111111111111
1 0.1546875 0.19444444444444445 0.084375 0.15555555555555556
2 0.66015625 0.6361111111111111 0.0859375 0.14166666666666666
0 0.38984375 0.20555555555555555 0.0703125 0.12777777777777777
2 0.1859375 0.06944444444444445 0.0796875 0.12222222222222222
1 0.7015625 0.25972222222222224 0.0890625 0.21944444444444444
0 0.1859375 0.06944444444444445 0.078125 0.12222222222222222
1 0.3421875 0.7625 0.0875 0.1527777777777778
1 0.2515625 0.32916666666666666 0.1296875 0.17222222222222222
0 0.7921875 0.2611111111111111 0.090625 0.16111111111111112
1 0.150390625 0.8347222222222223 0.08046875 0.14722222222222223
0 0.620703125 0.32708333333333334 0.07890625 0.15138888888888888
0 0.027734375 0.41875 0.05390625 0.11527777777777778
0 0.4171875 0.6006944444444444 0.046875 0.07083333333333333
0 0.03359375 0.26805555555555555 0.0671875 0.1388888888888889