1 0.1390625 0.034027777777777775 0.046875 0.06805555555555555
1 0.9890625 0.02638888888888889 0.021875 0.05
0 0.102734375 0.15486111111111112 0.01953125 0.029166666666666667
1 0.007421875 0.4895833333333333 0.01484375 0.15138888888888888
1 0.778515625 0.01875 0.08203125 0.0375
0 0.109765625 0.14444444444444443 0.02109375 0.05
1 0.97109375 0.9583333333333334 0.0578125 0.07222222222222222
0 0.66328125 0.44027777777777777 0.0203125 0.03611111111111111
1 0.083203125 0.9694444444444444 0.08359375 0.05555555555555555
1 0.2078125 0.4236111111111111 0.0734375 0.13055555555555556
1 0.52109375 0.013194444444444444 0.0625 0.02638888888888889
1 0.8546875 0.016666666666666666 0.0609375 0.030555555555555555
1 0.92421875 0.03125 0.06875 0.059722222222222225
1 0.01015625 0.18611111111111112 0.0203125 0.1388888888888889
1 0.68125 0.9597222222222223 0.065625 0.08055555555555556
1 0.644140625 0.0375 0.07578125 0.06944444444444445
1 0.9875 0.6305555555555555 0.025 0.10555555555555556
1 0.98359375 0.5048611111111111 0.0328125 0.11805555555555555
1 0.976953125 0.20625 0.04609375 0.10972222222222222
1 0.95390625 0.4131944444444444 0.0703125 0.11805555555555555
0 0.51328125 0.25416666666666665 0.0296875 0.04722222222222222
1 0.319140625 0.04513888888888889 0.06484375 0.0875
1 0.06328125 0.21875 0.0625 0.11805555555555555
1 0.01953125 0.8763888888888889 0.0375 0.12222222222222222
1 0.02109375 0.7527777777777778 0.0421875 0.11944444444444445
1 0.553515625 0.04027777777777778 0.07109375 0.07777777777777778
1 0.39921875 0.9361111111111111 0.071875 0.12222222222222222
1 0.302734375 0.27708333333333335 0.07109375 0.12638888888888888
1 0.7609375 0.9333333333333333 0.0703125 0.12777777777777777
1 0.9578125 0.34652777777777777 0.06875 0.12361111111111112
1 0.236328125 0.32013888888888886 0.06171875 0.12638888888888888
1 0.01953125 0.3715277777777778 0.0390625 0.12361111111111112
1 0.333984375 0.33611111111111114 0.06640625 0.11944444444444445
1 0.097265625 0.05138888888888889 0.06171875 0.10277777777777777
1 0.637890625 0.8069444444444445 0.06796875 0.10277777777777777
1 0.153125 0.7840277777777778 0.065625 0.1125
1 0.64296875 0.7236111111111111 0.06875 0.13055555555555556
1 0.8078125 0.15 0.0625 0.12777777777777777
1 0.70625 0.47847222222222224 0.06875 0.12638888888888888
1 0.465625 0.45416666666666666 0.065625 0.11388888888888889
1 0.218359375 0.49027777777777776 0.07734375 0.125
1 0.446484375 0.2513888888888889 0.07109375 0.11944444444444445
1 0.271484375 0.80625 0.06796875 0.1375
1 0.85390625 0.30694444444444446 0.0765625 0.11388888888888889
1 0.60078125 0.5208333333333334 0.071875 0.125
1 0.57578125 0.16527777777777777 0.0765625 0.12222222222222222
1 0.50390625 0.5215277777777778 0.0734375 0.13194444444444445
1 0.85390625 0.4236111111111111 0.06875 0.11944444444444445
1 0.43671875 0.56875 0.0671875 0.12083333333333333
1 0.7640625 0.46111111111111114 0.065625 0.11666666666666667
1 0.053515625 0.28958333333333336 0.06171875 0.11805555555555555
1 0.34296875 0.09027777777777778 0.06875 0.125
1 0.191015625 0.28541666666666665 0.05859375 0.10694444444444444
1 0.484765625 0.8902777777777777 0.07890625 0.11388888888888889
1 0.494921875 0.3326388888888889 0.06796875 0.12361111111111112
1 0.07890625 0.8840277777777777 0.0765625 0.11805555555555555
1 0.132421875 0.24097222222222223 0.06953125 0.12361111111111112
1 0.84375 0.19791666666666666 0.075 0.12361111111111112
1 0.431640625 0.7125 0.07109375 0.11944444444444445
1 0.282421875 0.9201388888888888 0.06953125 0.11805555555555555
1 0.87890625 0.5381944444444444 0.078125 0.12916666666666668
1 0.578125 0.29097222222222224 0.065625 0.12361111111111112
1 0.183203125 0.1423611111111111 0.06796875 0.12083333333333333
1 0.9609375 0.10694444444444444 0.0734375 0.12222222222222222
1 0.240625 0.6916666666666667 0.078125 0.125
1 0.572265625 0.6930555555555555 0.06640625 0.12222222222222222
1 0.37265625 0.42777777777777776 0.0609375 0.1388888888888889
1 0.7375 0.32708333333333334 0.071875 0.1375
1 0.662890625 0.11180555555555556 0.07109375 0.12638888888888888
1 0.3671875 0.7888888888888889 0.071875 0.12777777777777777
1 0.50625 0.7736111111111111 0.06875 0.13333333333333333
1 0.059765625 0.4875 0.06015625 0.11944444444444445
1 0.8609375 0.7916666666666666 0.071875 0.12222222222222222
1 0.397265625 0.16944444444444445 0.06953125 0.14166666666666666
1 0.90625 0.8861111111111111 0.071875 0.12777777777777777
1 0.65390625 0.5944444444444444 0.0671875 0.11666666666666667
1 0.1375 0.37083333333333335 0.071875 0.12777777777777777
1 0.14765625 0.6736111111111112 0.0703125 0.125
1 0.62890625 0.39791666666666664 0.0734375 0.11805555555555555
1 0.0421875 0.6479166666666667 0.071875 0.12083333333333333
1 0.9640625 0.7319444444444444 0.0640625 0.11944444444444445
1 0.89140625 0.6638888888888889 0.065625 0.12222222222222222
1 0.4921875 0.09027777777777778 0.071875 0.13055555555555556
1 0.2 0.9319444444444445 0.071875 0.13055555555555556
1 0.762890625 0.8041666666666667 0.07421875 0.125
1 0.3359375 0.5548611111111111 0.071875 0.1375
1 0.575 0.9076388888888889 0.071875 0.12916666666666668
1 0.257421875 0.13472222222222222 0.06953125 0.1361111111111111
1 0.55546875 0.4131944444444444 0.0671875 0.13194444444444445
1 0.125390625 0.5326388888888889 0.06796875 0.12638888888888888
1 0.88984375 0.11388888888888889 0.0609375 0.12777777777777777
1 0.721484375 0.6166666666666667 0.06640625 0.12222222222222222
1 0.80390625 0.5701388888888889 0.0640625 0.12083333333333333