1 0.009114583333333334 0.9083333333333333 0.018229166666666668 0.10925925925925926
1 0.60625 0.04490740740740741 0.04583333333333333 0.08981481481481482
1 0.048177083333333336 0.9041666666666667 0.059895833333333336 0.0787037037037037
1 0.33697916666666666 0.014351851851851852 0.05520833333333333 0.028703703703703703
1 0.5140625 0.9277777777777778 0.04583333333333333 0.1
1 0.5140625 0.7134259259259259 0.057291666666666664 0.08055555555555556
1 0.4515625 0.022222222222222223 0.06041666666666667 0.044444444444444446
1 0.5515625 0.5509259259259259 0.05520833333333333 0.10740740740740741
1 0.26796875 0.6592592592592592 0.0609375 0.09444444444444444
1 0.09270833333333334 0.014351851851851852 0.06145833333333333 0.028703703703703703
1 0.5828125 0.950462962962963 0.06458333333333334 0.09351851851851851
1 0.28229166666666666 0.5912037037037037 0.04479166666666667 0.09166666666666666
0 0.23098958333333333 0.3425925925925926 0.0203125 0.037037037037037035
1 0.95859375 0.8305555555555556 0.0515625 0.08703703703703704
1 0.12213541666666666 0.08518518518518518 0.05260416666666667 0.10925925925925926
1 0.409375 0.7810185185185186 0.058333333333333334 0.10092592592592593
1 0.19661458333333334 0.5162037037037037 0.06510416666666667 0.10648148148148148
1 0.4153645833333333 0.07731481481481481 0.0484375 0.10462962962962963
1 0.91328125 0.35138888888888886 0.0640625 0.10648148148148148
1 0.20052083333333334 0.9217592592592593 0.046875 0.09722222222222222
1 0.6005208333333333 0.5166666666666667 0.053125 0.10555555555555556
1 0.3104166666666667 0.5125 0.057291666666666664 0.09537037037037037
1 0.46848958333333335 0.5277777777777778 0.0640625 0.10740740740740741
1 0.9671875 0.02546296296296296 0.059375 0.049074074074074076
1 0.030989583333333334 0.6884259259259259 0.05260416666666667 0.09537037037037037
1 0.47578125 0.6162037037037037 0.058854166666666666 0.10648148148148148
1 0.9875 0.29814814814814816 0.022916666666666665 0.1259259259259259
1 0.6630208333333333 0.3143518518518518 0.046875 0.12129629629629629
1 0.9729166666666667 0.7805555555555556 0.05 0.0962962962962963
1 0.19635416666666666 0.7777777777777778 0.04375 0.09444444444444444
1 0.990625 0.5476851851851852 0.01875 0.11203703703703703
1 0.45703125 0.9569444444444445 0.0640625 0.0787037037037037
1 0.3190104166666667 0.6935185185185185 0.06197916666666667 0.12037037037037036
1 0.013541666666666667 0.5967592592592592 0.027083333333333334 0.10833333333333334
1 0.16953125 0.2796296296296296 0.05260416666666667 0.08333333333333333
1 0.6921875 0.013425925925925926 0.057291666666666664 0.026851851851851852
1 0.4328125 0.40185185185185185 0.05520833333333333 0.09814814814814815
1 0.5927083333333333 0.7481481481481481 0.053125 0.07777777777777778
1 0.0125 0.36064814814814816 0.025 0.09907407407407408
1 0.01328125 0.4828703703703704 0.0265625 0.12129629629629629
1 0.8247395833333333 0.18287037037037038 0.0609375 0.09166666666666666
1 0.15 0.774074074074074 0.05520833333333333 0.1111111111111111
1 0.7736979166666667 0.9574074074074074 0.05260416666666667 0.08333333333333333
1 0.043229166666666666 0.5444444444444444 0.04479166666666667 0.09074074074074075
1 0.48072916666666665 0.7828703703703703 0.051041666666666666 0.09722222222222222
1 0.3619791666666667 0.4148148148148148 0.05520833333333333 0.09814814814814815
1 0.6059895833333333 0.11435185185185186 0.0484375 0.08611111111111111
1 0.41067708333333336 0.49027777777777776 0.06197916666666667 0.11018518518518519
1 0.6653645833333334 0.9481481481481482 0.0578125 0.09259259259259259
1 0.24609375 0.9180555555555555 0.05364583333333333 0.09351851851851851
1 0.24609375 0.2212962962962963 0.04739583333333333 0.09074074074074075
1 0.39765625 0.29907407407407405 0.0640625 0.12222222222222222
1 0.65390625 0.6268518518518519 0.05260416666666667 0.10185185185185185
1 0.18255208333333334 0.2222222222222222 0.049479166666666664 0.09074074074074075
1 0.59921875 0.6402777777777777 0.05572916666666667 0.0787037037037037
1 0.8049479166666667 0.16342592592592592 0.07135416666666666 0.10092592592592593
1 0.48125 0.09490740740740741 0.051041666666666666 0.09907407407407408
1 0.13489583333333333 0.20925925925925926 0.053125 0.10740740740740741
1 0.9125 0.037037037037037035 0.052083333333333336 0.07037037037037037
1 0.27760416666666665 0.7833333333333333 0.06354166666666666 0.10740740740740741
1 0.2125 0.037037037037037035 0.06875 0.06851851851851852
1 0.98203125 0.6439814814814815 0.0359375 0.08425925925925926
1 0.05703125 0.6990740740740741 0.04635416666666667 0.1
1 0.8927083333333333 0.7541666666666667 0.0625 0.08425925925925926
1 0.23567708333333334 0.4412037037037037 0.06197916666666667 0.09907407407407408
1 0.6416666666666667 0.8199074074074074 0.059375 0.09722222222222222
1 0.3182291666666667 0.4166666666666667 0.051041666666666666 0.09444444444444444
1 0.7213541666666666 0.9532407407407407 0.053125 0.08796296296296297
1 0.7653645833333333 0.6833333333333333 0.0546875 0.10555555555555556
1 0.3453125 0.9027777777777778 0.051041666666666666 0.09814814814814815
1 0.6895833333333333 0.7388888888888889 0.058333333333333334 0.10185185185185185
1 0.41796875 0.8953703703703704 0.0609375 0.1111111111111111
1 0.8223958333333333 0.7888888888888889 0.046875 0.09444444444444444
1 0.08880208333333334 0.562962962962963 0.049479166666666664 0.1
1 0.21927083333333333 0.2875 0.04583333333333333 0.0824074074074074
1 0.7565104166666666 0.09398148148148149 0.05260416666666667 0.09537037037037037
1 0.5627604166666667 0.39166666666666666 0.05260416666666667 0.11666666666666667
1 0.6200520833333333 0.20925925925925926 0.049479166666666664 0.0962962962962963
1 0.23776041666666667 0.8245370370370371 0.05260416666666667 0.09907407407407408
1 0.7494791666666667 0.27546296296296297 0.053125 0.10833333333333334
1 0.7125 0.6439814814814815 0.053125 0.09722222222222222
1 0.90078125 0.4736111111111111 0.0515625 0.09722222222222222
1 0.20260416666666667 0.1287037037037037 0.057291666666666664 0.10555555555555556
1 0.89453125 0.9416666666666667 0.0484375 0.09259259259259259
1 0.1609375 0.4152777777777778 0.046875 0.09351851851851851
1 0.6421875 0.04212962962962963 0.053125 0.0824074074074074
1 0.08932291666666667 0.2449074074074074 0.0515625 0.09166666666666666
1 0.26848958333333334 0.13333333333333333 0.05677083333333333 0.10555555555555556
1 0.5434895833333333 0.8379629629629629 0.0609375 0.09444444444444444
1 0.8640625 0.8240740740740741 0.057291666666666664 0.08888888888888889
1 0.13463541666666667 0.5166666666666667 0.049479166666666664 0.1111111111111111
1 0.051041666666666666 0.8171296296296297 0.058333333333333334 0.10648148148148148
1 0.9703125 0.9333333333333333 0.05625 0.0962962962962963
1 0.14765625 0.08703703703703704 0.04739583333333333 0.1
1 0.11067708333333333 0.7092592592592593 0.050520833333333334 0.12222222222222222
2 0.8130208333333333 0.5194444444444445 0.146875 0.19814814814814816
1 0.95078125 0.5069444444444444 0.0484375 0.11203703703703703
1 0.5471354166666667 0.17453703703703705 0.0578125 0.10648148148148148
1 0.4421875 0.7037037037037037 0.058333333333333334 0.08518518518518518
1 0.05651041666666667 0.3314814814814815 0.06302083333333333 0.09259259259259259
1 0.79921875 0.33425925925925926 0.06197916666666667 0.1111111111111111
1 0.08854166666666667 0.1587962962962963 0.051041666666666666 0.08796296296296297
1 0.35052083333333334 0.8050925925925926 0.04895833333333333 0.10277777777777777
1 0.11484375 0.33055555555555555 0.05260416666666667 0.08888888888888889
1 0.42890625 0.6060185185185185 0.05572916666666667 0.10648148148148148
1 0.08098958333333334 0.46805555555555556 0.0546875 0.08981481481481482
1 0.88125 0.5694444444444444 0.052083333333333336 0.1
1 0.22682291666666668 0.5990740740740741 0.0546875 0.09814814814814815
1 0.7723958333333333 0.7893518518518519 0.06145833333333333 0.11388888888888889
1 0.37395833333333334 0.18333333333333332 0.052083333333333336 0.1111111111111111
1 0.8088541666666667 0.8805555555555555 0.059375 0.09259259259259259
2 0.49557291666666664 0.3162037037037037 0.10052083333333334 0.1787037037037037
1 0.88125 0.11851851851851852 0.06666666666666667 0.10925925925925926
1 0.83125 0.6319444444444444 0.053125 0.11574074074074074
1 0.36875 0.6356481481481482 0.058333333333333334 0.09907407407407408
1 0.67265625 0.17685185185185184 0.058854166666666666 0.11851851851851852
2 0.31744791666666666 0.2800925925925926 0.1015625 0.19166666666666668
1 0.821875 0.058333333333333334 0.05625 0.10925925925925926