1 0.5690104166666666 0.038425925925925926 0.0578125 0.07314814814814814
1 0.98984375 0.0763888888888889 0.0203125 0.1361111111111111
1 0.28463541666666664 0.9768518518518519 0.059895833333333336 0.04259259259259259
1 0.35130208333333335 0.5805555555555556 0.0484375 0.09074074074074075
1 0.10416666666666667 0.4111111111111111 0.04375 0.10185185185185185
1 0.1421875 0.06388888888888888 0.053125 0.10555555555555556
1 0.93984375 0.8027777777777778 0.0546875 0.08703703703703704
1 0.6153645833333333 0.1375 0.0515625 0.09722222222222222
1 0.79140625 0.046296296296296294 0.058854166666666666 0.08888888888888889
0 0.70234375 0.044444444444444446 0.027604166666666666 0.05185185185185185
1 0.7291666666666666 0.9675925925925926 0.058333333333333334 0.06111111111111111
1 0.1578125 0.6430555555555556 0.052083333333333336 0.08981481481481482
1 0.3046875 0.2657407407407407 0.05520833333333333 0.09259259259259259
1 0.37864583333333335 0.024537037037037038 0.059375 0.049074074074074076
1 0.9494791666666667 0.43657407407407406 0.046875 0.09537037037037037
1 0.06901041666666667 0.45740740740740743 0.04739583333333333 0.08518518518518518
1 0.04609375 0.8361111111111111 0.0421875 0.08518518518518518
1 0.8609375 0.7782407407407408 0.051041666666666666 0.0824074074074074
1 0.7572916666666667 0.7930555555555555 0.058333333333333334 0.09351851851851851
1 0.05364583333333333 0.42268518518518516 0.057291666666666664 0.09351851851851851
1 0.15885416666666666 0.9583333333333334 0.05520833333333333 0.07777777777777778
0 0.8234375 0.07685185185185185 0.023958333333333335 0.05
0 0.7697916666666667 0.9375 0.025 0.04537037037037037
1 0.61015625 0.7754629629629629 0.049479166666666664 0.10092592592592593
1 0.8890625 0.03333333333333333 0.05520833333333333 0.06296296296296296
1 0.53359375 0.4185185185185185 0.05572916666666667 0.08888888888888889
1 0.3328125 0.9555555555555556 0.057291666666666664 0.08148148148148149
1 0.9765625 0.5773148148148148 0.046875 0.10648148148148148
1 0.42890625 0.04259259259259259 0.05364583333333333 0.08148148148148149
1 0.041666666666666664 0.19537037037037036 0.05625 0.09074074074074075
1 0.08359375 0.08703703703703704 0.059895833333333336 0.08888888888888889
1 0.25885416666666666 0.6902777777777778 0.05416666666666667 0.08981481481481482
1 0.12265625 0.5810185185185185 0.0515625 0.10277777777777777
1 0.6479166666666667 0.8416666666666667 0.05 0.09074074074074075
0 0.6828125 0.586574074074074 0.019791666666666666 0.03796296296296296
1 0.2578125 0.030555555555555555 0.046875 0.05925925925925926
1 0.021875 0.5472222222222223 0.04375 0.1
1 0.20416666666666666 0.04398148148148148 0.059375 0.08611111111111111
1 0.4518229166666667 0.9486111111111111 0.0578125 0.09166666666666666
1 0.41328125 0.7777777777777778 0.050520833333333334 0.08518518518518518
2 0.48046875 0.8175925925925925 0.11197916666666667 0.21296296296296297
1 0.011979166666666667 0.8092592592592592 0.023958333333333335 0.0962962962962963
1 0.48541666666666666 0.44722222222222224 0.05 0.09814814814814815
1 0.81640625 0.5990740740740741 0.05260416666666667 0.08148148148148149
1 0.07213541666666666 0.26342592592592595 0.059895833333333336 0.10462962962962963
1 0.9854166666666667 0.6296296296296297 0.029166666666666667 0.10925925925925926
1 0.27395833333333336 0.2462962962962963 0.06041666666666667 0.0962962962962963
1 0.74609375 0.5925925925925926 0.059895833333333336 0.10925925925925926
1 0.975 0.3199074074074074 0.04791666666666667 0.10092592592592593
1 0.8692708333333333 0.2569444444444444 0.053125 0.10648148148148148
1 0.5703125 0.5324074074074074 0.052083333333333336 0.09444444444444444
1 0.8114583333333333 0.549537037037037 0.05625 0.0824074074074074
1 0.98359375 0.4736111111111111 0.0328125 0.10092592592592593
1 0.7466145833333333 0.7407407407407407 0.058854166666666666 0.1
1 0.38671875 0.2662037037037037 0.05364583333333333 0.09537037037037037
1 0.13932291666666666 0.1675925925925926 0.0515625 0.09259259259259259
1 0.78203125 0.8662037037037037 0.0515625 0.08055555555555556
1 0.2752604166666667 0.40925925925925927 0.0515625 0.1
1 0.44140625 0.24675925925925926 0.0640625 0.09166666666666666
1 0.4 0.4615740740740741 0.04791666666666667 0.10277777777777777
1 0.321875 0.42916666666666664 0.052083333333333336 0.08611111111111111
1 0.8390625 0.9606481481481481 0.06145833333333333 0.075
1 0.033854166666666664 0.32222222222222224 0.06145833333333333 0.10185185185185185
1 0.19036458333333334 0.8972222222222223 0.05572916666666667 0.09814814814814815
1 0.16302083333333334 0.30092592592592593 0.05520833333333333 0.09074074074074075
1 0.4015625 0.18518518518518517 0.053125 0.08888888888888889
1 0.51875 0.6657407407407407 0.053125 0.0962962962962963
1 0.53203125 0.33055555555555555 0.0578125 0.08888888888888889
1 0.5703125 0.0875 0.05520833333333333 0.09351851851851851
1 0.036458333333333336 0.6398148148148148 0.057291666666666664 0.08703703703703704
1 0.5247395833333334 0.19166666666666668 0.05260416666666667 0.09814814814814815
1 0.43046875 0.33240740740740743 0.049479166666666664 0.08518518518518518
1 0.9328125 0.7050925925925926 0.065625 0.09351851851851851
1 0.43515625 0.4675925925925926 0.0515625 0.09444444444444444
1 0.9015625 0.275 0.057291666666666664 0.1037037037037037
1 0.11484375 0.8847222222222222 0.0578125 0.08425925925925926
1 0.48020833333333335 0.5810185185185185 0.05416666666666667 0.10092592592592593
1 0.478125 0.32083333333333336 0.051041666666666666 0.09537037037037037
1 0.8135416666666667 0.38055555555555554 0.05625 0.10185185185185185
1 0.3888020833333333 0.6527777777777778 0.05260416666666667 0.09444444444444444
1 0.3359375 0.3388888888888889 0.05625 0.0962962962962963
1 0.6447916666666667 0.5472222222222223 0.059375 0.10185185185185185
1 0.7078125 0.6625 0.053125 0.08796296296296297
1 0.32734375 0.06574074074074074 0.0609375 0.09259259259259259
1 0.36666666666666664 0.862037037037037 0.06458333333333334 0.08703703703703704
1 0.6591145833333333 0.38935185185185184 0.0546875 0.09351851851851851
1 0.08463541666666667 0.7925925925925926 0.050520833333333334 0.09259259259259259
1 0.884375 0.425462962962963 0.0625 0.10462962962962963
1 0.24505208333333334 0.8759259259259259 0.0546875 0.1
1 0.7919270833333333 0.45092592592592595 0.06197916666666667 0.10185185185185185
1 0.6859375 0.8925925925925926 0.046875 0.09259259259259259
1 0.08255208333333333 0.6986111111111111 0.05572916666666667 0.09166666666666666
1 0.96328125 0.8421296296296297 0.0609375 0.10833333333333334
1 0.15182291666666667 0.8282407407407407 0.0546875 0.09722222222222222
1 0.5703125 0.6222222222222222 0.057291666666666664 0.0962962962962963
1 0.7747395833333334 0.09583333333333334 0.059895833333333336 0.10462962962962963
1 0.2830729166666667 0.5981481481481481 0.05364583333333333 0.10555555555555556
1 0.3796875 0.10462962962962963 0.04895833333333333 0.1
1 0.29401041666666666 0.8532407407407407 0.049479166666666664 0.10092592592592593
1 0.19557291666666668 0.23287037037037037 0.0546875 0.11018518518518519
1 0.9109375 0.9 0.059375 0.1111111111111111
1 0.37734375 0.5523148148148148 0.05677083333333333 0.10277777777777777
1 0.46796875 0.6907407407407408 0.05260416666666667 0.08148148148148149
1 0.7067708333333333 0.17314814814814813 0.053125 0.1111111111111111
1 0.07578125 0.9393518518518519 0.0578125 0.09537037037037037
1 0.76015625 0.5319444444444444 0.050520833333333334 0.09351851851851851
1 0.7005208333333334 0.7888888888888889 0.053125 0.09444444444444444
1 0.2955729166666667 0.1527777777777778 0.0546875 0.1
1 0.64765625 0.11527777777777778 0.05677083333333333 0.10833333333333334
1 0.93515625 0.09305555555555556 0.0546875 0.10277777777777777
1 0.5783854166666667 0.24675925925925926 0.0515625 0.09166666666666666
1 0.8828125 0.11203703703703703 0.053125 0.09444444444444444
1 0.803125 0.2675925925925926 0.0625 0.11296296296296296
1 0.6854166666666667 0.4773148148148148 0.05625 0.09722222222222222
1 0.22916666666666666 0.5939814814814814 0.058333333333333334 0.11574074074074074
1 0.4671875 0.1175925925925926 0.059375 0.10740740740740741
1 0.6325520833333333 0.24583333333333332 0.06197916666666667 0.11203703703703703
1 0.6078125 0.3523148148148148 0.0625 0.1175925925925926
2 0.575 0.8888888888888888 0.12395833333333334 0.21296296296296297
1 0.92265625 0.6032407407407407 0.0609375 0.11574074074074074
1 0.8359375 0.8671296296296296 0.057291666666666664 0.1175925925925926
2 0.1859375 0.4564814814814815 0.128125 0.22592592592592592