1 0.4192708333333333 0.13240740740740742 0.053125 0.09444444444444444
1 0.30625 0.3175925925925926 0.053125 0.08703703703703704
1 0.634375 0.20787037037037037 0.058333333333333334 0.11388888888888889
1 0.99140625 0.23703703703703705 0.0171875 0.12222222222222222
1 0.5229166666666667 0.01712962962962963 0.06041666666666667 0.03425925925925926
1 0.37057291666666664 0.7263888888888889 0.043229166666666666 0.0824074074074074
1 0.3296875 0.6712962962962963 0.07083333333333333 0.09074074074074075
1 0.8765625 0.337037037037037 0.05520833333333333 0.09814814814814815
1 0.9875 0.7324074074074074 0.022916666666666665 0.11296296296296296
1 0.010416666666666666 0.39814814814814814 0.020833333333333332 0.13333333333333333
1 0.2908854166666667 0.02962962962962963 0.0640625 0.05740740740740741
1 0.0875 0.030555555555555555 0.053125 0.05925925925925926
1 0.62109375 0.03333333333333333 0.07239583333333334 0.06481481481481481
1 0.4421875 0.7069444444444445 0.06145833333333333 0.08981481481481482
1 0.975 0.9583333333333334 0.04791666666666667 0.07777777777777778
1 0.8708333333333333 0.8083333333333333 0.05625 0.10925925925925926
1 0.013541666666666667 0.6972222222222222 0.027083333333333334 0.10925925925925926
1 0.28984375 0.6388888888888888 0.05260416666666667 0.08518518518518518
1 0.47213541666666664 0.9555555555555556 0.0578125 0.08703703703703704
1 0.23567708333333334 0.5967592592592592 0.0578125 0.0824074074074074
1 0.4453125 0.11203703703703703 0.052083333333333336 0.07962962962962963
1 0.28984375 0.3384259259259259 0.04739583333333333 0.1175925925925926
1 0.8859375 0.8398148148148148 0.053125 0.09074074074074075
1 0.8828125 0.9555555555555556 0.05625 0.08148148148148149
1 0.43125 0.7777777777777778 0.08333333333333333 0.11296296296296296
1 0.024739583333333332 0.043055555555555555 0.049479166666666664 0.0824074074074074
1 0.22421875 0.6662037037037037 0.06614583333333333 0.09907407407407408
1 0.7325520833333333 0.030555555555555555 0.0578125 0.06111111111111111
1 0.21927083333333333 0.4736111111111111 0.057291666666666664 0.0824074074074074
1 0.7994791666666666 0.4097222222222222 0.06145833333333333 0.10277777777777777
1 0.409375 0.8550925925925926 0.06770833333333333 0.0824074074074074
1 0.9296875 0.925 0.057291666666666664 0.09444444444444444
1 0.5510416666666667 0.8 0.05 0.09074074074074075
1 0.978125 0.3111111111111111 0.040625 0.09074074074074075
1 0.43802083333333336 0.19166666666666668 0.059375 0.08333333333333333
1 0.21979166666666666 0.9625 0.06145833333333333 0.0712962962962963
1 0.025 0.2824074074074074 0.04791666666666667 0.08888888888888889
1 0.9145833333333333 0.6111111111111112 0.05625 0.1
1 0.57890625 0.9532407407407407 0.0609375 0.09166666666666666
1 0.81015625 0.9189814814814815 0.058854166666666666 0.11388888888888889
1 0.58125 0.8634259259259259 0.05520833333333333 0.0787037037037037
1 0.4125 0.04027777777777778 0.06458333333333334 0.08055555555555556
1 0.7567708333333333 0.925 0.05 0.0962962962962963
1 0.13541666666666666 0.06620370370370371 0.05416666666666667 0.10462962962962963
1 0.41770833333333335 0.9416666666666667 0.058333333333333334 0.09814814814814815
1 0.2598958333333333 0.8680555555555556 0.05625 0.09722222222222222
1 0.975 0.5907407407407408 0.046875 0.1
1 0.6518229166666667 0.2449074074074074 0.0546875 0.09722222222222222
1 0.4158854166666667 0.45092592592592595 0.0515625 0.10555555555555556
1 0.84921875 0.3875 0.0515625 0.09722222222222222
1 0.940625 0.3851851851851852 0.04583333333333333 0.09444444444444444
1 0.05807291666666667 0.9458333333333333 0.05572916666666667 0.09907407407407408
1 0.6450520833333333 0.850925925925926 0.05677083333333333 0.09444444444444444
1 0.11015625 0.4 0.06927083333333334 0.12222222222222222
1 0.0453125 0.11527777777777778 0.057291666666666664 0.09351851851851851
1 0.3078125 0.10601851851851851 0.053125 0.09166666666666666
1 0.48203125 0.6875 0.05677083333333333 0.11018518518518519
1 0.49192708333333335 0.06435185185185185 0.05572916666666667 0.10462962962962963
1 0.45546875 0.3314814814814815 0.05572916666666667 0.0962962962962963
1 0.5135416666666667 0.20787037037037037 0.0625 0.10092592592592593
1 0.8760416666666667 0.7037037037037037 0.05 0.0962962962962963
1 0.3046875 0.5444444444444444 0.051041666666666666 0.1037037037037037
1 0.8588541666666667 0.6055555555555555 0.053125 0.0962962962962963
1 0.06380208333333333 0.6759259259259259 0.050520833333333334 0.10740740740740741
1 0.06770833333333333 0.33935185185185185 0.05520833333333333 0.10648148148148148
1 0.24921875 0.7643518518518518 0.05677083333333333 0.11203703703703703
1 0.3841145833333333 0.28703703703703703 0.058854166666666666 0.08888888888888889
1 0.8049479166666667 0.6194444444444445 0.05260416666666667 0.09444444444444444
1 0.7479166666666667 0.700925925925926 0.059375 0.1
1 0.23802083333333332 0.1037037037037037 0.06770833333333333 0.10185185185185185
1 0.6255208333333333 0.5689814814814815 0.05 0.10277777777777777
1 0.85625 0.18055555555555555 0.05625 0.09444444444444444
1 0.7861979166666667 0.1425925925925926 0.05260416666666667 0.1111111111111111
1 0.06432291666666666 0.2013888888888889 0.05677083333333333 0.09722222222222222
1 0.36302083333333335 0.37407407407407406 0.04895833333333333 0.0962962962962963
1 0.90546875 0.2884259259259259 0.0546875 0.10648148148148148
1 0.5903645833333333 0.6972222222222222 0.0546875 0.10185185185185185
1 0.8302083333333333 0.274537037037037 0.0625 0.09166666666666666
1 0.8385416666666666 0.08796296296296297 0.0625 0.10555555555555556
1 0.95390625 0.22916666666666666 0.0578125 0.11203703703703703
1 0.11770833333333333 0.275 0.053125 0.10185185185185185
1 0.5369791666666667 0.6958333333333333 0.05 0.12314814814814815
1 0.5028645833333333 0.2935185185185185 0.0515625 0.10185185185185185
1 0.178125 0.5898148148148148 0.053125 0.10740740740740741
1 0.6895833333333333 0.7166666666666667 0.053125 0.10740740740740741
1 0.6979166666666666 0.4486111111111111 0.06875 0.10277777777777777
1 0.46848958333333335 0.49583333333333335 0.0578125 0.10277777777777777
1 0.6580729166666667 0.10185185185185185 0.0609375 0.1
1 0.5739583333333333 0.5935185185185186 0.05 0.1037037037037037
1 0.7041666666666667 0.8694444444444445 0.05625 0.11666666666666667
1 0.70234375 0.5699074074074074 0.0546875 0.11944444444444445
1 0.7497395833333333 0.5087962962962963 0.0546875 0.09722222222222222
1 0.3296875 0.21064814814814814 0.05520833333333333 0.12314814814814815
1 0.18333333333333332 0.17222222222222222 0.05625 0.12037037037037036
1 0.1546875 0.9384259259259259 0.057291666666666664 0.11944444444444445
1 0.7309895833333333 0.18518518518518517 0.0609375 0.10740740740740741
1 0.13541666666666666 0.5092592592592593 0.06666666666666667 0.10925925925925926
1 0.9234375 0.7578703703703704 0.059375 0.10092592592592593
1 0.03203125 0.5861111111111111 0.058854166666666666 0.1111111111111111
1 0.6 0.11712962962962963 0.052083333333333336 0.10648148148148148
1 0.8838541666666667 0.5115740740740741 0.065625 0.09351851851851851
1 0.6174479166666667 0.36712962962962964 0.05677083333333333 0.10277777777777777
2 0.42135416666666664 0.5819444444444445 0.103125 0.17314814814814813
1 0.5729166666666666 0.48518518518518516 0.058333333333333334 0.10555555555555556
1 0.103125 0.8833333333333333 0.058333333333333334 0.12037037037037036
1 0.23385416666666667 0.3458333333333333 0.059375 0.11388888888888889
1 0.5486979166666667 0.08981481481481482 0.0484375 0.10555555555555556
1 0.7526041666666666 0.812962962962963 0.05520833333333333 0.1259259259259259
1 0.96640625 0.48194444444444445 0.0546875 0.11203703703703703
1 0.5734375 0.21898148148148147 0.052083333333333336 0.12129629629629629