1 0.5286458333333334 0.6453703703703704 0.05625 0.10740740740740741
1 0.234375 0.032407407407407406 0.04583333333333333 0.06481481481481481
1 0.19088541666666667 0.7546296296296297 0.05260416666666667 0.09814814814814815
1 0.4393229166666667 0.012962962962962963 0.0578125 0.025925925925925925
1 0.98046875 0.9629629629629629 0.0390625 0.07037037037037037
1 0.7059895833333333 0.975 0.0734375 0.04814814814814815
1 0.18072916666666666 0.019444444444444445 0.05625 0.03888888888888889
1 0.8203125 0.7587962962962963 0.057291666666666664 0.09722222222222222
1 0.915625 0.9726851851851852 0.071875 0.05092592592592592
1 0.30104166666666665 0.02824074074074074 0.05416666666666667 0.05648148148148148
1 0.06822916666666666 0.9671296296296297 0.06458333333333334 0.06388888888888888
1 0.9880208333333333 0.787962962962963 0.023958333333333335 0.08333333333333333
1 0.24270833333333333 0.5032407407407408 0.05416666666666667 0.08425925925925926
1 0.26328125 0.8078703703703703 0.049479166666666664 0.09722222222222222
1 0.009635416666666667 0.16111111111111112 0.019270833333333334 0.1037037037037037
1 0.3575520833333333 0.7416666666666667 0.0609375 0.12037037037037036
1 0.15546875 0.6564814814814814 0.0484375 0.09814814814814815
1 0.3609375 0.4449074074074074 0.053125 0.08981481481481482
1 0.2421875 0.05694444444444444 0.05416666666666667 0.09722222222222222
1 0.578125 0.9736111111111111 0.07083333333333333 0.05092592592592592
1 0.021875 0.9296296296296296 0.04375 0.1037037037037037
1 0.84765625 0.8736111111111111 0.0609375 0.09722222222222222
1 0.009895833333333333 0.49907407407407406 0.019791666666666666 0.10555555555555556
1 0.4375 0.8972222222222223 0.05416666666666667 0.10185185185185185
1 0.76640625 0.23981481481481481 0.0515625 0.09074074074074075
1 0.953125 0.032407407407407406 0.075 0.06111111111111111
1 0.22317708333333333 0.7333333333333333 0.0515625 0.1
1 0.453125 0.5856481481481481 0.05 0.10092592592592593
1 0.98828125 0.5731481481481482 0.0234375 0.11666666666666667
1 0.746875 0.016666666666666666 0.06354166666666666 0.03333333333333333
1 0.7955729166666666 0.6458333333333334 0.04635416666666667 0.0824074074074074
1 0.13046875 0.6287037037037037 0.0515625 0.09444444444444444
1 0.3015625 0.20601851851851852 0.04375 0.0712962962962963
1 0.28177083333333336 0.7291666666666666 0.06354166666666666 0.09537037037037037
1 0.21197916666666666 0.36157407407407405 0.051041666666666666 0.09166666666666666
1 0.8359375 0.7166666666666667 0.04895833333333333 0.08148148148148149
1 0.30026041666666664 0.06944444444444445 0.05364583333333333 0.09259259259259259
1 0.4356770833333333 0.33240740740740743 0.06822916666666666 0.10555555555555556
1 0.15885416666666666 0.29768518518518516 0.04791666666666667 0.10833333333333334
1 0.18541666666666667 0.09675925925925925 0.06354166666666666 0.09722222222222222
1 0.9671875 0.8625 0.059375 0.10092592592592593
1 0.865625 0.6375 0.053125 0.08981481481481482
1 0.7322916666666667 0.8916666666666667 0.059375 0.12222222222222222
1 0.8463541666666666 0.41759259259259257 0.065625 0.10185185185185185
1 0.6338541666666667 0.7435185185185185 0.065625 0.11666666666666667
1 0.8671875 0.4925925925925926 0.04375 0.06666666666666667
1 0.18958333333333333 0.41064814814814815 0.053125 0.09722222222222222
1 0.7963541666666667 0.5550925925925926 0.05520833333333333 0.09351851851851851
1 0.3854166666666667 0.9074074074074074 0.058333333333333334 0.09444444444444444
1 0.25078125 0.36018518518518516 0.05677083333333333 0.08888888888888889
1 0.60625 0.8722222222222222 0.06041666666666667 0.1259259259259259
1 0.203125 0.23472222222222222 0.04791666666666667 0.10277777777777777
1 0.7333333333333333 0.7708333333333334 0.05625 0.0824074074074074
1 0.875 0.3731481481481482 0.04791666666666667 0.08888888888888889
1 0.059895833333333336 0.5106481481481482 0.06145833333333333 0.11203703703703703
1 0.70546875 0.7148148148148148 0.050520833333333334 0.09259259259259259
1 0.015364583333333333 0.35 0.030729166666666665 0.11666666666666667
1 0.24270833333333333 0.45740740740740743 0.058333333333333334 0.08333333333333333
1 0.9145833333333333 0.27314814814814814 0.05 0.09259259259259259
1 0.215625 0.9458333333333333 0.057291666666666664 0.10092592592592593
1 0.78515625 0.4638888888888889 0.0546875 0.0962962962962963
1 0.027083333333333334 0.08287037037037037 0.053125 0.09537037037037037
1 0.3528645833333333 0.25787037037037036 0.06302083333333333 0.08425925925925926
1 0.93203125 0.36064814814814816 0.0484375 0.10648148148148148
1 0.8122395833333333 0.9388888888888889 0.06614583333333333 0.1037037037037037
1 0.3268229166666667 0.16064814814814815 0.06197916666666667 0.09722222222222222
1 0.2140625 0.6481481481481481 0.059375 0.08148148148148149
1 0.7622395833333333 0.18564814814814815 0.059895833333333336 0.09166666666666666
1 0.32421875 0.6231481481481481 0.058854166666666666 0.09444444444444444
1 0.83828125 0.08055555555555556 0.0515625 0.08703703703703704
1 0.90625 0.8976851851851851 0.065625 0.10277777777777777
1 0.5072916666666667 0.49907407407407406 0.052083333333333336 0.0962962962962963
1 0.63125 0.5578703703703703 0.05416666666666667 0.09166666666666666
1 0.22708333333333333 0.825 0.057291666666666664 0.08148148148148149
1 0.978125 0.32314814814814813 0.040625 0.1
1 0.9755208333333333 0.2125 0.046875 0.10092592592592593
1 0.10390625 0.29398148148148145 0.059895833333333336 0.12314814814814815
1 0.2713541666666667 0.9092592592592592 0.06354166666666666 0.1
1 0.8859375 0.04537037037037037 0.065625 0.08888888888888889
1 0.43046875 0.6759259259259259 0.059895833333333336 0.0962962962962963
1 0.7385416666666667 0.5291666666666667 0.053125 0.11018518518518519
1 0.6580729166666667 0.6486111111111111 0.06197916666666667 0.08425925925925926
1 0.4044270833333333 0.5685185185185185 0.0578125 0.10555555555555556
1 0.9140625 0.6537037037037037 0.04479166666666667 0.07777777777777778
1 0.9 0.5717592592592593 0.05 0.09351851851851851
1 0.5807291666666666 0.6875 0.053125 0.11203703703703703
1 0.95625 0.7236111111111111 0.05416666666666667 0.1175925925925926
1 0.42239583333333336 0.43657407407407406 0.04895833333333333 0.10462962962962963
1 0.09505208333333333 0.7773148148148148 0.06822916666666666 0.10648148148148148
1 0.24375 0.16666666666666666 0.046875 0.10185185185185185
1 0.11744791666666667 0.5305555555555556 0.05364583333333333 0.09814814814814815
1 0.5567708333333333 0.5731481481481482 0.065625 0.09814814814814815
1 0.18932291666666667 0.524537037037037 0.0515625 0.09907407407407408
1 0.6861979166666666 0.5486111111111112 0.0515625 0.11944444444444445
1 0.5036458333333333 0.4097222222222222 0.05520833333333333 0.10462962962962963
1 0.9546875 0.6060185185185185 0.05625 0.11203703703703703
1 0.6794270833333333 0.8712962962962963 0.0515625 0.10925925925925926
1 0.07682291666666667 0.10833333333333334 0.05364583333333333 0.11481481481481481
1 0.72265625 0.24675925925925926 0.0484375 0.10277777777777777
1 0.740625 0.38935185185185184 0.05416666666666667 0.10462962962962963
1 0.8065104166666667 0.3333333333333333 0.049479166666666664 0.09814814814814815
1 0.68828125 0.1726851851851852 0.0609375 0.09722222222222222
1 0.10885416666666667 0.8875 0.06770833333333333 0.11018518518518519
1 0.14322916666666666 0.1712962962962963 0.053125 0.0962962962962963
1 0.11067708333333333 0.04351851851851852 0.04739583333333333 0.08333333333333333
2 0.51796875 0.7615740740740741 0.11822916666666666 0.16203703703703703
1 0.909375 0.14444444444444443 0.05416666666666667 0.1
2 0.5166666666666667 0.9018518518518519 0.11458333333333333 0.14814814814814814
1 0.42291666666666666 0.24074074074074073 0.059375 0.10740740740740741
1 0.55078125 0.25046296296296294 0.05364583333333333 0.11018518518518519
1 0.3143229166666667 0.5111111111111111 0.0609375 0.1037037037037037
1 0.037760416666666664 0.4217592592592593 0.05364583333333333 0.11203703703703703
1 0.6645833333333333 0.2550925925925926 0.05625 0.10092592592592593
1 0.3182291666666667 0.3300925925925926 0.059375 0.10648148148148148
1 0.5734375 0.06898148148148148 0.057291666666666664 0.11018518518518519
1 0.59921875 0.31574074074074077 0.05260416666666667 0.10185185185185185
1 0.5109375 0.08472222222222223 0.05520833333333333 0.10462962962962963
1 0.7078125 0.07314814814814814 0.06145833333333333 0.11296296296296296
1 0.76875 0.08564814814814815 0.06041666666666667 0.11203703703703703
2 0.8440104166666667 0.20416666666666666 0.1015625 0.1638888888888889