1 0.146875 0.48194444444444445 0.05520833333333333 0.09351851851851851
1 0.16328125 0.9722222222222222 0.058854166666666666 0.05555555555555555
1 0.9151041666666667 0.7902777777777777 0.059375 0.1287037037037037
1 0.90390625 0.9513888888888888 0.0671875 0.09351851851851851
1 0.17734375 0.015277777777777777 0.06302083333333333 0.030555555555555555
1 0.12265625 0.019444444444444445 0.058854166666666666 0.03888888888888889
1 0.659375 0.11851851851851852 0.05520833333333333 0.1037037037037037
1 0.9515625 0.28379629629629627 0.0625 0.11388888888888889
1 0.884375 0.02962962962962963 0.07083333333333333 0.05740740740740741
1 0.7234375 0.6458333333333334 0.059375 0.125
1 0.26458333333333334 0.9574074074074074 0.051041666666666666 0.07777777777777778
1 0.98671875 0.5634259259259259 0.0265625 0.1175925925925926
1 0.07265625 0.19074074074074074 0.0515625 0.1
1 0.52265625 0.9611111111111111 0.058854166666666666 0.07407407407407407
1 0.9 0.3296296296296296 0.04583333333333333 0.09444444444444444
1 0.515625 0.549074074074074 0.058333333333333334 0.09814814814814815
1 0.3578125 0.06898148148148148 0.06145833333333333 0.13796296296296295
1 0.30520833333333336 0.02962962962962963 0.06666666666666667 0.05740740740740741
1 0.7432291666666667 0.03888888888888889 0.057291666666666664 0.07407407407407407
1 0.6640625 0.025 0.059375 0.05
1 0.015885416666666666 0.5481481481481482 0.03177083333333333 0.13148148148148148
1 0.96640625 0.03333333333333333 0.0578125 0.06666666666666667
1 0.023697916666666666 0.9268518518518518 0.04635416666666667 0.1388888888888889
1 0.8122395833333333 0.24583333333333332 0.04739583333333333 0.08981481481481482
1 0.590625 0.9166666666666666 0.0625 0.12962962962962962
1 0.6208333333333333 0.23148148148148148 0.04583333333333333 0.12037037037037036
1 0.5783854166666667 0.7773148148148148 0.0546875 0.1175925925925926
1 0.8609375 0.2967592592592593 0.053125 0.10092592592592593
1 0.10546875 0.9430555555555555 0.0671875 0.10462962962962963
1 0.10208333333333333 0.2967592592592593 0.06875 0.11388888888888889
1 0.96953125 0.725462962962963 0.0609375 0.11944444444444445
1 0.8302083333333333 0.9365740740740741 0.0625 0.10092592592592593
1 0.7942708333333334 0.03888888888888889 0.057291666666666664 0.07592592592592592
1 0.6395833333333333 0.9648148148148148 0.06458333333333334 0.06666666666666667
1 0.18567708333333333 0.9074074074074074 0.0515625 0.09444444444444444
1 0.46380208333333334 0.15416666666666667 0.05677083333333333 0.1287037037037037
1 0.7044270833333334 0.9259259259259259 0.06302083333333333 0.1
1 0.984375 0.21157407407407408 0.03125 0.125
1 0.5356770833333333 0.05092592592592592 0.0640625 0.10185185185185185
1 0.859375 0.38935185185185184 0.04375 0.07685185185185185
1 0.5221354166666666 0.1388888888888889 0.0640625 0.11296296296296296
1 0.16458333333333333 0.45601851851851855 0.052083333333333336 0.09722222222222222
1 0.18489583333333334 0.8342592592592593 0.05625 0.09444444444444444
1 0.77265625 0.7171296296296297 0.0609375 0.09166666666666666
1 0.02734375 0.8037037037037037 0.0546875 0.1259259259259259
1 0.5630208333333333 0.6046296296296296 0.053125 0.0962962962962963
2 0.41171875 0.9495370370370371 0.11614583333333334 0.09351851851851851
1 0.36614583333333334 0.7555555555555555 0.057291666666666664 0.13518518518518519
1 0.503125 0.3449074074074074 0.05416666666666667 0.09537037037037037
1 0.4796875 0.6851851851851852 0.07291666666666667 0.10555555555555556
1 0.3729166666666667 0.5527777777777778 0.06458333333333334 0.09814814814814815
1 0.09765625 0.19027777777777777 0.04739583333333333 0.08611111111111111
1 0.7653645833333333 0.9300925925925926 0.0640625 0.10092592592592593
1 0.08854166666666667 0.7226851851851852 0.059375 0.10648148148148148
1 0.46875 0.4083333333333333 0.04895833333333333 0.09444444444444444
1 0.05807291666666667 0.05324074074074074 0.058854166666666666 0.10648148148148148
1 0.6450520833333333 0.5768518518518518 0.0578125 0.1037037037037037
1 0.42239583333333336 0.7069444444444445 0.04895833333333333 0.10277777777777777
1 0.6221354166666667 0.3416666666666667 0.0796875 0.09444444444444444
1 0.85625 0.6657407407407407 0.059375 0.10925925925925926
1 0.6963541666666667 0.8300925925925926 0.057291666666666664 0.10092592592592593
1 0.14088541666666668 0.6962962962962963 0.05364583333333333 0.1037037037037037
1 0.7825520833333334 0.8375 0.06302083333333333 0.09166666666666666
1 0.7846354166666667 0.22268518518518518 0.059895833333333336 0.11388888888888889
1 0.9390625 0.8810185185185185 0.0625 0.10092592592592593
1 0.03125 0.37824074074074077 0.057291666666666664 0.11203703703703703
1 0.25104166666666666 0.5287037037037037 0.06145833333333333 0.10925925925925926
1 0.6822916666666666 0.09074074074074075 0.053125 0.08888888888888889
1 0.26223958333333336 0.2638888888888889 0.050520833333333334 0.0962962962962963
1 0.54375 0.27824074074074073 0.06041666666666667 0.11388888888888889
1 0.2359375 0.6893518518518519 0.05416666666666667 0.08055555555555556
1 0.6830729166666667 0.5046296296296297 0.0609375 0.12777777777777777
1 0.26588541666666665 0.4115740740740741 0.06614583333333333 0.12685185185185185
1 0.26640625 0.7810185185185186 0.07135416666666666 0.11018518518518519
1 0.25677083333333334 0.17546296296296296 0.06041666666666667 0.10648148148148148
1 0.42135416666666664 0.5675925925925925 0.05520833333333333 0.12222222222222222
1 0.08671875 0.4046296296296296 0.0515625 0.09074074074074075
1 0.93046875 0.4444444444444444 0.0640625 0.10740740740740741
1 0.9072916666666667 0.5324074074074074 0.0625 0.11481481481481481
1 0.5481770833333334 0.7944444444444444 0.05677083333333333 0.11481481481481481
1 0.35651041666666666 0.46435185185185185 0.06197916666666667 0.10092592592592593
1 0.18046875 0.6092592592592593 0.05364583333333333 0.09444444444444444
1 0.6973958333333333 0.7166666666666667 0.05625 0.10740740740740741
1 0.41432291666666665 0.44907407407407407 0.06927083333333334 0.12777777777777777
1 0.27838541666666666 0.5944444444444444 0.06510416666666667 0.11666666666666667
1 0.21744791666666666 0.46944444444444444 0.05260416666666667 0.10185185185185185
1 0.803125 0.7541666666666667 0.059375 0.10462962962962963
1 0.5734375 0.40324074074074073 0.07604166666666666 0.11574074074074074
1 0.7463541666666667 0.5087962962962963 0.06145833333333333 0.09907407407407408
1 0.175 0.21388888888888888 0.051041666666666666 0.09074074074074075
1 0.46197916666666666 0.2902777777777778 0.053125 0.10277777777777777
1 0.40078125 0.11157407407407408 0.0734375 0.13055555555555556
1 0.14036458333333332 0.1412037037037037 0.05260416666666667 0.10277777777777777
1 0.31354166666666666 0.12546296296296297 0.05625 0.09537037037037037
1 0.08776041666666666 0.09027777777777778 0.059895833333333336 0.09722222222222222
1 0.065625 0.6259259259259259 0.057291666666666664 0.1
1 0.023958333333333335 0.22685185185185186 0.04791666666666667 0.1111111111111111
2 0.45703125 0.8416666666666667 0.14322916666666666 0.22777777777777777
1 0.13072916666666667 0.5685185185185185 0.06145833333333333 0.10185185185185185
1 0.21848958333333332 0.09768518518518518 0.0609375 0.12314814814814815
2 0.3692708333333333 0.28935185185185186 0.13645833333333332 0.24351851851851852
2 0.9171875 0.14629629629629629 0.115625 0.2037037037037037
2 0.7841145833333333 0.375 0.12135416666666667 0.2037037037037037