1 0.7731770833333333 0.7597222222222222 0.0515625 0.11018518518518519
1 0.9890625 0.874537037037037 0.021875 0.14166666666666666
1 0.07369791666666667 0.6203703703703703 0.05572916666666667 0.1
1 0.16744791666666667 0.030555555555555555 0.05677083333333333 0.05925925925925926
0 0.5325520833333334 0.05648148148148148 0.0109375 0.020370370370370372
1 0.95859375 0.018518518518518517 0.0734375 0.037037037037037035
1 0.2 0.9555555555555556 0.07291666666666667 0.08703703703703704
1 0.9609375 0.7537037037037037 0.065625 0.1388888888888889
1 0.46536458333333336 0.3972222222222222 0.0609375 0.08888888888888889
1 0.009895833333333333 0.4625 0.019791666666666666 0.10277777777777777
1 0.6072916666666667 0.9009259259259259 0.07916666666666666 0.12777777777777777
1 0.2703125 0.449537037037037 0.06145833333333333 0.09722222222222222
1 0.44817708333333334 0.662962962962963 0.05572916666666667 0.1111111111111111
1 0.44036458333333334 0.012962962962962963 0.06510416666666667 0.025925925925925925
1 0.90078125 0.1476851851851852 0.0546875 0.09722222222222222
1 0.78125 0.5189814814814815 0.06041666666666667 0.11203703703703703
1 0.884375 0.030555555555555555 0.065625 0.06111111111111111
1 0.7203125 0.34953703703703703 0.07083333333333333 0.11574074074074074
1 0.57109375 0.45416666666666666 0.05260416666666667 0.09351851851851851
1 0.5755208333333334 0.017592592592592594 0.0625 0.03518518518518519
1 0.0171875 0.175 0.034375 0.1037037037037037
1 0.6528645833333333 0.2800925925925926 0.0640625 0.11018518518518519
1 0.36015625 0.40925925925925927 0.0578125 0.10740740740740741
1 0.47994791666666664 0.23935185185185184 0.0609375 0.10092592592592593
1 0.08802083333333334 0.9541666666666667 0.06458333333333334 0.09166666666666666
1 0.11979166666666667 0.22870370370370371 0.058333333333333334 0.1
1 0.1625 0.7833333333333333 0.05625 0.10925925925925926
1 0.7369791666666666 0.9069444444444444 0.0625 0.10277777777777777
1 0.9171875 0.11157407407407408 0.04895833333333333 0.10833333333333334
1 0.76953125 0.6069444444444444 0.059895833333333336 0.10277777777777777
1 0.17265625 0.24768518518518517 0.0796875 0.09722222222222222
1 0.725 0.6611111111111111 0.058333333333333334 0.11481481481481481
1 0.484375 0.8495370370370371 0.05625 0.10462962962962963
1 0.32890625 0.075 0.0578125 0.0962962962962963
1 0.8921875 0.9314814814814815 0.075 0.11666666666666667
1 0.13046875 0.7962962962962963 0.06302083333333333 0.10740740740740741
1 0.3463541666666667 0.925 0.057291666666666664 0.10185185185185185
1 0.1234375 0.3416666666666667 0.05520833333333333 0.1111111111111111
1 0.58984375 0.5898148148148148 0.05572916666666667 0.1111111111111111
1 0.0203125 0.3560185185185185 0.040625 0.09907407407407408
1 0.19348958333333333 0.3939814814814815 0.05364583333333333 0.09907407407407408
1 0.32083333333333336 0.1310185185185185 0.0625 0.09166666666666666
1 0.8484375 0.07546296296296297 0.071875 0.10277777777777777
1 0.78671875 0.9384259259259259 0.0640625 0.11574074074074074
1 0.029427083333333333 0.6865740740740741 0.0578125 0.10092592592592593
1 0.5427083333333333 0.5162037037037037 0.04791666666666667 0.10092592592592593
1 0.5174479166666667 0.7824074074074074 0.06927083333333334 0.12777777777777777
1 0.3333333333333333 0.8208333333333333 0.058333333333333334 0.10833333333333334
1 0.4171875 0.10138888888888889 0.06354166666666666 0.11574074074074074
1 0.5703125 0.6939814814814815 0.06979166666666667 0.10833333333333334
1 0.73515625 0.7625 0.0578125 0.09351851851851851
1 0.878125 0.38425925925925924 0.058333333333333334 0.10555555555555556
1 0.6684895833333333 0.8351851851851851 0.06510416666666667 0.12222222222222222
1 0.6513020833333333 0.1962962962962963 0.0578125 0.08703703703703704
1 0.39010416666666664 0.6129629629629629 0.051041666666666666 0.10185185185185185
1 0.15546875 0.3527777777777778 0.049479166666666664 0.1037037037037037
1 0.9739583333333334 0.12916666666666668 0.05 0.11388888888888889
1 0.12864583333333332 0.14814814814814814 0.058333333333333334 0.1037037037037037
1 0.8234375 0.39305555555555555 0.065625 0.1175925925925926
1 0.09739583333333333 0.05462962962962963 0.0625 0.1
1 0.4984375 0.4759259259259259 0.053125 0.1037037037037037
1 0.0296875 0.21944444444444444 0.05520833333333333 0.10925925925925926
1 0.6380208333333334 0.3763888888888889 0.05520833333333333 0.10462962962962963
1 0.625 0.1111111111111111 0.05625 0.10925925925925926
1 0.37578125 0.7412037037037037 0.06302083333333333 0.12129629629629629
1 0.6877604166666667 0.13287037037037036 0.0546875 0.11203703703703703
1 0.3299479166666667 0.49074074074074076 0.0609375 0.10740740740740741
1 0.02578125 0.08981481481481482 0.049479166666666664 0.1037037037037037
1 0.1546875 0.48333333333333334 0.06354166666666666 0.1111111111111111
1 0.5763020833333333 0.23657407407407408 0.05677083333333333 0.10648148148148148
1 0.20364583333333333 0.5175925925925926 0.05625 0.10555555555555556
1 0.2109375 0.7171296296296297 0.06145833333333333 0.1175925925925926
1 0.34791666666666665 0.2587962962962963 0.06145833333333333 0.11018518518518519
1 0.028645833333333332 0.5388888888888889 0.057291666666666664 0.12037037037037036
1 0.7432291666666667 0.06944444444444445 0.059375 0.11851851851851852
1 0.44192708333333336 0.4726851851851852 0.06302083333333333 0.11018518518518519
2 0.5317708333333333 0.3347222222222222 0.09479166666666666 0.16574074074074074
2 0.3190104166666667 0.6467592592592593 0.10260416666666666 0.18611111111111112
2 0.5302083333333333 0.14351851851851852 0.10625 0.18703703703703703
2 0.8546875 0.25555555555555554 0.10520833333333333 0.17777777777777778