1 0.96640625 0.9745370370370371 0.0609375 0.04537037037037037
0 0.98125 0.624537037037037 0.020833333333333332 0.030555555555555555
1 0.259375 0.975925925925926 0.06875 0.044444444444444446
1 0.43515625 0.4722222222222222 0.06822916666666666 0.1111111111111111
1 0.26848958333333334 0.6680555555555555 0.058854166666666666 0.1287037037037037
1 0.0203125 0.08333333333333333 0.040625 0.1
1 0.88984375 0.9541666666666667 0.0640625 0.08611111111111111
1 0.946875 0.24768518518518517 0.059375 0.11944444444444445
1 0.9864583333333333 0.7462962962962963 0.025 0.0962962962962963
1 0.21979166666666666 0.2564814814814815 0.052083333333333336 0.10740740740740741
1 0.05703125 0.1685185185185185 0.0609375 0.1037037037037037
1 0.090625 0.0375 0.059375 0.075
1 0.021875 0.40925925925925927 0.04375 0.1037037037037037
1 0.15859375 0.3574074074074074 0.05260416666666667 0.09814814814814815
1 0.16979166666666667 0.9351851851851852 0.07291666666666667 0.11851851851851852
1 0.83125 0.7939814814814815 0.052083333333333336 0.09351851851851851
1 0.678125 0.47685185185185186 0.057291666666666664 0.1037037037037037
1 0.13307291666666668 0.8638888888888889 0.0671875 0.10925925925925926
1 0.015104166666666667 0.7694444444444445 0.030208333333333334 0.10185185185185185
1 0.40078125 0.5453703703703704 0.06614583333333333 0.10185185185185185
1 0.85390625 0.6 0.0484375 0.08333333333333333
1 0.20885416666666667 0.4111111111111111 0.052083333333333336 0.13148148148148148
1 0.8765625 0.8513888888888889 0.075 0.11574074074074074
1 0.04765625 0.26851851851851855 0.06197916666666667 0.1
1 0.46536458333333336 0.300462962962963 0.0578125 0.09351851851851851
1 0.37213541666666666 0.26481481481481484 0.05364583333333333 0.11481481481481481
1 0.4859375 0.562962962962963 0.053125 0.10185185185185185
1 0.9296875 0.2726851851851852 0.059375 0.11018518518518519
1 0.0171875 0.5800925925925926 0.034375 0.10092592592592593
1 0.15052083333333333 0.7694444444444445 0.057291666666666664 0.1
1 0.2890625 0.31574074074074077 0.053125 0.09814814814814815
1 0.12083333333333333 0.5625 0.059375 0.09722222222222222
1 0.7109375 0.6439814814814815 0.05520833333333333 0.08981481481481482
1 0.16223958333333333 0.09861111111111111 0.05677083333333333 0.09907407407407408
1 0.98515625 0.30925925925925923 0.0296875 0.11666666666666667
1 0.4421875 0.9430555555555555 0.057291666666666664 0.09166666666666666
1 0.8145833333333333 0.5939814814814814 0.04895833333333333 0.10092592592592593
1 0.38645833333333335 0.8712962962962963 0.053125 0.10555555555555556
1 0.3966145833333333 0.40694444444444444 0.0515625 0.10648148148148148
1 0.26171875 0.8444444444444444 0.07552083333333333 0.12037037037037036
1 0.471875 0.7416666666666667 0.06041666666666667 0.14629629629629629
1 0.28020833333333334 0.42916666666666664 0.0625 0.12129629629629629
1 0.9265625 0.5898148148148148 0.05 0.1
1 0.06145833333333333 0.5949074074074074 0.057291666666666664 0.11388888888888889
1 0.5427083333333333 0.5069444444444444 0.05416666666666667 0.10092592592592593
1 0.9734375 0.8972222222222223 0.051041666666666666 0.11666666666666667
1 0.53984375 0.8037037037037037 0.058854166666666666 0.11481481481481481
1 0.58984375 0.8351851851851851 0.06197916666666667 0.10555555555555556
1 0.4354166666666667 0.8407407407407408 0.05625 0.12222222222222222
1 0.7286458333333333 0.30324074074074076 0.078125 0.10277777777777777
1 0.6411458333333333 0.7805555555555556 0.0625 0.1
1 0.25234375 0.24444444444444444 0.05572916666666667 0.1037037037037037
1 0.8875 0.6962962962962963 0.053125 0.09259259259259259
1 0.63125 0.5939814814814814 0.058333333333333334 0.09722222222222222
1 0.578125 0.6185185185185185 0.05416666666666667 0.10740740740740741
1 0.06927083333333334 0.8513888888888889 0.06979166666666667 0.08981481481481482
1 0.43984375 0.20879629629629629 0.0578125 0.10833333333333334
1 0.33645833333333336 0.9143518518518519 0.06875 0.11018518518518519
1 0.965625 0.13564814814814816 0.06041666666666667 0.11388888888888889
1 0.9265625 0.7736111111111111 0.065625 0.12314814814814815
1 0.46510416666666665 0.050462962962962966 0.0625 0.0824074074074074
1 0.21848958333333332 0.06481481481481481 0.06302083333333333 0.12962962962962962
1 0.7942708333333334 0.3175925925925926 0.06145833333333333 0.12037037037037036
2 0.06354166666666666 0.950462962962963 0.12708333333333333 0.09166666666666666
1 0.027083333333333334 0.6837962962962963 0.05416666666666667 0.10648148148148148
1 0.746875 0.41064814814814815 0.06041666666666667 0.1175925925925926
1 0.6494791666666667 0.9351851851851852 0.065625 0.10555555555555556
1 0.7963541666666667 0.9435185185185185 0.06041666666666667 0.1
1 0.75859375 0.6018518518518519 0.0609375 0.1111111111111111
1 0.17760416666666667 0.5171296296296296 0.06770833333333333 0.11018518518518519
1 0.103125 0.6574074074074074 0.05416666666666667 0.08518518518518518
1 0.08203125 0.48935185185185187 0.0640625 0.11944444444444445
1 0.93125 0.049074074074074076 0.0625 0.0962962962962963
1 0.67578125 0.18935185185185185 0.0703125 0.11944444444444445
1 0.971875 0.5263888888888889 0.05625 0.10092592592592593
1 0.23802083333333332 0.5569444444444445 0.06770833333333333 0.11018518518518519
1 0.6911458333333333 0.3861111111111111 0.05520833333333333 0.09444444444444444
1 0.32005208333333335 0.31527777777777777 0.050520833333333334 0.10277777777777777
1 0.6036458333333333 0.19166666666666668 0.06770833333333333 0.1111111111111111
1 0.4005208333333333 0.29212962962962963 0.057291666666666664 0.10092592592592593
1 0.5020833333333333 0.26157407407407407 0.05416666666666667 0.11388888888888889
1 0.66015625 0.6912037037037037 0.05677083333333333 0.10277777777777777
1 0.665625 0.06944444444444445 0.07083333333333333 0.12962962962962962
1 0.5072916666666667 0.37916666666666665 0.07291666666666667 0.1361111111111111
1 0.30911458333333336 0.18472222222222223 0.08177083333333333 0.16203703703703703
1 0.5786458333333333 0.0763888888888889 0.071875 0.13055555555555556
1 0.33359375 0.5370370370370371 0.06614583333333333 0.11851851851851852
1 0.48828125 0.1361111111111111 0.07552083333333333 0.11851851851851852
2 0.740625 0.8407407407407408 0.10833333333333334 0.1962962962962963
2 0.390625 0.07407407407407407 0.09895833333333333 0.14814814814814814
2 0.3888020833333333 0.7291666666666666 0.10885416666666667 0.20092592592592592
2 0.884375 0.47962962962962963 0.1125 0.20925925925925926
2 0.8484375 0.15416666666666667 0.13645833333333332 0.2490740740740741