1 0.990625 0.5203703703703704 0.01875 0.1111111111111111
1 0.753125 0.20694444444444443 0.046875 0.09537037037037037
1 0.7794270833333333 0.021296296296296296 0.05364583333333333 0.04259259259259259
1 0.00859375 0.14953703703703702 0.0171875 0.1361111111111111
0 0.9947916666666666 0.7384259259259259 0.010416666666666666 0.0712962962962963
1 0.9895833333333334 0.055092592592592596 0.020833333333333332 0.11018518518518519
1 0.6552083333333333 0.040740740740740744 0.0625 0.08148148148148149
1 0.2421875 0.22962962962962963 0.05625 0.09259259259259259
1 0.4125 0.03564814814814815 0.057291666666666664 0.06759259259259259
1 0.22057291666666667 0.02361111111111111 0.06510416666666667 0.04722222222222222
1 0.73984375 0.4638888888888889 0.0578125 0.1259259259259259
1 0.43697916666666664 0.9490740740740741 0.06354166666666666 0.09444444444444444
1 0.35130208333333335 0.44537037037037036 0.05260416666666667 0.09814814814814815
1 0.009635416666666667 0.7819444444444444 0.019270833333333334 0.16018518518518518
1 0.19973958333333333 0.9634259259259259 0.05572916666666667 0.06944444444444445
0 0.79921875 0.6240740740740741 0.018229166666666668 0.027777777777777776
1 0.61875 0.8166666666666667 0.057291666666666664 0.09814814814814815
1 0.93203125 0.9157407407407407 0.0609375 0.10925925925925926
1 0.95546875 0.9546296296296296 0.0609375 0.07222222222222222
1 0.6080729166666666 0.6990740740740741 0.06822916666666666 0.09444444444444444
1 0.3502604166666667 0.8347222222222223 0.06822916666666666 0.12129629629629629
1 0.6515625 0.9416666666666667 0.059375 0.09814814814814815
1 0.9390625 0.1439814814814815 0.08854166666666667 0.10833333333333334
1 0.53828125 0.9027777777777778 0.058854166666666666 0.11481481481481481
1 0.87734375 0.07546296296296297 0.0640625 0.12129629629629629
1 0.019010416666666665 0.625 0.03802083333333333 0.09814814814814815
1 0.25885416666666666 0.1884259259259259 0.05520833333333333 0.09537037037037037
1 0.6424479166666667 0.5768518518518518 0.0515625 0.11481481481481481
1 0.97890625 0.8856481481481482 0.0390625 0.09907407407407408
1 0.803125 0.26666666666666666 0.05625 0.09814814814814815
1 0.5361979166666667 0.7944444444444444 0.05677083333333333 0.0962962962962963
1 0.04192708333333333 0.8375 0.06197916666666667 0.09351851851851851
1 0.7052083333333333 0.39814814814814814 0.07916666666666666 0.08888888888888889
1 0.740625 0.0787037037037037 0.06041666666666667 0.1111111111111111
1 0.6716145833333333 0.6652777777777777 0.0515625 0.09537037037037037
1 0.8166666666666667 0.8092592592592592 0.0625 0.10740740740740741
1 0.4875 0.21898148148148147 0.04583333333333333 0.10092592592592593
1 0.34921875 0.16898148148148148 0.058854166666666666 0.10277777777777777
1 0.02734375 0.34305555555555556 0.05260416666666667 0.11388888888888889
1 0.85390625 0.48564814814814816 0.0484375 0.08981481481481482
1 0.7041666666666667 0.8236111111111111 0.0625 0.11574074074074074
1 0.49140625 0.48194444444444445 0.059895833333333336 0.11018518518518519
1 0.76953125 0.1287037037037037 0.06510416666666667 0.1037037037037037
1 0.33203125 0.3287037037037037 0.058854166666666666 0.10555555555555556
1 0.7979166666666667 0.5430555555555555 0.07083333333333333 0.1361111111111111
1 0.3184895833333333 0.04953703703703704 0.05364583333333333 0.09722222222222222
1 0.49375 0.31157407407407406 0.06145833333333333 0.10462962962962963
1 0.9171875 0.8018518518518518 0.05625 0.12222222222222222
1 0.5036458333333333 0.7569444444444444 0.06145833333333333 0.0824074074074074
1 0.24765625 0.9407407407407408 0.05364583333333333 0.1037037037037037
1 0.3341145833333333 0.7226851851851852 0.059895833333333336 0.10092592592592593
1 0.89375 0.43194444444444446 0.053125 0.09537037037037037
1 0.4317708333333333 0.5879629629629629 0.05520833333333333 0.10185185185185185
1 0.6846354166666667 0.10833333333333334 0.04739583333333333 0.09074074074074075
1 0.031510416666666666 0.49722222222222223 0.058854166666666666 0.10925925925925926
1 0.48776041666666664 0.5763888888888888 0.059895833333333336 0.09166666666666666
1 0.43645833333333334 0.49166666666666664 0.059375 0.09814814814814815
1 0.8291666666666667 0.9069444444444444 0.0625 0.09907407407407408
1 0.95703125 0.412962962962963 0.0578125 0.10185185185185185
1 0.9416666666666667 0.25601851851851853 0.0625 0.10462962962962963
1 0.8052083333333333 0.4305555555555556 0.05625 0.09814814814814815
1 0.315625 0.43194444444444446 0.052083333333333336 0.09722222222222222
1 0.6598958333333333 0.31805555555555554 0.071875 0.10277777777777777
1 0.39817708333333335 0.2273148148148148 0.0578125 0.09907407407407408
1 0.23359375 0.4300925925925926 0.05260416666666667 0.10648148148148148
1 0.703125 0.1875 0.058333333333333334 0.11018518518518519
1 0.13229166666666667 0.5319444444444444 0.058333333333333334 0.11018518518518519
1 0.11276041666666667 0.08888888888888889 0.058854166666666666 0.10740740740740741
1 0.5885416666666666 0.600925925925926 0.0625 0.10185185185185185
1 0.20677083333333332 0.6643518518518519 0.053125 0.11203703703703703
1 0.19739583333333333 0.812037037037037 0.057291666666666664 0.10555555555555556
1 0.36692708333333335 0.0712962962962963 0.050520833333333334 0.10555555555555556
1 0.2890625 0.5162037037037037 0.058333333333333334 0.10833333333333334
1 0.26145833333333335 0.3282407407407407 0.06145833333333333 0.10277777777777777
1 0.0328125 0.22777777777777777 0.06041666666666667 0.08703703703703704
1 0.16875 0.1884259259259259 0.05416666666666667 0.09351851851851851
1 0.31953125 0.8986111111111111 0.06614583333333333 0.12314814814814815
1 0.19557291666666668 0.5046296296296297 0.06302083333333333 0.1037037037037037
1 0.06510416666666667 0.5912037037037037 0.058333333333333334 0.10648148148148148
1 0.46979166666666666 0.6759259259259259 0.0625 0.1
1 0.09765625 0.2351851851851852 0.0640625 0.11851851851851852
1 0.93046875 0.5972222222222222 0.0703125 0.10925925925925926
1 0.37864583333333335 0.5375 0.059375 0.09907407407407408
1 0.36744791666666665 0.6407407407407407 0.0609375 0.11481481481481481
1 0.7026041666666667 0.5666666666666667 0.057291666666666664 0.11481481481481481
1 0.20520833333333333 0.3333333333333333 0.05 0.11481481481481481
1 0.12395833333333334 0.7527777777777778 0.06875 0.11296296296296296
1 0.19114583333333332 0.09166666666666666 0.059375 0.10740740740740741
1 0.41953125 0.39490740740740743 0.059895833333333336 0.09907407407407408
1 0.9036458333333334 0.6912037037037037 0.065625 0.09907407407407408
1 0.15208333333333332 0.6708333333333333 0.052083333333333336 0.09537037037037037
1 0.15052083333333333 0.8925925925925926 0.08020833333333334 0.11666666666666667
1 0.140625 0.40046296296296297 0.052083333333333336 0.10462962962962963
1 0.8385416666666666 0.674074074074074 0.05625 0.0962962962962963
1 0.7169270833333333 0.6611111111111111 0.06302083333333333 0.10555555555555556
1 0.26588541666666665 0.6620370370370371 0.06197916666666667 0.10925925925925926
1 0.6453125 0.1736111111111111 0.05520833333333333 0.10277777777777777
1 0.08125 0.3990740740740741 0.0625 0.13148148148148148
2 0.5645833333333333 0.20972222222222223 0.11458333333333333 0.1787037037037037
2 0.6 0.4546296296296296 0.125 0.20925925925925926