1 0.2421875 0.9324074074074075 0.051041666666666666 0.10925925925925926
1 0.22291666666666668 0.8208333333333333 0.057291666666666664 0.1175925925925926
1 0.6619791666666667 0.9541666666666667 0.065625 0.08796296296296297
1 0.865625 0.8134259259259259 0.059375 0.11388888888888889
1 0.6109375 0.9726851851851852 0.06770833333333333 0.05092592592592592
1 0.1875 0.9513888888888888 0.0625 0.09722222222222222
1 0.7557291666666667 0.04212962962962963 0.059375 0.08425925925925926
1 0.90390625 0.2064814814814815 0.0515625 0.11481481481481481
1 0.058333333333333334 0.300462962962963 0.059375 0.12129629629629629
1 0.15546875 0.5837962962962963 0.07552083333333333 0.1175925925925926
1 0.8052083333333333 0.03148148148148148 0.05625 0.06111111111111111
1 0.9203125 0.019444444444444445 0.06979166666666667 0.03888888888888889
1 0.86015625 0.9629629629629629 0.0765625 0.06666666666666667
1 0.2526041666666667 0.40046296296296297 0.053125 0.11574074074074074
1 0.5080729166666667 0.020833333333333332 0.0734375 0.041666666666666664
1 0.01484375 0.6787037037037037 0.0296875 0.11296296296296296
1 0.011197916666666667 0.09074074074074075 0.022395833333333334 0.13518518518518519
0 0.5541666666666667 0.9777777777777777 0.05416666666666667 0.037037037037037035
1 0.98359375 0.4615740740740741 0.0328125 0.14166666666666666
1 0.66171875 0.026851851851851852 0.0671875 0.05185185185185185
1 0.3765625 0.1300925925925926 0.057291666666666664 0.1175925925925926
1 0.5653645833333333 0.2351851851851852 0.0578125 0.08518518518518518
1 0.5953125 0.7625 0.07395833333333333 0.15092592592592594
1 0.020572916666666666 0.850462962962963 0.04010416666666667 0.11944444444444445
1 0.403125 0.2023148148148148 0.06458333333333334 0.10462962962962963
1 0.9708333333333333 0.9347222222222222 0.05625 0.11203703703703703
1 0.28125 0.1486111111111111 0.05416666666666667 0.07314814814814814
1 0.85078125 0.20879629629629629 0.0703125 0.12314814814814815
1 0.434375 0.3277777777777778 0.05416666666666667 0.1
1 0.134375 0.08518518518518518 0.0625 0.1111111111111111
1 0.490625 0.4930555555555556 0.07083333333333333 0.10648148148148148
1 0.26875 0.6435185185185185 0.06145833333333333 0.10555555555555556
1 0.6223958333333334 0.37407407407407406 0.059375 0.10555555555555556
1 0.7317708333333334 0.08981481481481482 0.053125 0.0962962962962963
1 0.27447916666666666 0.09398148148148149 0.06979166666666667 0.10277777777777777
1 0.17708333333333334 0.6560185185185186 0.06354166666666666 0.10277777777777777
1 0.53203125 0.42453703703703705 0.0671875 0.10833333333333334
2 0.521875 0.7212962962962963 0.10208333333333333 0.19444444444444445
1 0.56171875 0.1486111111111111 0.0609375 0.125
1 0.0671875 0.03981481481481482 0.06354166666666666 0.07407407407407407
1 0.58125 0.37037037037037035 0.058333333333333334 0.0962962962962963
1 0.83515625 0.7074074074074074 0.0578125 0.10555555555555556
1 0.675 0.700925925925926 0.06666666666666667 0.12222222222222222
1 0.051041666666666666 0.7935185185185185 0.06458333333333334 0.12222222222222222
1 0.140625 0.2537037037037037 0.052083333333333336 0.12222222222222222
1 0.496875 0.5745370370370371 0.07604166666666666 0.10092592592592593
1 0.7997395833333333 0.2490740740740741 0.06510416666666667 0.12962962962962962
1 0.1046875 0.8277777777777777 0.06666666666666667 0.12407407407407407
1 0.6270833333333333 0.55 0.078125 0.12777777777777777
1 0.7919270833333333 0.5597222222222222 0.06927083333333334 0.11574074074074074
1 0.27682291666666664 0.5092592592592593 0.0578125 0.12407407407407407
1 0.3807291666666667 0.4949074074074074 0.06770833333333333 0.13055555555555556
1 0.70390625 0.20601851851851852 0.06927083333333334 0.11203703703703703
1 0.29661458333333335 0.30787037037037035 0.0671875 0.12685185185185185
1 0.05078125 0.5342592592592592 0.0703125 0.1259259259259259
1 0.1796875 0.25046296296296294 0.06770833333333333 0.12314814814814815
1 0.48072916666666665 0.25462962962962965 0.065625 0.14074074074074075
1 0.07213541666666666 0.4027777777777778 0.059895833333333336 0.13148148148148148