0 0.85859375 0.9634259259259259 0.0421875 0.06944444444444445
1 0.6078125 0.38333333333333336 0.05 0.09259259259259259
0 0.85703125 0.4046296296296296 0.0234375 0.02962962962962963
1 0.9020833333333333 0.25462962962962965 0.06875 0.11296296296296296
1 0.4578125 0.9666666666666667 0.08541666666666667 0.06296296296296296
1 0.41796875 0.014351851851851852 0.06197916666666667 0.028703703703703703
1 0.95859375 0.4074074074074074 0.0796875 0.07962962962962963
1 0.9911458333333333 0.8662037037037037 0.015625 0.13055555555555556
0 0.9921875 0.45601851851851855 0.015625 0.04537037037037037
1 0.653125 0.014351851851851852 0.06041666666666667 0.028703703703703703
1 0.21380208333333334 0.9569444444444445 0.06510416666666667 0.08425925925925926
1 0.9890625 0.08425925925925926 0.019791666666666666 0.15555555555555556
1 0.23567708333333334 0.04537037037037037 0.05364583333333333 0.08888888888888889
1 0.67890625 0.9587962962962963 0.06822916666666666 0.08055555555555556
1 0.021354166666666667 0.8458333333333333 0.041666666666666664 0.10277777777777777
1 0.015885416666666666 0.4875 0.03177083333333333 0.1287037037037037
1 0.9661458333333334 0.9643518518518519 0.059375 0.06944444444444445
1 0.9536458333333333 0.8518518518518519 0.059375 0.11481481481481481
1 0.8541666666666666 0.16064814814814815 0.0625 0.11388888888888889
1 0.05026041666666667 0.9259259259259259 0.06302083333333333 0.10740740740740741
1 0.828125 0.30324074074074076 0.058333333333333334 0.11203703703703703
1 0.3697916666666667 0.2601851851851852 0.06354166666666666 0.11296296296296296
1 0.14895833333333333 0.18101851851851852 0.06145833333333333 0.11018518518518519
1 0.22786458333333334 0.5064814814814815 0.0609375 0.10185185185185185
1 0.5390625 0.9287037037037037 0.059375 0.1111111111111111
1 0.5098958333333333 0.725925925925926 0.057291666666666664 0.11481481481481481
1 0.19140625 0.6421296296296296 0.05260416666666667 0.11388888888888889
1 0.023958333333333335 0.675 0.04791666666666667 0.12407407407407407
1 0.23854166666666668 0.21481481481481482 0.065625 0.11296296296296296
1 0.3338541666666667 0.375 0.051041666666666666 0.09814814814814815
1 0.9682291666666667 0.31851851851851853 0.059375 0.10555555555555556
1 0.925 0.5476851851851852 0.06458333333333334 0.11574074074074074
1 0.6838541666666667 0.712037037037037 0.05625 0.10185185185185185
1 0.68828125 0.06342592592592593 0.05572916666666667 0.10092592592592593
1 0.8145833333333333 0.9226851851851852 0.058333333333333334 0.10833333333333334
1 0.59375 0.42962962962962964 0.06458333333333334 0.10925925925925926
1 0.1875 0.2611111111111111 0.04895833333333333 0.09074074074074075
1 0.7520833333333333 0.30925925925925923 0.06458333333333334 0.10925925925925926
1 0.7221354166666667 0.03796296296296296 0.0640625 0.07407407407407407
1 0.35208333333333336 0.15138888888888888 0.05416666666666667 0.09351851851851851
1 0.021614583333333333 0.16898148148148148 0.04114583333333333 0.11574074074074074
1 0.5875 0.7939814814814815 0.057291666666666664 0.1361111111111111
1 0.7815104166666667 0.2222222222222222 0.06614583333333333 0.10740740740740741
1 0.07578125 0.4134259259259259 0.06510416666666667 0.10833333333333334
1 0.09583333333333334 0.8611111111111112 0.06041666666666667 0.10740740740740741
1 0.371875 0.29907407407407405 0.05520833333333333 0.10185185185185185
1 0.4510416666666667 0.7013888888888888 0.058333333333333334 0.10833333333333334
1 0.49453125 0.05648148148148148 0.05677083333333333 0.1037037037037037
1 0.44088541666666664 0.49953703703703706 0.05364583333333333 0.10833333333333334
1 0.6614583333333334 0.18425925925925926 0.06875 0.1037037037037037
1 0.23463541666666668 0.8393518518518519 0.0671875 0.10648148148148148
1 0.6270833333333333 0.8208333333333333 0.06041666666666667 0.10092592592592593
1 0.8953125 0.06527777777777778 0.065625 0.11574074074074074
1 0.8895833333333333 0.6472222222222223 0.06875 0.10925925925925926
1 0.7565104166666666 0.5763888888888888 0.0640625 0.12129629629629629
1 0.5955729166666667 0.2023148148148148 0.0546875 0.09537037037037037
1 0.8375 0.8916666666666667 0.05625 0.09259259259259259
1 0.40598958333333335 0.7722222222222223 0.059895833333333336 0.1111111111111111
1 0.28177083333333336 0.912962962962963 0.065625 0.11666666666666667
1 0.35911458333333335 0.47824074074074074 0.0671875 0.09722222222222222
1 0.07109375 0.5287037037037037 0.06510416666666667 0.11666666666666667
1 0.97265625 0.21064814814814814 0.0546875 0.11574074074074074
1 0.35625 0.044444444444444446 0.0625 0.08518518518518518
1 0.4739583333333333 0.8731481481481481 0.05625 0.11296296296296296
1 0.2713541666666667 0.04861111111111111 0.06041666666666667 0.09722222222222222
1 0.05286458333333333 0.30833333333333335 0.0640625 0.09814814814814815
1 0.5 0.29305555555555557 0.05520833333333333 0.10462962962962963
1 0.5067708333333333 0.15185185185185185 0.05625 0.10740740740740741
1 0.7299479166666667 0.8097222222222222 0.0671875 0.10277777777777777
1 0.86171875 0.7800925925925926 0.0609375 0.11388888888888889
1 0.628125 0.925 0.06770833333333333 0.10740740740740741
1 0.31979166666666664 0.8268518518518518 0.06458333333333334 0.11666666666666667
1 0.94140625 0.725 0.0640625 0.10925925925925926
1 0.7401041666666667 0.9291666666666667 0.0625 0.11018518518518519
1 0.15442708333333333 0.06620370370370371 0.06302083333333333 0.11574074074074074
1 0.33098958333333334 0.7152777777777778 0.06197916666666667 0.10833333333333334
1 0.21510416666666668 0.6606481481481481 0.053125 0.10462962962962963
1 0.28463541666666664 0.6439814814814815 0.0609375 0.10833333333333334
1 0.4401041666666667 0.09259259259259259 0.05625 0.10925925925925926
1 0.89609375 0.18287037037037038 0.0546875 0.10648148148148148
1 0.10546875 0.5092592592592593 0.05364583333333333 0.10185185185185185
1 0.6375 0.5263888888888889 0.06875 0.11388888888888889
1 0.31354166666666666 0.22037037037037038 0.04895833333333333 0.08888888888888889
1 0.5578125 0.09907407407407408 0.057291666666666664 0.10740740740740741
1 0.6419270833333334 0.6342592592592593 0.06197916666666667 0.10555555555555556
1 0.5263020833333333 0.4388888888888889 0.06927083333333334 0.12222222222222222
1 0.15078125 0.3384259259259259 0.06197916666666667 0.11388888888888889
1 0.8041666666666667 0.7638888888888888 0.05416666666666667 0.10740740740740741
1 0.43515625 0.20833333333333334 0.059895833333333336 0.10925925925925926
1 0.2716145833333333 0.7532407407407408 0.0640625 0.11018518518518519
1 0.7830729166666667 0.399537037037037 0.06822916666666666 0.10462962962962963
1 0.67265625 0.4162037037037037 0.0765625 0.11944444444444445
1 0.6395833333333333 0.29074074074074074 0.07083333333333333 0.11851851851851852
1 0.1578125 0.4583333333333333 0.059375 0.11296296296296296
1 0.2838541666666667 0.14351851851851852 0.06145833333333333 0.09444444444444444
1 0.33151041666666664 0.5708333333333333 0.058854166666666666 0.09166666666666666
1 0.5330729166666667 0.736574074074074 0.050520833333333334 0.11018518518518519
1 0.7932291666666667 0.5032407407407408 0.065625 0.09722222222222222
1 0.3885416666666667 0.5458333333333333 0.05520833333333333 0.10277777777777777
1 0.7817708333333333 0.6671296296296296 0.06354166666666666 0.11203703703703703
1 0.42734375 0.6212962962962963 0.05677083333333333 0.10740740740740741
1 0.4309895833333333 0.3074074074074074 0.058854166666666666 0.1111111111111111
1 0.8947916666666667 0.8787037037037037 0.05625 0.11666666666666667
1 0.1625 0.8777777777777778 0.07291666666666667 0.11851851851851852
1 0.46953125 0.3851851851851852 0.0578125 0.1111111111111111
1 0.5645833333333333 0.31527777777777777 0.05625 0.12314814814814815
1 0.06640625 0.7611111111111111 0.0671875 0.11666666666666667
1 0.6330729166666667 0.7231481481481481 0.05572916666666667 0.10555555555555556
1 0.8609375 0.5143518518518518 0.0625 0.11388888888888889
1 0.20494791666666667 0.12777777777777777 0.05677083333333333 0.1037037037037037
1 0.2828125 0.29953703703703705 0.05625 0.11018518518518519
1 0.6171875 0.1050925925925926 0.06354166666666666 0.11018518518518519
1 0.6997395833333333 0.6064814814814815 0.0609375 0.1259259259259259
2 0.5033854166666667 0.587037037037037 0.1078125 0.17962962962962964
1 0.07265625 0.1986111111111111 0.05572916666666667 0.125
1 0.22578125 0.35555555555555557 0.07135416666666666 0.12222222222222222
1 0.5796875 0.6550925925925926 0.059375 0.11944444444444445
1 0.37526041666666665 0.6583333333333333 0.0609375 0.10925925925925926
1 0.85546875 0.3277777777777778 0.0609375 0.11851851851851852
1 0.18125 0.7611111111111111 0.06041666666666667 0.10740740740740741
1 0.09036458333333333 0.08055555555555556 0.06197916666666667 0.11666666666666667
1 0.7369791666666666 0.1337962962962963 0.06770833333333333 0.12685185185185185
1 0.5734375 0.5337962962962963 0.059375 0.12314814814814815
1 0.08723958333333333 0.6435185185185185 0.06927083333333334 0.11666666666666667