1 0.56953125 0.9611111111111111 0.06614583333333333 0.07407407407407407
1 0.984375 0.12268518518518519 0.03125 0.125
1 0.7875 0.02361111111111111 0.052083333333333336 0.04537037037037037
0 0.00546875 0.15138888888888888 0.0109375 0.04722222222222222
1 0.11328125 0.8907407407407407 0.05364583333333333 0.1037037037037037
1 0.990625 0.29212962962962963 0.01875 0.13425925925925927
1 0.2674479166666667 0.6902777777777778 0.06197916666666667 0.10462962962962963
1 0.4375 0.4689814814814815 0.06458333333333334 0.10648148148148148
1 0.915625 0.2212962962962963 0.05625 0.1
1 0.3151041666666667 0.07083333333333333 0.058333333333333334 0.09907407407407408
1 0.990625 0.8231481481481482 0.016666666666666666 0.13333333333333333
1 0.45364583333333336 0.24259259259259258 0.059375 0.1
1 0.05286458333333333 0.17407407407407408 0.04739583333333333 0.09074074074074075
1 0.6888020833333334 0.6300925925925925 0.0578125 0.10833333333333334
1 0.8171875 0.9152777777777777 0.059375 0.10277777777777777
1 0.96171875 0.046296296296296294 0.0546875 0.09259259259259259
1 0.20520833333333333 0.5412037037037037 0.06354166666666666 0.0787037037037037
1 0.26276041666666666 0.3712962962962963 0.05364583333333333 0.10555555555555556
1 0.09609375 0.15555555555555556 0.0515625 0.1111111111111111
1 0.528125 0.39675925925925926 0.05520833333333333 0.1175925925925926
1 0.37526041666666665 0.11435185185185186 0.050520833333333334 0.11018518518518519
1 0.8359375 0.03935185185185185 0.0625 0.0787037037037037
1 0.33255208333333336 0.21064814814814814 0.0578125 0.1175925925925926
1 0.02421875 0.9541666666666667 0.0484375 0.0824074074074074
1 0.41692708333333334 0.33425925925925926 0.058854166666666666 0.10925925925925926
1 0.14453125 0.2861111111111111 0.05572916666666667 0.1
1 0.45859375 0.8162037037037037 0.0546875 0.09722222222222222
1 0.65625 0.12129629629629629 0.059375 0.10740740740740741
1 0.94140625 0.513425925925926 0.0609375 0.10833333333333334
1 0.013802083333333333 0.4689814814814815 0.027604166666666666 0.11574074074074074
1 0.2640625 0.5916666666666667 0.05416666666666667 0.09259259259259259
1 0.5606770833333333 0.8546296296296296 0.050520833333333334 0.09444444444444444
1 0.8796875 0.6888888888888889 0.05625 0.1037037037037037
1 0.41015625 0.7606481481481482 0.0546875 0.11944444444444445
1 0.06510416666666667 0.5648148148148148 0.053125 0.1111111111111111
1 0.06927083333333334 0.7328703703703704 0.06354166666666666 0.10462962962962963
1 0.8984375 0.6101851851851852 0.05520833333333333 0.0962962962962963
1 0.31692708333333336 0.5717592592592593 0.05260416666666667 0.11574074074074074
1 0.062239583333333334 0.9027777777777778 0.0578125 0.11481481481481481
1 0.5809895833333333 0.7263888888888889 0.0640625 0.1175925925925926
1 0.7489583333333333 0.9481481481481482 0.058333333333333334 0.1
1 0.7322916666666667 0.8115740740740741 0.053125 0.10648148148148148
1 0.8875 0.8921296296296296 0.058333333333333334 0.11018518518518519
1 0.16536458333333334 0.6916666666666667 0.058854166666666666 0.1037037037037037
1 0.8609375 0.41203703703703703 0.057291666666666664 0.10925925925925926
1 0.6502604166666667 0.2212962962962963 0.06510416666666667 0.11481481481481481
1 0.43385416666666665 0.1712962962962963 0.05520833333333333 0.08333333333333333
1 0.023697916666666666 0.6675925925925926 0.04635416666666667 0.10740740740740741
1 0.5643229166666667 0.07314814814814814 0.0578125 0.1037037037037037
1 0.67890625 0.3907407407407407 0.06510416666666667 0.11481481481481481
1 0.95625 0.8277777777777777 0.06041666666666667 0.1111111111111111
1 0.25833333333333336 0.8814814814814815 0.06458333333333334 0.11481481481481481
1 0.23776041666666667 0.1824074074074074 0.05364583333333333 0.11296296296296296
1 0.63671875 0.32407407407407407 0.0546875 0.0962962962962963
1 0.8296875 0.6662037037037037 0.05520833333333333 0.10277777777777777
1 0.6455729166666667 0.47129629629629627 0.0484375 0.0962962962962963
1 0.17578125 0.4587962962962963 0.0546875 0.09166666666666666
1 0.8151041666666666 0.8092592592592592 0.053125 0.1037037037037037
1 0.703125 0.8944444444444445 0.058333333333333334 0.09814814814814815
1 0.7036458333333333 0.5069444444444444 0.06875 0.11018518518518519
1 0.22994791666666667 0.2986111111111111 0.06197916666666667 0.10277777777777777
1 0.1453125 0.37546296296296294 0.06145833333333333 0.08796296296296297
1 0.65390625 0.7171296296296297 0.06614583333333333 0.11944444444444445
1 0.11848958333333333 0.6106481481481482 0.06614583333333333 0.10648148148148148
1 0.44921875 0.0875 0.05572916666666667 0.11018518518518519
1 0.359375 0.7134259259259259 0.057291666666666664 0.125
2 0.5135416666666667 0.7564814814814815 0.0875 0.15555555555555556
2 0.434375 0.9138888888888889 0.07395833333333333 0.12222222222222222
2 0.33151041666666664 0.41712962962962963 0.07135416666666666 0.11944444444444445
2 0.6111979166666667 0.6041666666666666 0.0953125 0.1638888888888889