1 0.5122395833333333 0.9592592592592593 0.0703125 0.08148148148148149
1 0.30520833333333336 0.8666666666666667 0.08333333333333333 0.1037037037037037
1 0.58359375 0.014351851851851852 0.0609375 0.028703703703703703
1 0.65234375 0.8481481481481481 0.0546875 0.08518518518518518
2 0.63828125 0.9393518518518519 0.07864583333333333 0.11574074074074074
1 0.40625 0.7 0.058333333333333334 0.09074074074074075
1 0.6177083333333333 0.6361111111111111 0.05 0.10555555555555556
0 0.51953125 0.4861111111111111 0.022395833333333334 0.027777777777777776
0 0.5309895833333333 0.4773148148148148 0.028645833333333332 0.032407407407407406
1 0.2591145833333333 0.9226851851851852 0.06302083333333333 0.11388888888888889
1 0.03333333333333333 0.05416666666666667 0.06041666666666667 0.10833333333333334
1 0.44088541666666664 0.012037037037037037 0.058854166666666666 0.024074074074074074
1 0.10989583333333333 0.8967592592592593 0.057291666666666664 0.09722222222222222
2 0.9234375 0.5504629629629629 0.075 0.13796296296296295
1 0.98671875 0.4148148148148148 0.0265625 0.12037037037037036
1 0.95625 0.8736111111111111 0.065625 0.09722222222222222
1 0.014583333333333334 0.16805555555555557 0.029166666666666667 0.14351851851851852
1 0.6588541666666666 0.060648148148148145 0.053125 0.09722222222222222
1 0.6864583333333333 0.6902777777777778 0.0625 0.10833333333333334
1 0.33125 0.7837962962962963 0.058333333333333334 0.10462962962962963
2 0.36614583333333334 0.612037037037037 0.06770833333333333 0.12777777777777777
1 0.3848958333333333 0.4986111111111111 0.08229166666666667 0.1361111111111111
1 0.9390625 0.4375 0.04895833333333333 0.09166666666666666
1 0.9234375 0.5504629629629629 0.07604166666666666 0.14351851851851852
1 0.7791666666666667 0.8125 0.05416666666666667 0.08981481481481482
1 0.68359375 0.02962962962962963 0.058854166666666666 0.05925925925925926
1 0.865625 0.6273148148148148 0.05625 0.09351851851851851
1 0.37890625 0.7546296296296297 0.05260416666666667 0.10555555555555556
1 0.23098958333333333 0.40555555555555556 0.0484375 0.0962962962962963
1 0.17265625 0.1550925925925926 0.05677083333333333 0.10648148148148148
1 0.3328125 0.9333333333333333 0.059375 0.10555555555555556
2 0.5734375 0.9138888888888889 0.08020833333333334 0.1537037037037037
1 0.11354166666666667 0.649537037037037 0.06041666666666667 0.10833333333333334
2 0.9588541666666667 0.6564814814814814 0.08229166666666667 0.1425925925925926
1 0.3846354166666667 0.37962962962962965 0.05364583333333333 0.10740740740740741
2 0.3828125 0.49583333333333335 0.08125 0.14166666666666666
1 0.3651041666666667 0.6166666666666667 0.06666666666666667 0.1259259259259259
1 0.5723958333333333 0.6087962962962963 0.04895833333333333 0.10092592592592593
1 0.6549479166666666 0.5916666666666667 0.0578125 0.13148148148148148
1 0.45208333333333334 0.22268518518518518 0.0625 0.10833333333333334
1 0.9302083333333333 0.9527777777777777 0.0625 0.08518518518518518
1 0.7390625 0.8569444444444444 0.05416666666666667 0.11388888888888889
1 0.58359375 0.3189814814814815 0.0484375 0.10648148148148148
1 0.88359375 0.14074074074074075 0.0578125 0.10740740740740741
2 0.09609375 0.15833333333333333 0.09114583333333333 0.14814814814814814
2 0.42864583333333334 0.5986111111111111 0.071875 0.14166666666666666
2 0.18020833333333333 0.9273148148148148 0.08958333333333333 0.1361111111111111
1 0.33177083333333335 0.399537037037037 0.057291666666666664 0.11574074074074074
2 0.10234375 0.29212962962962963 0.09322916666666667 0.1398148148148148
1 0.17734375 0.38425925925925924 0.0609375 0.10185185185185185
1 0.6140625 0.32592592592592595 0.053125 0.1037037037037037
1 0.6572916666666667 0.37916666666666665 0.05625 0.09722222222222222
2 0.5065104166666666 0.7453703703703703 0.0859375 0.1388888888888889
1 0.4984375 0.6199074074074075 0.06770833333333333 0.12129629629629629
1 0.453125 0.07592592592592592 0.05416666666666667 0.1
1 0.33489583333333334 0.06805555555555555 0.059375 0.11018518518518519
1 0.33880208333333334 0.2 0.05260416666666667 0.0962962962962963
1 0.3177083333333333 0.6791666666666667 0.05416666666666667 0.11203703703703703
2 0.8734375 0.4685185185185185 0.084375 0.1574074074074074
1 0.81875 0.5416666666666666 0.059375 0.10555555555555556
1 0.46041666666666664 0.3125 0.058333333333333334 0.10462962962962963
2 0.48854166666666665 0.8662037037037037 0.08125 0.13796296296296295
1 0.2596354166666667 0.17314814814814813 0.06302083333333333 0.11296296296296296
1 0.08177083333333333 0.5662037037037037 0.065625 0.11574074074074074
1 0.7341145833333333 0.06805555555555555 0.0484375 0.12129629629629629
1 0.5817708333333333 0.7870370370370371 0.065625 0.1111111111111111
1 0.24401041666666667 0.5365740740740741 0.0578125 0.10833333333333334
1 0.5583333333333333 0.18888888888888888 0.0625 0.11851851851851852
1 0.7864583333333334 0.08472222222222223 0.05625 0.11018518518518519
1 0.9239583333333333 0.3402777777777778 0.05625 0.10648148148148148
1 0.68984375 0.24537037037037038 0.06302083333333333 0.11666666666666667
2 0.9010416666666666 0.7472222222222222 0.0875 0.1685185185185185
1 0.27734375 0.3300925925925926 0.06927083333333334 0.125
2 0.1140625 0.4185185185185185 0.08229166666666667 0.14629629629629629
1 0.75625 0.44305555555555554 0.06041666666666667 0.125