1 0.3424479166666667 0.012037037037037037 0.0515625 0.024074074074074074
1 0.020052083333333335 0.031018518518518518 0.04010416666666667 0.058333333333333334
1 0.18255208333333334 0.9398148148148148 0.06302083333333333 0.10925925925925926
1 0.23125 0.6037037037037037 0.06458333333333334 0.09259259259259259
1 0.7901041666666667 0.022222222222222223 0.07604166666666666 0.044444444444444446
1 0.5138020833333333 0.21944444444444444 0.0671875 0.11296296296296296
1 0.5169270833333334 0.13055555555555556 0.0578125 0.1537037037037037
1 0.0109375 0.2449074074074074 0.021875 0.14166666666666666
0 0.09401041666666667 0.5916666666666667 0.0203125 0.03518518518518519
1 0.24661458333333333 0.1398148148148148 0.07760416666666667 0.09074074074074075
1 0.011458333333333333 0.10972222222222222 0.022916666666666665 0.14351851851851852
0 0.99140625 0.32175925925925924 0.0171875 0.05277777777777778
0 0.7645833333333333 0.20555555555555555 0.029166666666666667 0.05185185185185185
1 0.4671875 0.30324074074074076 0.059375 0.09351851851851851
1 0.22916666666666666 0.5462962962962963 0.06145833333333333 0.08888888888888889
1 0.10104166666666667 0.95 0.065625 0.1
1 0.98515625 0.16064814814814815 0.0296875 0.12314814814814815
1 0.016666666666666666 0.8222222222222222 0.03333333333333333 0.1259259259259259
1 0.8078125 0.7828703703703703 0.05625 0.09166666666666666
1 0.6135416666666667 0.32546296296296295 0.06875 0.11203703703703703
1 0.022135416666666668 0.5157407407407407 0.043229166666666666 0.1111111111111111
1 0.040625 0.9402777777777778 0.06145833333333333 0.11018518518518519
1 0.06380208333333333 0.09814814814814815 0.0546875 0.11296296296296296
1 0.5669270833333333 0.06388888888888888 0.06822916666666666 0.12037037037037036
1 0.9234375 0.862037037037037 0.06875 0.11666666666666667
1 0.9765625 0.7282407407407407 0.04479166666666667 0.11018518518518519
1 0.2513020833333333 0.23981481481481481 0.06197916666666667 0.1037037037037037
1 0.3455729166666667 0.06527777777777778 0.07239583333333334 0.08981481481481482
1 0.23385416666666667 0.04861111111111111 0.06770833333333333 0.09351851851851851
1 0.34401041666666665 0.6222222222222222 0.0578125 0.11481481481481481
1 0.32760416666666664 0.26435185185185184 0.06354166666666666 0.09907407407407408
1 0.153125 0.8777777777777778 0.057291666666666664 0.13703703703703704
1 0.8270833333333333 0.36712962962962964 0.05625 0.11018518518518519
1 0.18854166666666666 0.7847222222222222 0.05625 0.10277777777777777
1 0.28541666666666665 0.649537037037037 0.0625 0.12685185185185185
1 0.2859375 0.19444444444444445 0.059375 0.10555555555555556
1 0.6981770833333333 0.6939814814814815 0.0578125 0.11018518518518519
1 0.13489583333333333 0.3902777777777778 0.06145833333333333 0.11574074074074074
1 0.903125 0.35833333333333334 0.06458333333333334 0.10555555555555556
1 0.87890625 0.05185185185185185 0.0765625 0.1
1 0.6888020833333334 0.28703703703703703 0.0609375 0.1
1 0.6078125 0.6564814814814814 0.06041666666666667 0.1259259259259259
1 0.04765625 0.35185185185185186 0.059895833333333336 0.10555555555555556
1 0.9125 0.7425925925925926 0.0625 0.12222222222222222
1 0.3885416666666667 0.2324074074074074 0.05625 0.10925925925925926
1 0.37526041666666665 0.5263888888888889 0.058854166666666666 0.09722222222222222
1 0.34479166666666666 0.14722222222222223 0.06875 0.11851851851851852
1 0.08177083333333333 0.8490740740740741 0.06666666666666667 0.11666666666666667
1 0.6263020833333334 0.5444444444444444 0.0703125 0.10740740740740741
1 0.7427083333333333 0.7694444444444445 0.059375 0.0962962962962963
1 0.8166666666666667 0.8902777777777777 0.0625 0.09907407407407408
1 0.86640625 0.812962962962963 0.0609375 0.1111111111111111
1 0.628125 0.26944444444444443 0.06041666666666667 0.1037037037037037
1 0.2950520833333333 0.8907407407407407 0.0703125 0.12962962962962962
1 0.6559895833333333 0.8097222222222222 0.0671875 0.09907407407407408
1 0.32526041666666666 0.46111111111111114 0.06302083333333333 0.10925925925925926
1 0.946875 0.5907407407407408 0.06666666666666667 0.11851851851851852
1 0.5260416666666666 0.2953703703703704 0.059375 0.11296296296296296
1 0.43411458333333336 0.8638888888888889 0.0703125 0.11851851851851852
1 0.7872395833333333 0.43148148148148147 0.059895833333333336 0.11666666666666667
1 0.09348958333333333 0.07268518518518519 0.0609375 0.11203703703703703
1 0.4114583333333333 0.33611111111111114 0.06041666666666667 0.10925925925925926
1 0.2625 0.34074074074074073 0.07291666666666667 0.0962962962962963
1 0.7109375 0.08935185185185185 0.05625 0.10092592592592593
1 0.4666666666666667 0.075 0.06666666666666667 0.11851851851851852
1 0.946875 0.12361111111111112 0.053125 0.10648148148148148
1 0.034895833333333334 0.674074074074074 0.06666666666666667 0.1259259259259259
1 0.23203125 0.7111111111111111 0.0640625 0.11481481481481481
1 0.07552083333333333 0.4648148148148148 0.06875 0.1259259259259259
1 0.7380208333333333 0.5152777777777777 0.06875 0.09537037037037037
1 0.16197916666666667 0.09212962962962963 0.06354166666666666 0.12129629629629629
1 0.46796875 0.6412037037037037 0.05572916666666667 0.11018518518518519
1 0.9671875 0.2222222222222222 0.06145833333333333 0.11481481481481481
1 0.31927083333333334 0.7773148148148148 0.06458333333333334 0.11388888888888889
1 0.54375 0.5546296296296296 0.0625 0.12222222222222222
1 0.47994791666666664 0.40879629629629627 0.0609375 0.11203703703703703
1 0.33125 0.3574074074074074 0.06666666666666667 0.1
1 0.40859375 0.6689814814814815 0.0578125 0.11018518518518519
1 0.13880208333333333 0.5675925925925925 0.07552083333333333 0.09074074074074075
1 0.95859375 0.47685185185185186 0.0765625 0.11481481481481481
1 0.7611979166666667 0.12824074074074074 0.0546875 0.10648148148148148
1 0.08984375 0.24768518518518517 0.0671875 0.1287037037037037
1 0.17369791666666667 0.20277777777777778 0.06302083333333333 0.10740740740740741
1 0.16067708333333333 0.6606481481481481 0.06822916666666666 0.11388888888888889
1 0.42213541666666665 0.4532407407407407 0.06614583333333333 0.12314814814814815
1 0.22135416666666666 0.8462962962962963 0.06041666666666667 0.11851851851851852
1 0.2640625 0.43703703703703706 0.057291666666666664 0.10925925925925926
1 0.74453125 0.6240740740740741 0.07447916666666667 0.10925925925925926
1 0.5609375 0.8944444444444445 0.07291666666666667 0.11851851851851852
1 0.3671875 0.850925925925926 0.06354166666666666 0.12222222222222222
1 0.19895833333333332 0.4212962962962963 0.06458333333333334 0.1111111111111111
1 0.43046875 0.17083333333333334 0.06927083333333334 0.13240740740740742
1 0.7307291666666667 0.8675925925925926 0.065625 0.10185185185185185
1 0.81953125 0.09166666666666666 0.0609375 0.10740740740740741
1 0.8174479166666667 0.7055555555555556 0.06510416666666667 0.1259259259259259
1 0.5229166666666667 0.7083333333333334 0.071875 0.12962962962962962
1 0.19322916666666667 0.3143518518518518 0.06041666666666667 0.10833333333333334
1 0.8020833333333334 0.19953703703703704 0.05 0.10648148148148148
1 0.93984375 0.3675925925925926 0.0640625 0.12407407407407407
1 0.88671875 0.16296296296296298 0.0765625 0.11851851851851852
1 0.88671875 0.600462962962963 0.0546875 0.1175925925925926
1 0.78125 0.30277777777777776 0.05625 0.1111111111111111
1 0.6286458333333333 0.9050925925925926 0.0625 0.11944444444444445
2 0.7283854166666667 0.3861111111111111 0.0828125 0.13703703703703704
1 0.675 0.4666666666666667 0.06041666666666667 0.12037037037037036
1 0.6036458333333333 0.16944444444444445 0.065625 0.11481481481481481
1 0.6151041666666667 0.43657407407407406 0.059375 0.11018518518518519
1 0.6403645833333333 0.6907407407407408 0.0546875 0.13703703703703704
1 0.5458333333333333 0.4351851851851852 0.059375 0.11481481481481481
1 0.8536458333333333 0.25925925925925924 0.059375 0.13333333333333333