1 0.98046875 0.825462962962963 0.0390625 0.11388888888888889
1 0.990625 0.3439814814814815 0.01875 0.11203703703703703
1 0.08854166666666667 0.274537037037037 0.059375 0.11388888888888889
0 0.013541666666666667 0.7379629629629629 0.021875 0.03333333333333333
2 0.18880208333333334 0.5208333333333334 0.0796875 0.1361111111111111
1 0.42942708333333335 0.887962962962963 0.0703125 0.1111111111111111
1 0.7859375 0.9583333333333334 0.06354166666666666 0.08148148148148149
1 0.35104166666666664 0.5101851851851852 0.06979166666666667 0.10925925925925926
1 0.959375 0.9634259259259259 0.07083333333333333 0.06944444444444445
1 0.8786458333333333 0.95 0.065625 0.09074074074074075
1 0.43515625 0.36666666666666664 0.0671875 0.10925925925925926
1 0.15338541666666666 0.9550925925925926 0.0609375 0.08611111111111111
1 0.7190104166666667 0.9 0.059895833333333336 0.10740740740740741
1 0.94140625 0.3074074074074074 0.0515625 0.1111111111111111
1 0.14088541666666668 0.32685185185185184 0.05677083333333333 0.1037037037037037
1 0.30052083333333335 0.7527777777777778 0.06041666666666667 0.09814814814814815
1 0.7302083333333333 0.5930555555555556 0.059375 0.10648148148148148
1 0.3380208333333333 0.6865740740740741 0.05625 0.10092592592592593
1 0.9875 0.24166666666666667 0.025 0.1259259259259259
1 0.5296875 0.2912037037037037 0.051041666666666666 0.09166666666666666
1 0.07552083333333333 0.8703703703703703 0.051041666666666666 0.12222222222222222
1 0.021875 0.23055555555555557 0.042708333333333334 0.11296296296296296
2 0.9755208333333333 0.1111111111111111 0.04895833333333333 0.14629629629629629
1 0.9796875 0.6342592592592593 0.03854166666666667 0.11296296296296296
1 0.5744791666666667 0.30972222222222223 0.046875 0.10833333333333334
1 0.82734375 0.3 0.0609375 0.10555555555555556
1 0.17005208333333333 0.8625 0.044270833333333336 0.09166666666666666
2 0.6765625 0.6416666666666667 0.090625 0.12962962962962962
1 0.5463541666666667 0.6486111111111111 0.05 0.10648148148148148
1 0.7114583333333333 0.24768518518518517 0.07291666666666667 0.11574074074074074
2 0.63203125 0.549074074074074 0.09427083333333333 0.1388888888888889
1 0.88671875 0.31527777777777777 0.0546875 0.10833333333333334
1 0.08567708333333333 0.5768518518518518 0.06822916666666666 0.09814814814814815
2 0.97578125 0.4930555555555556 0.0484375 0.18611111111111112
1 0.2708333333333333 0.14814814814814814 0.06458333333333334 0.12222222222222222
2 0.575 0.4638888888888889 0.07916666666666666 0.1574074074074074
1 0.2994791666666667 0.05787037037037037 0.06354166666666666 0.11574074074074074
2 0.48880208333333336 0.624537037037037 0.09427083333333333 0.1638888888888889
1 0.10182291666666667 0.7490740740740741 0.0609375 0.08333333333333333
1 0.9286458333333333 0.5953703703703703 0.059375 0.1037037037037037
1 0.6528645833333333 0.275 0.05260416666666667 0.11296296296296296
1 0.02734375 0.9004629629629629 0.0546875 0.11944444444444445
1 0.3921875 0.6402777777777777 0.07604166666666666 0.10833333333333334
1 0.26614583333333336 0.6675925925925926 0.059375 0.12777777777777777
1 0.8018229166666667 0.7398148148148148 0.07760416666666667 0.13148148148148148
1 0.12135416666666667 0.8421296296296297 0.051041666666666666 0.09722222222222222
1 0.2234375 0.8527777777777777 0.052083333333333336 0.10925925925925926
1 0.20052083333333334 0.34814814814814815 0.06354166666666666 0.1259259259259259
1 0.7513020833333334 0.37916666666666665 0.06927083333333334 0.11203703703703703
1 0.86328125 0.7148148148148148 0.0546875 0.11481481481481481
1 0.29609375 0.32222222222222224 0.06614583333333333 0.11666666666666667
1 0.7518229166666667 0.6754629629629629 0.06822916666666666 0.11018518518518519
2 0.65 0.7523148148148148 0.09583333333333334 0.15833333333333333
1 0.5447916666666667 0.8333333333333334 0.06875 0.11481481481481481
2 0.4270833333333333 0.7560185185185185 0.08958333333333333 0.16203703703703703
1 0.6046875 0.2263888888888889 0.06041666666666667 0.11944444444444445
2 0.203125 0.6532407407407408 0.08541666666666667 0.1398148148148148
2 0.49765625 0.4791666666666667 0.0859375 0.15833333333333333