1 0.96953125 0.7763888888888889 0.0578125 0.09537037037037037
1 0.7833333333333333 0.5898148148148148 0.0625 0.12962962962962962
1 0.42734375 0.45231481481481484 0.06614583333333333 0.11388888888888889
1 0.2546875 0.22083333333333333 0.04791666666666667 0.075
1 0.17526041666666667 0.39861111111111114 0.05572916666666667 0.09722222222222222
1 0.8979166666666667 0.01898148148148148 0.075 0.03796296296296296
1 0.77421875 0.1287037037037037 0.0640625 0.11851851851851852
1 0.3328125 0.8046296296296296 0.06458333333333334 0.10925925925925926
1 0.784375 0.9222222222222223 0.071875 0.1037037037037037
1 0.2643229166666667 0.24722222222222223 0.06614583333333333 0.10925925925925926
1 0.11588541666666667 0.016203703703703703 0.0640625 0.032407407407407406
1 0.6440104166666667 0.6310185185185185 0.059895833333333336 0.09722222222222222
1 0.6078125 0.5337962962962963 0.04479166666666667 0.12314814814814815
1 0.890625 0.09351851851851851 0.058333333333333334 0.10740740740740741
1 0.9734375 0.5833333333333334 0.051041666666666666 0.09444444444444444
1 0.7921875 0.03564814814814815 0.06354166666666666 0.0712962962962963
1 0.78125 0.8694444444444445 0.058333333333333334 0.08888888888888889
1 0.5177083333333333 0.12453703703703704 0.06458333333333334 0.10648148148148148
1 0.7627604166666667 0.24675925925925926 0.0578125 0.09907407407407408
1 0.98046875 0.6824074074074075 0.0390625 0.1
1 0.01484375 0.09768518518518518 0.0296875 0.09722222222222222
1 0.9765625 0.05648148148148148 0.046875 0.11296296296296296
1 0.33307291666666666 0.9138888888888889 0.06822916666666666 0.12222222222222222
1 0.8609375 0.9347222222222222 0.053125 0.09537037037037037
1 0.88671875 0.9560185185185185 0.0578125 0.08611111111111111
1 0.6325520833333333 0.9236111111111112 0.0640625 0.12314814814814815
1 0.4484375 0.3773148148148148 0.06354166666666666 0.10277777777777777
1 0.3932291666666667 0.2162037037037037 0.053125 0.10462962962962963
1 0.9734375 0.8902777777777777 0.051041666666666666 0.11574074074074074
1 0.01875 0.43472222222222223 0.0375 0.14722222222222223
1 0.52734375 0.9296296296296296 0.058854166666666666 0.1037037037037037
1 0.6606770833333333 0.37407407407407406 0.0578125 0.09259259259259259
1 0.1734375 0.6888888888888889 0.06354166666666666 0.1111111111111111
1 0.1734375 0.7662037037037037 0.053125 0.10833333333333334
1 0.7046875 0.05092592592592592 0.06145833333333333 0.0962962962962963
1 0.22057291666666667 0.031018518518518518 0.05364583333333333 0.06018518518518518
1 0.8541666666666666 0.5222222222222223 0.05625 0.0962962962962963
1 0.8234375 0.6726851851851852 0.05625 0.09722222222222222
1 0.16796875 0.48148148148148145 0.0484375 0.09444444444444444
1 0.6106770833333334 0.18888888888888888 0.0671875 0.12037037037037036
1 0.06588541666666667 0.31805555555555554 0.05364583333333333 0.11574074074074074
1 0.04765625 0.8819444444444444 0.07239583333333334 0.13055555555555556
1 0.11692708333333333 0.20833333333333334 0.0578125 0.10925925925925926
1 0.04192708333333333 0.6907407407407408 0.06302083333333333 0.11481481481481481
1 0.017708333333333333 0.7236111111111111 0.035416666666666666 0.125
1 0.8049479166666667 0.15185185185185185 0.05572916666666667 0.1
1 0.7033854166666667 0.25416666666666665 0.05364583333333333 0.09166666666666666
1 0.39140625 0.12083333333333333 0.05364583333333333 0.09166666666666666
1 0.038802083333333334 0.043055555555555555 0.05260416666666667 0.0824074074074074
1 0.71640625 0.3958333333333333 0.0578125 0.09537037037037037
1 0.42994791666666665 0.5606481481481481 0.05677083333333333 0.10462962962962963
1 0.5815104166666667 0.29583333333333334 0.0609375 0.10462962962962963
1 0.52890625 0.8092592592592592 0.0640625 0.1111111111111111
1 0.42916666666666664 0.8532407407407407 0.06875 0.11018518518518519
1 0.09557291666666666 0.4671296296296296 0.050520833333333334 0.09907407407407408
1 0.09296875 0.5699074074074074 0.058854166666666666 0.09722222222222222
1 0.3984375 0.34629629629629627 0.05520833333333333 0.1111111111111111
1 0.20078125 0.23564814814814813 0.0515625 0.10277777777777777
1 0.590625 0.4166666666666667 0.0625 0.10555555555555556
1 0.040364583333333336 0.15925925925925927 0.06510416666666667 0.11481481481481481
1 0.8296875 0.30092592592592593 0.051041666666666666 0.1037037037037037
1 0.7979166666666667 0.5342592592592592 0.052083333333333336 0.1037037037037037
1 0.2864583333333333 0.3527777777777778 0.05416666666666667 0.1111111111111111
1 0.4122395833333333 0.04675925925925926 0.05364583333333333 0.09166666666666666
1 0.496875 0.663425925925926 0.06979166666666667 0.1287037037037037
1 0.64296875 0.2861111111111111 0.0578125 0.11481481481481481
1 0.7744791666666667 0.7481481481481481 0.07291666666666667 0.10555555555555556
1 0.7645833333333333 0.3287037037037037 0.05625 0.09814814814814815
1 0.23697916666666666 0.34953703703703703 0.04895833333333333 0.09722222222222222
1 0.58203125 0.07731481481481481 0.0578125 0.10092592592592593
1 0.18072916666666666 0.5902777777777778 0.06458333333333334 0.10092592592592593
2 0.17447916666666666 0.09444444444444444 0.07395833333333333 0.12222222222222222
1 0.4934895833333333 0.0587962962962963 0.0671875 0.09722222222222222
1 0.6411458333333333 0.7055555555555556 0.06354166666666666 0.12962962962962962
1 0.89921875 0.13240740740740742 0.0484375 0.08888888888888889
1 0.25026041666666665 0.10601851851851851 0.05260416666666667 0.08796296296296297
1 0.27760416666666665 0.49537037037037035 0.059375 0.10740740740740741
1 0.3703125 0.48935185185185187 0.05625 0.09351851851851851
1 0.34609375 0.16574074074074074 0.05572916666666667 0.12222222222222222
1 0.70625 0.8277777777777777 0.058333333333333334 0.11666666666666667
1 0.23411458333333332 0.6425925925925926 0.05572916666666667 0.0962962962962963
1 0.853125 0.39305555555555555 0.0625 0.11203703703703703
1 0.72890625 0.5699074074074074 0.0546875 0.09722222222222222
1 0.2234375 0.8916666666666667 0.065625 0.10740740740740741
1 0.11302083333333333 0.30972222222222223 0.06145833333333333 0.10092592592592593
1 0.8796875 0.300462962962963 0.05625 0.10648148148148148
1 0.34791666666666665 0.5726851851851852 0.06041666666666667 0.10833333333333334
1 0.1046875 0.7430555555555556 0.05625 0.10092592592592593
1 0.24817708333333333 0.7388888888888889 0.06822916666666666 0.10740740740740741
1 0.3971354166666667 0.7324074074074074 0.058854166666666666 0.11481481481481481
1 0.4734375 0.20972222222222223 0.07708333333333334 0.10833333333333334
1 0.8421875 0.8027777777777778 0.06145833333333333 0.10925925925925926
1 0.915625 0.23148148148148148 0.05625 0.1037037037037037
1 0.55703125 0.7023148148148148 0.06927083333333334 0.125
1 0.3424479166666667 0.39305555555555555 0.0546875 0.10833333333333334
1 0.1234375 0.888425925925926 0.07604166666666666 0.11944444444444445
2 0.6700520833333333 0.4981481481481482 0.11302083333333333 0.18703703703703703
2 0.5401041666666667 0.5287037037037037 0.10625 0.19444444444444445