5 0.20625 0.86796875 0.10625 0.1109375
6 0.59765625 0.8890625 0.22734375 0.221875
6 0.015625 0.5390625 0.03125 0.30234375
6 0.03046875 0.89921875 0.0609375 0.19140625
0 0.45859375 0.51875 0.51640625 0.57890625
6 0.7921875 0.2234375 0.290625 0.2625
6 0.76796875 0.87734375 0.26953125 0.2453125
6 0.1375 0.0921875 0.275 0.184375
6 0.3328125 0.9015625 0.3109375 0.196875
6 0.88671875 0.11796875 0.2234375 0.2359375
6 0.59375 0.13125 0.31484375 0.2625
6 0.75703125 0.653125 0.26640625 0.25546875
6 0.8953125 0.45234375 0.20859375 0.278125
5 0.73203125 0.41328125 0.11328125 0.11640625