6 0.684375 0.6859375 0.384375 0.34609375
6 0.5890625 0.8921875 0.2625 0.215625
6 0.628125 0.0234375 0.26796875 0.046875
0 0.47734375 0.49765625 0.45078125 0.4796875
6 0.39453125 0.790625 0.23984375 0.25546875
6 0.58203125 0.1359375 0.29765625 0.2125
6 0.20859375 0.31484375 0.18125 0.22265625
6 0.3796875 0.196875 0.2484375 0.215625
6 0.72734375 0.33828125 0.29921875 0.26640625
6 0.91953125 0.60234375 0.1609375 0.3203125
6 0.08203125 0.21328125 0.16328125 0.2625
6 0.19140625 0.0703125 0.27109375 0.140625