6 0.56484375 0.08828125 0.21328125 0.17578125
6 0.4046875 0.0625 0.23828125 0.125
6 0.47421875 0.1703125 0.33203125 0.26796875
6 0.01640625 0.4109375 0.0328125 0.2015625
0 0.50625 0.51484375 0.4625 0.525
6 0.0609375 0.90234375 0.121875 0.19453125
6 0.14765625 0.05078125 0.29140625 0.1015625
6 0.77109375 0.46875 0.21015625 0.2796875
6 0.5984375 0.94453125 0.2609375 0.1109375
6 0.22265625 0.9234375 0.27109375 0.153125
6 0.89375 0.1015625 0.2125 0.203125
6 0.89609375 0.9203125 0.2078125 0.159375
6 0.11796875 0.215625 0.2359375 0.25625
6 0.92421875 0.51640625 0.1515625 0.275
6 0.7953125 0.79296875 0.26640625 0.24375