6 0.66640625 0.9421875 0.2828125 0.115625
6 0.94765625 0.83125 0.10078125 0.11484375
5 0.9484375 0.83125 0.10234375 0.1046875
6 0.89296875 0.63984375 0.21015625 0.278125
6 0.17421875 0.2828125 0.28203125 0.26328125
6 0.91484375 0.93359375 0.1703125 0.13203125
6 0.09765625 0.8375 0.1953125 0.2390625
6 0.10703125 0.021875 0.21015625 0.04375
6 0.04609375 0.134375 0.0921875 0.2
6 0.9328125 0.07734375 0.13359375 0.1546875
0 0.52109375 0.49140625 0.4921875 0.4609375
6 0.6015625 0.17109375 0.23671875 0.2484375
6 0.3296875 0.2109375 0.321875 0.23359375