6 0.95078125 0.9625 0.0984375 0.075
0 0.5140625 0.49375 0.540625 0.5875
6 0.034375 0.928125 0.06875 0.14375
5 0.9765625 0.02265625 0.046875 0.0453125
6 0.06328125 0.43203125 0.1265625 0.3546875
6 0.10859375 0.06171875 0.2140625 0.1234375
6 0.0546875 0.7765625 0.109375 0.259375
6 0.68125 0.04453125 0.2625 0.0890625
6 0.23203125 0.93046875 0.2484375 0.1390625
6 0.53515625 0.059375 0.25546875 0.11796875
6 0.82265625 0.07890625 0.2609375 0.1578125
6 0.2765625 0.2390625 0.26796875 0.25546875
6 0.759375 0.8375 0.3359375 0.325
6 0.9203125 0.23203125 0.159375 0.2515625