6 0.5125 0.03046875 0.3109375 0.0609375
6 0.625 0.2625 0.3359375 0.2765625
0 0.484375 0.503125 0.44375 0.52734375
6 0.04609375 0.05625 0.0921875 0.1125
6 0.20234375 0.04921875 0.2359375 0.0984375
6 0.1140625 0.271875 0.22421875 0.28671875
6 0.64375 0.10625 0.3546875 0.2125
6 0.940625 0.18203125 0.11796875 0.34296875
6 0.63515625 0.91640625 0.2953125 0.16328125
6 0.4796875 0.86484375 0.2953125 0.26953125
6 0.16484375 0.921875 0.2890625 0.15625
6 0.89609375 0.68125 0.2078125 0.275
6 0.13125 0.6953125 0.2625 0.2953125
6 0.21328125 0.2109375 0.17890625 0.246875
6 0.01640625 0.85078125 0.0328125 0.1390625
6 0.02578125 0.553125 0.05078125 0.17734375