6 0.91640625 0.35234375 0.16328125 0.259375
6 0.1328125 0.015625 0.2625 0.03125
6 0.51171875 0.81875 0.24296875 0.20546875
6 0.78125 0.93203125 0.21875 0.1359375
6 0.94453125 0.9625 0.1109375 0.075
6 0.628125 0.03359375 0.325 0.0671875
0 0.453125 0.51484375 0.46796875 0.51484375
6 0.09140625 0.3640625 0.1828125 0.23515625
6 0.7046875 0.68125 0.23984375 0.2140625
6 0.17734375 0.15078125 0.31640625 0.29765625
6 0.50703125 0.19296875 0.28671875 0.25078125
6 0.2765625 0.89296875 0.31640625 0.21015625
6 0.64765625 0.8578125 0.33671875 0.18046875