6 0.9296875 0.2109375 0.1375 0.22109375
6 0.89453125 0.26875 0.21015625 0.25234375
6 0.965625 0.5 0.06875 0.26875
0 0.4921875 0.47265625 0.45234375 0.4625
6 0.47890625 0.03984375 0.2453125 0.0796875
6 0.40625 0.09453125 0.2796875 0.1859375
6 0.88515625 0.0703125 0.2296875 0.140625
6 0.1625 0.10625 0.2328125 0.2125
6 0.05859375 0.2859375 0.11640625 0.23828125
6 0.5765625 0.79921875 0.28359375 0.27265625
6 0.0828125 0.76640625 0.16484375 0.28671875
6 0.80703125 0.50546875 0.246875 0.2796875
6 0.37265625 0.753125 0.228125 0.2328125
6 0.3109375 0.93125 0.246875 0.1375
6 0.11875 0.51015625 0.2375 0.2390625