6 0.0109375 0.61953125 0.021875 0.2703125
6 0.91640625 0.17109375 0.1671875 0.31484375
2 0.915625 0.16796875 0.16875 0.33203125
6 0.38515625 0.7765625 0.35625 0.28671875
6 0.3125 0.94453125 0.26640625 0.1109375
0 0.9171875 0.1671875 0.16484375 0.33046875
6 0.98515625 0.87734375 0.0296875 0.23515625
0 0.4703125 0.5 0.509375 0.48203125
6 0.67265625 0.72734375 0.23984375 0.275
6 0.68984375 0.09921875 0.29375 0.19453125
5 0.89765625 0.8890625 0.08359375 0.10078125
6 0.06796875 0.91640625 0.1359375 0.1671875
6 0.80625 0.659375 0.259375 0.27109375
6 0.11328125 0.7765625 0.22265625 0.22109375
6 0.0828125 0.2796875 0.16484375 0.2640625
6 0.11640625 0.084375 0.2328125 0.16875
6 0.128125 0.52734375 0.25546875 0.2921875
6 0.896875 0.4125 0.203125 0.215625