0 0.50234375 0.48671875 0.57421875 0.60859375
6 0.9453125 0.94765625 0.10625 0.1046875
6 0.62109375 0.05234375 0.2640625 0.1046875
6 0.01796875 0.20546875 0.0359375 0.3015625
6 0.4953125 0.903125 0.3859375 0.19296875
6 0.52109375 0.1078125 0.33203125 0.215625
6 0.86796875 0.478125 0.2609375 0.23984375
6 0.86640625 0.6703125 0.2671875 0.3
6 0.67578125 0.83671875 0.2796875 0.24375
6 0.9109375 0.084375 0.17734375 0.16484375
6 0.21796875 0.084375 0.3109375 0.16875
6 0.09921875 0.5171875 0.1984375 0.290625