6 0.096875 0.91875 0.190625 0.15859375
6 0.95390625 0.48125 0.0921875 0.25390625
6 0.02265625 0.3515625 0.0453125 0.2640625
6 0.72890625 0.94609375 0.32734375 0.1078125
6 0.03515625 0.60078125 0.06953125 0.259375
0 0.48125 0.546875 0.48203125 0.49921875
6 0.871875 0.63671875 0.24296875 0.265625
6 0.83828125 0.27265625 0.3203125 0.29921875
6 0.17109375 0.353125 0.259375 0.25390625
6 0.709375 0.07890625 0.290625 0.1578125
6 0.89921875 0.8609375 0.2015625 0.20859375
6 0.1921875 0.10859375 0.26953125 0.2171875
6 0.3234375 0.2875 0.2546875 0.22265625
6 0.76953125 0.65078125 0.19765625 0.25859375