6 0.3984375 0.04375 0.2890625 0.08671875
0 0.48359375 0.5296875 0.521875 0.57578125
6 0.01796875 0.565625 0.0359375 0.259375
6 0.940625 0.9234375 0.11796875 0.14921875
5 0.7671875 0.56171875 0.08359375 0.07265625
6 0.20625 0.2 0.20703125 0.19140625
5 0.815625 0.84375 0.12890625 0.1046875
6 0.12265625 0.8 0.2453125 0.39296875
6 0.43125 0.16015625 0.33046875 0.25390625
6 0.87265625 0.59140625 0.25078125 0.29921875
6 0.128125 0.06171875 0.25546875 0.1234375
6 0.0546875 0.31484375 0.109375 0.2890625
6 0.5109375 0.88515625 0.3546875 0.2296875
6 0.909375 0.14375 0.18125 0.28671875