0 0.46015625 0.49921875 0.55625 0.48203125
6 0.290625 0.228125 0.2609375 0.215625
3 0.1390625 0.95390625 0.278125 0.0921875
6 0.36171875 0.94453125 0.28515625 0.1109375
6 0.46953125 0.95625 0.2125 0.08671875
5 0.19453125 0.15234375 0.14921875 0.1546875
6 0.65859375 0.97578125 0.2453125 0.0484375
6 0.8890625 0.0421875 0.221875 0.084375
6 0.74375 0.04375 0.26640625 0.08671875
6 0.11640625 0.3796875 0.2328125 0.2140625
6 0.11328125 0.671875 0.22578125 0.321875
6 0.8359375 0.69375 0.328125 0.278125
6 0.63203125 0.84453125 0.2796875 0.23125
6 0.44296875 0.0859375 0.2453125 0.171875
6 0.884375 0.309375 0.23125 0.20859375