6 0.03984375 0.965625 0.0796875 0.06875
6 0.5828125 0.8734375 0.325 0.253125
6 0.05703125 0.81796875 0.1140625 0.2921875
6 0.553125 0.13359375 0.3375 0.2671875
6 0.72421875 0.07265625 0.2890625 0.1453125
6 0.58359375 0.87265625 0.321875 0.25390625
6 0.9625 0.07890625 0.071875 0.1578125
0 0.484375 0.49765625 0.54453125 0.57734375
6 0.040625 0.51640625 0.08125 0.3546875
6 0.14296875 0.7765625 0.28203125 0.3046875
6 0.91875 0.47265625 0.16171875 0.3203125
6 0.76640625 0.63671875 0.3046875 0.28203125
6 0.86015625 0.85234375 0.2484375 0.2953125