6 0.9796875 0.91796875 0.03984375 0.16328125
5 0.965625 0.02578125 0.06875 0.0515625
6 0.9625 0.028125 0.075 0.05546875
6 0.24765625 0.0609375 0.2765625 0.121875
6 0.8921875 0.9609375 0.2125 0.078125
6 0.8359375 0.01796875 0.26875 0.0359375
6 0.02265625 0.34296875 0.0453125 0.3203125
0 0.503125 0.5015625 0.53359375 0.571875
6 0.49453125 0.93515625 0.3765625 0.1296875
6 0.06484375 0.5828125 0.1296875 0.221875
6 0.378125 0.14921875 0.28671875 0.2953125
6 0.83984375 0.08359375 0.2921875 0.1671875
6 0.8109375 0.65234375 0.2765625 0.30234375