6 0.603125 0.5859375 0.3375 0.3203125
6 0.62734375 0.1796875 0.45859375 0.359375
6 0.0515625 0.41796875 0.10234375 0.28359375
1 0.49921875 0.47421875 0.6328125 0.63828125
6 0.9640625 0.38359375 0.07109375 0.32890625
6 0.9578125 0.0484375 0.084375 0.096875
6 0.76328125 0.978125 0.30234375 0.04375
6 0.03984375 0.1875 0.0796875 0.21875
6 0.03125 0.87421875 0.0625 0.2484375
6 0.903125 0.1984375 0.19296875 0.2953125
6 0.11328125 0.46328125 0.22578125 0.2796875
6 0.71875 0.80859375 0.26640625 0.278125
6 0.89375 0.70703125 0.2125 0.31796875