6 0.12109375 0.05859375 0.2140625 0.11640625
0 0.51875 0.5125 0.53359375 0.57421875
6 0.93984375 0.703125 0.1203125 0.26953125
6 0.92578125 0.47265625 0.14765625 0.25703125
6 0.28203125 0.20859375 0.309375 0.33046875
6 0.03515625 0.89140625 0.06953125 0.2171875
6 0.92421875 0.2609375 0.1515625 0.25390625
6 0.90234375 0.07890625 0.1921875 0.1578125
5 0.04140625 0.7234375 0.0796875 0.08671875
6 0.58515625 0.87734375 0.40859375 0.2453125
6 0.43359375 0.1140625 0.29375 0.228125
6 0.14609375 0.5203125 0.2921875 0.3203125
6 0.7234375 0.23515625 0.28515625 0.2953125