6 0.98046875 0.5640625 0.0390625 0.253125
6 0.03984375 0.04375 0.0796875 0.08671875
6 0.95390625 0.228125 0.0921875 0.3515625
6 0.9375 0.090625 0.125 0.18125
0 0.29765625 0.86015625 0.48359375 0.2796875
6 0.73125 0.775 0.3359375 0.31484375
6 0.10234375 0.928125 0.2015625 0.14375
6 0.828125 0.484375 0.34375 0.328125
6 0.89921875 0.80234375 0.1984375 0.3046875
5 0.64375 0.26171875 0.11484375 0.1515625
6 0.596875 0.05390625 0.24375 0.1078125
6 0.1890625 0.10234375 0.30625 0.2046875
6 0.13828125 0.47890625 0.2765625 0.321875
6 0.66640625 0.91875 0.2890625 0.16171875
0 0.484375 0.525 0.4953125 0.45546875
6 0.2296875 0.30546875 0.23671875 0.203125
6 0.39765625 0.184375 0.2625 0.28515625