6 0.38125 0.08203125 0.27109375 0.16015625
0 0.46015625 0.49453125 0.5109375 0.43671875
6 0.49296875 0.0171875 0.2640625 0.034375
6 0.6828125 0.715625 0.29765625 0.2796875
6 0.8046875 0.53359375 0.26640625 0.246875
6 0.1015625 0.83515625 0.203125 0.309375
6 0.10078125 0.6125 0.2015625 0.27109375
6 0.10703125 0.28671875 0.2140625 0.2640625
6 0.93203125 0.81875 0.1359375 0.309375
6 0.809375 0.296875 0.321875 0.259375
6 0.084375 0.08515625 0.16875 0.1703125
6 0.8921875 0.0921875 0.215625 0.184375
6 0.3859375 0.23203125 0.3046875 0.2109375