6 0.62578125 0.9390625 0.28203125 0.121875
6 0.92421875 0.3453125 0.14453125 0.2453125
6 0.934375 0.7953125 0.1140625 0.25078125
6 0.0140625 0.41796875 0.028125 0.25234375
6 0.06484375 0.61953125 0.1296875 0.2484375
6 0.98359375 0.29375 0.0328125 0.23671875
6 0.66640625 0.97578125 0.246875 0.0484375
6 0.26171875 0.021875 0.25546875 0.04375
6 0.9375 0.0359375 0.125 0.07109375
6 0.8375 0.1234375 0.2625 0.23984375
6 0.22734375 0.890625 0.23125 0.20546875
3 0.46796875 0.509375 0.5015625 0.46875
6 0.23125 0.94765625 0.2296875 0.1046875
6 0.7765625 0.8171875 0.290625 0.278125
6 0.0515625 0.12265625 0.10234375 0.2453125
6 0.16640625 0.20625 0.23828125 0.203125
6 0.20859375 0.07890625 0.2484375 0.1578125
6 0.1765625 0.73515625 0.34609375 0.17578125
6 0.921875 0.478125 0.15625 0.25390625
6 0.75390625 0.33984375 0.2484375 0.2484375
6 0.90859375 0.93515625 0.1828125 0.1296875
6 0.8203125 0.59140625 0.28671875 0.2328125
6 0.43984375 0.86015625 0.25390625 0.24140625
6 0.615625 0.18125 0.25703125 0.23984375
6 0.13203125 0.41015625 0.2609375 0.2609375