5 0.6796875 0.02421875 0.08359375 0.0484375
6 0.259375 0.74609375 0.278125 0.25703125
6 0.02109375 0.51328125 0.04140625 0.22578125
6 0.03671875 0.940625 0.07265625 0.11796875
6 0.06484375 0.5984375 0.1296875 0.246875
6 0.971875 0.490625 0.05546875 0.23984375
6 0.8875 0.2640625 0.22421875 0.215625
6 0.89140625 0.97109375 0.2140625 0.05703125
6 0.3453125 0.03203125 0.2484375 0.0640625
1 0.46953125 0.49453125 0.5984375 0.603125
6 0.115625 0.76953125 0.23125 0.2453125
6 0.8234375 0.4609375 0.228125 0.27109375
6 0.75390625 0.1921875 0.27265625 0.24140625
6 0.6859375 0.921875 0.2453125 0.15625
6 0.07265625 0.09375 0.1453125 0.1875
6 0.41875 0.87890625 0.28203125 0.24140625
6 0.11484375 0.36328125 0.2296875 0.23984375
6 0.70703125 0.728125 0.26953125 0.25234375
6 0.89140625 0.07109375 0.2140625 0.1421875
6 0.44609375 0.14296875 0.259375 0.21875
6 0.225 0.1359375 0.2140625 0.21875