6 0.74453125 0.2453125 0.29921875 0.24375
6 0.5140625 0.3078125 0.28359375 0.2296875
6 0.96328125 0.0375 0.07265625 0.075
6 0.11015625 0.41640625 0.2171875 0.25234375
6 0.48046875 0.8640625 0.253125 0.2296875
6 0.76796875 0.13671875 0.2453125 0.22109375
6 0.86875 0.921875 0.2609375 0.15625
6 0.1109375 0.3015625 0.221875 0.215625
6 0.44765625 0.0875 0.2671875 0.175
6 0.80703125 0.02109375 0.25078125 0.04140625
6 0.36640625 0.2484375 0.2625 0.22578125
6 0.06171875 0.221875 0.1234375 0.25234375
6 0.93203125 0.58203125 0.1359375 0.23125
6 0.79296875 0.4953125 0.25703125 0.2609375
6 0.5828125 0.07109375 0.23125 0.1421875
6 0.05390625 0.63046875 0.1078125 0.24140625
6 0.9375 0.18359375 0.125 0.25234375
6 0.21640625 0.8046875 0.23828125 0.22421875
6 0.06171875 0.86640625 0.1234375 0.2671875
6 0.215625 0.546875 0.2609375 0.3359375
6 0.81328125 0.61640625 0.2140625 0.228125
6 0.2140625 0.9234375 0.25078125 0.153125
4 0.5 0.503125 0.36875 0.30625
6 0.77890625 0.81953125 0.2953125 0.2328125
6 0.38046875 0.85 0.21328125 0.21953125