6 0.5859375 0.703125 0.29921875 0.2484375
6 0.06640625 0.48203125 0.13203125 0.20546875
5 0.76875 0.740625 0.05546875 0.0484375
6 0.0171875 0.22109375 0.034375 0.2515625
6 0.2046875 0.69140625 0.23828125 0.30078125
6 0.45078125 0.971875 0.2296875 0.05546875
1 0.396875 0.47734375 0.60546875 0.59296875
6 0.69140625 0.03046875 0.2765625 0.0609375
6 0.94296875 0.53671875 0.1140625 0.2546875
6 0.47265625 0.81796875 0.28515625 0.2453125
6 0.33125 0.05625 0.23125 0.1125
6 0.925 0.10234375 0.146875 0.2046875
6 0.77109375 0.56328125 0.25234375 0.278125
6 0.4765625 0.140625 0.28515625 0.19453125
6 0.9265625 0.8046875 0.146875 0.278125
6 0.85625 0.31484375 0.2484375 0.25390625
6 0.6828125 0.16640625 0.2765625 0.2140625
6 0.22421875 0.90859375 0.25078125 0.1828125
6 0.09296875 0.0875 0.1859375 0.175