6 0.81875 0.9484375 0.34453125 0.10234375
6 0.88203125 0.01484375 0.2359375 0.0296875
6 0.1640625 0.93984375 0.22421875 0.1203125
6 0.63984375 0.72421875 0.275 0.325
6 0.96015625 0.8515625 0.0796875 0.25234375
6 0.1328125 0.11328125 0.25546875 0.22578125
6 0.4453125 0.06484375 0.296875 0.1296875
6 0.91015625 0.86953125 0.17890625 0.2609375
6 0.51484375 0.96953125 0.2890625 0.0609375
6 0.0984375 0.33125 0.196875 0.2625
6 0.69375 0.84453125 0.36875 0.3078125
6 0.9234375 0.06796875 0.153125 0.1359375
6 0.82578125 0.24296875 0.2890625 0.31796875
6 0.07421875 0.8921875 0.14765625 0.215625
6 0.2765625 0.1296875 0.3234375 0.259375
6 0.36328125 0.8234375 0.31640625 0.30078125
6 0.70546875 0.10546875 0.32890625 0.21015625
6 0.1140625 0.51484375 0.228125 0.309375
4 0.47109375 0.4609375 0.5390625 0.55390625