1 0.47265625 0.40859375 0.4828125 0.49140625
5 0.70859375 0.86328125 0.078125 0.0640625
6 0.42421875 0.8171875 0.30234375 0.246875
6 0.04921875 0.02578125 0.0984375 0.0515625
6 0.9765625 0.50703125 0.046875 0.259375
6 0.3953125 0.70234375 0.26953125 0.2296875
6 0.03046875 0.17265625 0.0609375 0.2453125
6 0.7375 0.3671875 0.2015625 0.25390625
6 0.91640625 0.54921875 0.1671875 0.246875
6 0.515625 0.90390625 0.25 0.1921875
6 0.33046875 0.11875 0.246875 0.203125
6 0.05859375 0.921875 0.11640625 0.15625
6 0.48203125 0.07421875 0.2609375 0.14765625
6 0.928125 0.27734375 0.14375 0.2703125
6 0.63984375 0.69296875 0.25703125 0.23125
6 0.22734375 0.93125 0.25546875 0.1375
6 0.834375 0.9265625 0.253125 0.146875
6 0.1453125 0.26015625 0.24140625 0.25234375
6 0.88671875 0.74765625 0.22578125 0.2609375
6 0.13125 0.66875 0.25546875 0.2484375