6 0.93125 0.97421875 0.1375 0.0515625
4 0.50625 0.49453125 0.428125 0.45078125
6 0.0765625 0.54140625 0.153125 0.259375
6 0.196875 0.50234375 0.2640625 0.31640625
6 0.25078125 0.246875 0.2640625 0.27109375
6 0.7390625 0.95 0.278125 0.1
6 0.06796875 0.17734375 0.1359375 0.25390625
6 0.43125 0.11796875 0.228125 0.2359375
6 0.77890625 0.6359375 0.25078125 0.325
6 0.65859375 0.171875 0.28671875 0.28203125
6 0.28203125 0.81484375 0.26796875 0.25234375
6 0.88125 0.109375 0.2375 0.21875
6 0.45859375 0.92578125 0.28359375 0.14765625
6 0.88828125 0.325 0.2234375 0.24375
6 0.62109375 0.79140625 0.28515625 0.25703125