6 0.7078125 0.9578125 0.271875 0.084375
6 0.17578125 0.05859375 0.26796875 0.11640625
5 0.86484375 0.17265625 0.05703125 0.046875
6 0.0296875 0.2125 0.059375 0.23671875
6 0.32890625 0.02734375 0.30625 0.05390625
6 0.06953125 0.89375 0.1390625 0.2125
6 0.96015625 0.21328125 0.0796875 0.2765625
6 0.32578125 0.6609375 0.33203125 0.340625
6 0.0890625 0.07578125 0.17734375 0.1515625
6 0.4359375 0.825 0.31796875 0.2796875
5 0.71796875 0.23671875 0.11484375 0.09375
6 0.6953125 0.903125 0.26796875 0.19296875
6 0.14609375 0.8546875 0.2890625 0.290625
6 0.90625 0.05625 0.1875 0.1125
6 0.09140625 0.31875 0.1828125 0.259375
6 0.259375 0.31640625 0.2640625 0.246875
6 0.40625 0.1828125 0.22109375 0.20546875
3 0.53828125 0.53515625 0.46484375 0.5875