6 0.60546875 0.08515625 0.31328125 0.1703125
6 0.371875 0.13984375 0.2890625 0.2796875
6 0.61015625 0.08515625 0.25390625 0.1703125
6 0.1921875 0.75234375 0.24140625 0.23828125
6 0.15625 0.053125 0.196875 0.10625
6 0.3703125 0.14140625 0.2875 0.2828125
6 0.7875 0.35390625 0.20859375 0.3359375
3 0.46328125 0.453125 0.47890625 0.615625
6 0.0625 0.14140625 0.125 0.2828125
6 0.1828125 0.9359375 0.309375 0.128125
6 0.9421875 0.4 0.115625 0.309375
6 0.7390625 0.66640625 0.246875 0.30625
6 0.39375 0.90078125 0.2796875 0.1984375
6 0.1234375 0.3671875 0.246875 0.246875
6 0.65859375 0.9234375 0.228125 0.153125
6 0.88984375 0.82578125 0.2171875 0.278125
6 0.89609375 0.1265625 0.2078125 0.253125