6 0.965625 0.8828125 0.06875 0.228125
6 0.903125 0.7796875 0.19296875 0.24140625
2 0.0515625 0.31015625 0.10234375 0.2765625
6 0.0515625 0.30546875 0.10234375 0.2625
3 0.5265625 0.515625 0.459375 0.44453125
6 0.0984375 0.7515625 0.196875 0.31328125
6 0.87890625 0.69296875 0.24140625 0.3046875
6 0.675 0.7796875 0.2953125 0.259375
6 0.153125 0.9390625 0.30234375 0.121875
6 0.5234375 0.853125 0.2015625 0.2796875
6 0.59296875 0.08203125 0.2625 0.16328125
5 0.03046875 0.5328125 0.0609375 0.07109375
5 0.34140625 0.71875 0.078125 0.075
6 0.203125 0.5296875 0.246875 0.290625
6 0.415625 0.1609375 0.26796875 0.30078125
6 0.92734375 0.46953125 0.1453125 0.2390625
5 0.23046875 0.7234375 0.08515625 0.0765625
6 0.2234375 0.27734375 0.26640625 0.23828125
6 0.06875 0.09765625 0.1375 0.19453125