6 0.725 0.06328125 0.21875 0.1265625
6 0.021875 0.38671875 0.04375 0.23828125
6 0.18671875 0.03125 0.2625 0.0625
6 0.28515625 0.03984375 0.2609375 0.0796875
6 0.08515625 0.1234375 0.1703125 0.246875
6 0.77734375 0.1171875 0.31328125 0.22421875
6 0.47109375 0.10078125 0.27109375 0.1984375
6 0.56171875 0.06640625 0.22578125 0.13203125
6 0.81875 0.0609375 0.278125 0.121875
6 0.1359375 0.36875 0.23984375 0.26796875
6 0.92578125 0.94453125 0.14765625 0.1109375
6 0.4 0.2125 0.23671875 0.2296875
6 0.915625 0.5703125 0.16875 0.2609375
6 0.8703125 0.79921875 0.259375 0.2453125
6 0.590625 0.859375 0.26953125 0.278125
1 0.57421875 0.47421875 0.6015625 0.5828125
6 0.221875 0.5890625 0.23125 0.25234375