6 0.30234375 0.225 0.28203125 0.22109375
1 0.51953125 0.50546875 0.45390625 0.44609375
5 0.74375 0.840625 0.05390625 0.06796875
6 0.5859375 0.16171875 0.27109375 0.26796875
6 0.4859375 0.0875 0.278125 0.175
6 0.971875 0.1234375 0.05546875 0.246875
6 0.690625 0.9296875 0.25078125 0.1375
6 0.36328125 0.04140625 0.2171875 0.0828125
6 0.025 0.85 0.05 0.2375
6 0.9484375 0.5859375 0.10234375 0.2328125
6 0.30078125 0.96171875 0.25078125 0.0765625
6 0.846875 0.43125 0.27109375 0.246875
6 0.03515625 0.1234375 0.06953125 0.246875
6 0.90234375 0.284375 0.19453125 0.196875
6 0.096875 0.946875 0.19296875 0.10625
6 0.346875 0.7296875 0.20703125 0.28359375
6 0.48203125 0.88359375 0.2125 0.2328125
6 0.1875 0.43203125 0.25390625 0.290625
6 0.86796875 0.75859375 0.2640625 0.25390625
6 0.1765625 0.14609375 0.24140625 0.2921875
6 0.89609375 0.9078125 0.2078125 0.184375
6 0.14375 0.6953125 0.25546875 0.25703125