6 0.9796875 0.80703125 0.03984375 0.1546875
6 0.53046875 0.94296875 0.2984375 0.1140625
5 0.04375 0.15625 0.08671875 0.09765625
6 0.7546875 0.66015625 0.2296875 0.32890625
6 0.37734375 0.90859375 0.2953125 0.1828125
6 0.04765625 0.7546875 0.0953125 0.275
3 0.425 0.57421875 0.62109375 0.5375
6 0.10234375 0.9390625 0.2046875 0.121875
6 0.93203125 0.94765625 0.1359375 0.1046875
6 0.89296875 0.71640625 0.2140625 0.2890625
6 0.76484375 0.3484375 0.23671875 0.2796875
6 0.89140625 0.090625 0.2171875 0.18125
6 0.76796875 0.903125 0.25234375 0.19296875
6 0.540625 0.17421875 0.25078125 0.28515625
5 0.42421875 0.06484375 0.1078125 0.10078125