6 0.9640625 0.27734375 0.07109375 0.26640625
4 0.5140625 0.490625 0.40546875 0.36875
5 0.5609375 0.15390625 0.0953125 0.10234375
6 0.96328125 0.83203125 0.07265625 0.26953125
6 0.09296875 0.25234375 0.1859375 0.2328125
6 0.890625 0.028125 0.21875 0.05546875
6 0.64296875 0.03359375 0.2984375 0.0671875
6 0.1515625 0.07578125 0.2328125 0.1515625
6 0.9234375 0.1671875 0.153125 0.23984375
6 0.06328125 0.47421875 0.1265625 0.2390625
6 0.71015625 0.94140625 0.228125 0.11640625
6 0.0953125 0.75390625 0.190625 0.2671875
6 0.68359375 0.22734375 0.246875 0.27265625
6 0.171875 0.29765625 0.22265625 0.23671875
6 0.85859375 0.32109375 0.26953125 0.25546875
6 0.59296875 0.73515625 0.25078125 0.2
6 0.24296875 0.515625 0.21015625 0.2484375
6 0.3078125 0.92734375 0.265625 0.1453125
6 0.33515625 0.74453125 0.28359375 0.24375
6 0.1 0.8953125 0.2 0.20859375
6 0.86796875 0.58203125 0.25703125 0.25546875