6 0.33359375 0.35625 0.2328125 0.3375
6 0.203125 0.459375 0.19453125 0.29921875
6 0.9484375 0.0171875 0.1 0.034375
5 0.39296875 0.0171875 0.0609375 0.034375
3 0.48359375 0.54453125 0.421875 0.4453125
6 0.0234375 0.59375 0.046875 0.203125
6 0.83046875 0.03671875 0.2453125 0.07265625
5 0.3703125 0.8359375 0.153125 0.14765625
6 0.06015625 0.403125 0.1203125 0.2328125
6 0.14296875 0.6515625 0.27109375 0.28671875
6 0.48515625 0.2046875 0.2328125 0.28671875
6 0.74921875 0.32578125 0.32734375 0.22109375
6 0.684375 0.76484375 0.29375 0.25703125
6 0.54375 0.8921875 0.2796875 0.215625
6 0.77890625 0.5484375 0.25703125 0.23828125
6 0.125 0.2046875 0.25 0.259375
6 0.678125 0.13046875 0.28515625 0.2609375
5 0.271875 0.06796875 0.1265625 0.11640625