4 0.515625 0.4828125 0.5234375 0.55859375
6 0.2015625 0.3421875 0.23203125 0.20859375
6 0.68203125 0.1 0.246875 0.19296875
6 0.0453125 0.08125 0.090625 0.16171875
6 0.75859375 0.03828125 0.28203125 0.0765625
6 0.20234375 0.584375 0.26953125 0.23671875
6 0.9109375 0.353125 0.17734375 0.25390625
6 0.65625 0.1703125 0.29375 0.2640625
6 0.89375 0.215625 0.2125 0.34765625
6 0.0484375 0.40078125 0.096875 0.2484375
6 0.54453125 0.83359375 0.28203125 0.25234375
6 0.2328125 0.7171875 0.29921875 0.26953125
6 0.04765625 0.8453125 0.0953125 0.2921875
6 0.9109375 0.89375 0.17734375 0.2125
6 0.46953125 0.9 0.25390625 0.2
6 0.2046875 0.06953125 0.25234375 0.1390625
6 0.74921875 0.659375 0.23671875 0.2640625
6 0.921875 0.71484375 0.15625 0.2609375
6 0.22421875 0.89375 0.29921875 0.2125
6 0.2734375 0.2484375 0.23359375 0.1890625