4 0.51640625 0.5171875 0.33359375 0.36875
6 0.59921875 0.278125 0.26640625 0.43828125
6 0.61484375 0.1328125 0.23125 0.23125
6 0.0421875 0.2640625 0.084375 0.25859375
6 0.7171875 0.603125 0.2453125 0.2296875
6 0.30859375 0.0234375 0.25546875 0.046875
6 0.05703125 0.54921875 0.11328125 0.25234375
5 0.36171875 0.8921875 0.08671875 0.08671875
6 0.96875 0.25078125 0.0625 0.25078125
6 0.690625 0.0796875 0.26875 0.159375
6 0.03203125 0.89140625 0.0640625 0.2171875
6 0.8125 0.32578125 0.27109375 0.28515625
6 0.89296875 0.878125 0.2140625 0.24375
6 0.2171875 0.4671875 0.20546875 0.24140625
6 0.8921875 0.653125 0.215625 0.23125