6 0.53203125 0.49140625 0.43515625 0.41875
4 0.5296875 0.48515625 0.4328125 0.40703125
6 0.028125 0.4234375 0.05546875 0.2484375
6 0.78515625 0.3640625 0.2625 0.24140625
6 0.90703125 0.04375 0.1859375 0.08359375
6 0.91640625 0.34609375 0.1671875 0.2953125
6 0.10078125 0.07109375 0.2015625 0.1421875
6 0.8640625 0.54375 0.27109375 0.259375
6 0.953125 0.92265625 0.09375 0.1546875
6 0.64296875 0.04609375 0.26953125 0.0921875
6 0.20234375 0.5953125 0.290625 0.259375
6 0.2359375 0.409375 0.23515625 0.22109375
6 0.43515625 0.76484375 0.23984375 0.19140625
6 0.1 0.25546875 0.2 0.246875
6 0.35078125 0.22265625 0.23515625 0.24375
6 0.4296875 0.90625 0.28515625 0.1875
6 0.87578125 0.790625 0.2453125 0.23828125