6 0.17109375 0.59765625 0.2171875 0.2765625
4 0.50234375 0.50546875 0.38984375 0.4125
6 0.95703125 0.059375 0.08515625 0.11484375
6 0.20078125 0.89921875 0.2484375 0.2015625
6 0.0609375 0.72421875 0.121875 0.2765625
6 0.23671875 0.64296875 0.28515625 0.2796875
6 0.2796875 0.26171875 0.28203125 0.36015625
6 0.06015625 0.94609375 0.1203125 0.1078125
6 0.96171875 0.89140625 0.0765625 0.2171875
6 0.73828125 0.4203125 0.228125 0.2765625
6 0.91796875 0.1171875 0.1609375 0.234375
6 0.16171875 0.084375 0.25078125 0.16875
6 0.86328125 0.2953125 0.26953125 0.27109375
6 0.68203125 0.13671875 0.2640625 0.26953125
6 0.8015625 0.90703125 0.28203125 0.1859375
6 0.51484375 0.18359375 0.25078125 0.259375
6 0.47734375 0.878125 0.28359375 0.24375