6 0.9609375 0.91484375 0.078125 0.1703125
2 0.50546875 0.503125 0.3078125 0.36328125
5 0.24609375 0.54375 0.10234375 0.0953125
6 0.8484375 0.57421875 0.2890625 0.34765625
6 0.14375 0.0921875 0.259375 0.18125
6 0.24921875 0.08125 0.2453125 0.16171875
6 0.9421875 0.0703125 0.115625 0.140625
4 0.2453125 0.825 0.490625 0.34921875
6 0.828125 0.23828125 0.30234375 0.36171875
6 0.3953125 0.2171875 0.26640625 0.2640625
6 0.63203125 0.0875 0.2796875 0.175
6 0.81640625 0.890625 0.228125 0.21875
6 0.1375 0.2984375 0.25078125 0.2625
6 0.61875 0.78125 0.25078125 0.23671875