6 0.51328125 0.85703125 0.23671875 0.2296875
5 0.81796875 0.56484375 0.05390625 0.059375
6 0.91640625 0.03203125 0.16328125 0.0640625
6 0.03046875 0.34765625 0.0609375 0.275
6 0.09453125 0.36640625 0.1890625 0.3234375
6 0.42890625 0.04921875 0.2640625 0.0984375
6 0.5453125 0.9578125 0.24375 0.084375
6 0.1484375 0.7546875 0.259375 0.22265625
6 0.5078125 0.08984375 0.246875 0.17890625
6 0.575 0.8078125 0.31796875 0.25546875
6 0.09375 0.628125 0.1875 0.22578125
6 0.746875 0.06640625 0.259375 0.13203125
6 0.18984375 0.08515625 0.2953125 0.1703125
1 0.4234375 0.4671875 0.628125 0.60703125
6 0.84765625 0.71796875 0.2453125 0.24375
6 0.89609375 0.81171875 0.2078125 0.2390625
6 0.13671875 0.93046875 0.27265625 0.1390625
6 0.91484375 0.12578125 0.1703125 0.2484375
6 0.91953125 0.5015625 0.1609375 0.2375
6 0.74921875 0.2625 0.25390625 0.24375