6 0.0171875 0.38671875 0.034375 0.2328125
6 0.903125 0.66796875 0.19296875 0.25390625
6 0.93125 0.921875 0.1375 0.15625
6 0.9734375 0.409375 0.053125 0.253125
6 0.9078125 0.96171875 0.184375 0.0765625
6 0.12421875 0.34453125 0.24140625 0.25078125
6 0.965625 0.21171875 0.06875 0.2578125
6 0.27734375 0.8078125 0.2796875 0.31796875
6 0.1796875 0.96484375 0.2796875 0.06953125
6 0.12890625 0.23828125 0.2328125 0.246875
6 0.31796875 0.0671875 0.2609375 0.13359375
6 0.90703125 0.5796875 0.1859375 0.196875
6 0.85859375 0.31484375 0.259375 0.2953125
6 0.17734375 0.54609375 0.246875 0.2890625
6 0.87578125 0.0328125 0.2453125 0.065625
6 0.83125 0.740625 0.2640625 0.2296875
6 0.4765625 0.18359375 0.22265625 0.22109375
1 0.50625 0.5125 0.49609375 0.49453125
6 0.4703125 0.07265625 0.275 0.1453125
6 0.084375 0.7328125 0.16875 0.25234375
6 0.703125 0.13671875 0.2796875 0.2484375