3 0.47578125 0.5453125 0.515625 0.5125
6 0.209375 0.3375 0.35625 0.31328125
6 0.853125 0.46953125 0.29375 0.246875
6 0.94765625 0.72578125 0.1046875 0.26953125
6 0.93515625 0.090625 0.1296875 0.18125
6 0.09375 0.14921875 0.1875 0.2640625
6 0.81484375 0.61484375 0.203125 0.28671875
6 0.76328125 0.07734375 0.25078125 0.1546875
6 0.30078125 0.8453125 0.29921875 0.24375
6 0.56171875 0.1984375 0.30625 0.25390625
6 0.42265625 0.09453125 0.2890625 0.1890625
6 0.78515625 0.8671875 0.25234375 0.2453125
6 0.1296875 0.66796875 0.259375 0.275
6 0.8890625 0.284375 0.221875 0.275