6 0.67109375 0.02109375 0.15390625 0.04140625
6 0.03046875 0.84375 0.0609375 0.25078125
6 0.225 0.4953125 0.29375 0.3515625
6 0.2484375 0.1 0.24375 0.2
6 0.19453125 0.96171875 0.29921875 0.0765625
6 0.8609375 0.04296875 0.2328125 0.08515625
6 0.89140625 0.1875 0.2140625 0.275
6 0.45390625 0.796875 0.28203125 0.275
6 0.95859375 0.384375 0.0828125 0.25625
6 0.4671875 0.06640625 0.2484375 0.13203125
6 0.0609375 0.446875 0.121875 0.2609375
6 0.1125 0.70859375 0.22421875 0.30078125
6 0.2546875 0.8515625 0.22109375 0.228125
6 0.13828125 0.25078125 0.259375 0.2125
6 0.7046875 0.72421875 0.28203125 0.23125
6 0.859375 0.53125 0.2640625 0.2625
4 0.52109375 0.46171875 0.5078125 0.47734375
6 0.728125 0.1734375 0.20390625 0.321875