6 0.0203125 0.96640625 0.040625 0.0671875
6 0.30703125 0.05703125 0.2015625 0.1140625
6 0.56796875 0.0125 0.2484375 0.02421875
6 0.05234375 0.0296875 0.1046875 0.059375
6 0.97890625 0.0625 0.04140625 0.125
6 0.98046875 0.61015625 0.0390625 0.2890625
6 0.70078125 0.521875 0.19453125 0.23984375
6 0.346875 0.2984375 0.228125 0.22421875
6 0.128125 0.16875 0.25546875 0.21875
6 0.04609375 0.3875 0.0921875 0.2328125
6 0.3953125 0.97578125 0.3078125 0.0484375
6 0.22265625 0.0640625 0.2640625 0.128125
6 0.04609375 0.60703125 0.0921875 0.2328125
6 0.59453125 0.31015625 0.215625 0.2140625
6 0.03515625 0.80546875 0.06953125 0.25078125
6 0.30625 0.42578125 0.2015625 0.24375
6 0.73125 0.72578125 0.23828125 0.2140625
2 0.4984375 0.503125 0.2796875 0.23828125
6 0.85703125 0.4328125 0.20546875 0.215625
6 0.5875 0.7203125 0.20859375 0.25703125
6 0.73125 0.31015625 0.2765625 0.228125
6 0.934375 0.24453125 0.13125 0.2296875
6 0.39140625 0.728125 0.215625 0.203125
6 0.1703125 0.49375 0.25078125 0.246875
6 0.22421875 0.27421875 0.21875 0.2140625
6 0.71796875 0.90859375 0.25703125 0.1828125
6 0.19140625 0.72890625 0.1984375 0.22578125
6 0.15078125 0.915625 0.23828125 0.16875
6 0.4875 0.1046875 0.24140625 0.2015625
6 0.38671875 0.85703125 0.23125 0.22265625