3 0.546875 0.5078125 0.48984375 0.55390625
5 0.64921875 0.01484375 0.19296875 0.0296875
6 0.64140625 0.01484375 0.215625 0.0296875
6 0.36640625 0.25390625 0.25234375 0.17734375
6 0.025 0.3703125 0.05 0.265625
6 0.79140625 0.65078125 0.23984375 0.30234375
6 0.09375 0.04609375 0.1875 0.0921875
6 0.47421875 0.78515625 0.31484375 0.2171875
6 0.92578125 0.7015625 0.14765625 0.25546875
6 0.50703125 0.06875 0.23828125 0.1375
6 0.2546875 0.57578125 0.25234375 0.26796875
6 0.8734375 0.4046875 0.253125 0.2125
6 0.12890625 0.275 0.2296875 0.25078125
6 0.2859375 0.08515625 0.259375 0.1703125