6 0.2890625 0.76875 0.24375 0.278125
6 0.915625 0.98203125 0.16875 0.0359375
6 0.9875 0.3109375 0.02421875 0.2328125
6 0.16796875 0.4875 0.31796875 0.2765625
3 0.528125 0.58203125 0.49765625 0.5640625
6 0.96015625 0.11875 0.0796875 0.18984375
6 0.0859375 0.4015625 0.171875 0.215625
6 0.37421875 0.24296875 0.22578125 0.203125
6 0.1609375 0.1328125 0.2625 0.2453125
6 0.8921875 0.5640625 0.215625 0.1859375
6 0.171875 0.4015625 0.2890625 0.1875
6 0.8390625 0.05390625 0.22109375 0.1078125
6 0.90234375 0.81640625 0.19453125 0.2
6 0.07265625 0.684375 0.1453125 0.196875
6 0.07265625 0.07578125 0.1453125 0.1515625
6 0.546875 0.16015625 0.24140625 0.22265625
6 0.1 0.9203125 0.2 0.159375
6 0.48515625 0.9203125 0.2390625 0.159375
6 0.73671875 0.8890625 0.23125 0.215625