1 0.49765625 0.5234375 0.40703125 0.4390625
6 0.709375 0.03046875 0.2609375 0.0609375
6 0.9734375 0.640625 0.053125 0.28125
6 0.48125 0.0328125 0.23125 0.065625
6 0.47109375 0.8 0.3234375 0.30625
6 0.6953125 0.26875 0.278125 0.23515625
6 0.1046875 0.06640625 0.20859375 0.13203125
6 0.92421875 0.38515625 0.1515625 0.22109375
6 0.29765625 0.290625 0.215625 0.22578125
6 0.128125 0.67578125 0.25546875 0.27265625
6 0.22578125 0.15703125 0.22578125 0.203125
6 0.25703125 0.87890625 0.27109375 0.24140625