1 0.51484375 0.46640625 0.4109375 0.4296875
6 0.76484375 0.328125 0.23984375 0.21015625
6 0.83203125 0.0359375 0.20703125 0.07109375
6 0.96953125 0.18671875 0.0609375 0.2140625
6 0.9015625 0.95859375 0.19375 0.0828125
6 0.0328125 0.925 0.065625 0.146875
6 0.81015625 0.934375 0.2515625 0.13125
6 0.04609375 0.06875 0.0921875 0.1375
6 0.95546875 0.41328125 0.0890625 0.2625
6 0.6015625 0.91171875 0.253125 0.1765625
6 0.74140625 0.1875 0.23828125 0.21875
6 0.3140625 0.0546875 0.2484375 0.109375
6 0.2953125 0.87578125 0.2890625 0.2484375
6 0.06171875 0.6453125 0.1234375 0.27109375
6 0.28125 0.22421875 0.25546875 0.25390625
6 0.646875 0.77109375 0.25390625 0.22421875
6 0.115625 0.16640625 0.228125 0.23515625
6 0.2359375 0.61640625 0.24140625 0.23828125
6 0.5453125 0.09296875 0.2484375 0.1859375
6 0.09375 0.3921875 0.1875 0.2484375
6 0.88671875 0.6296875 0.22578125 0.28515625