6 0.75703125 0.65625 0.2171875 0.23125
6 0.97890625 0.06875 0.04140625 0.13359375
6 0.96953125 0.325 0.0609375 0.20859375
6 0.35859375 0.0484375 0.2703125 0.096875
6 0.603125 0.13125 0.25703125 0.2453125
4 0.47734375 0.52578125 0.446875 0.4125
6 0.50859375 0.103125 0.2328125 0.20625
6 0.11015625 0.71796875 0.2203125 0.2484375
6 0.03984375 0.38515625 0.0796875 0.3078125
6 0.8390625 0.053125 0.23125 0.10625
6 0.1140625 0.0453125 0.22421875 0.090625
6 0.20078125 0.77265625 0.228125 0.2171875
6 0.8375 0.140625 0.22421875 0.20859375
6 0.9484375 0.9046875 0.1 0.190625
6 0.6328125 0.94765625 0.25078125 0.1046875
6 0.9171875 0.53125 0.16484375 0.25234375
6 0.77734375 0.515625 0.2125 0.25546875
6 0.1171875 0.934375 0.234375 0.13125
6 0.79140625 0.796875 0.246875 0.2609375
6 0.42578125 0.87734375 0.23984375 0.24140625
6 0.18359375 0.38203125 0.23515625 0.2484375