6 0.6375 0.03203125 0.228125 0.0640625
6 0.73125 0.5375 0.26953125 0.31640625
4 0.496875 0.49375 0.45078125 0.46640625
6 0.98046875 0.28046875 0.0390625 0.2546875
6 0.9140625 0.92734375 0.171875 0.1453125
6 0.27890625 0.96171875 0.2796875 0.0765625
6 0.934375 0.48515625 0.13125 0.2546875
6 0.559375 0.965625 0.2625 0.06875
6 0.14140625 0.02421875 0.26640625 0.0484375
6 0.1953125 0.8515625 0.25234375 0.23515625
6 0.66875 0.76171875 0.23515625 0.25390625
6 0.22734375 0.615625 0.22421875 0.246875
6 0.75625 0.91875 0.23984375 0.16171875
6 0.8171875 0.0609375 0.21875 0.121875
6 0.05625 0.65234375 0.1125 0.2453125
6 0.10859375 0.1140625 0.2171875 0.22421875
6 0.88125 0.725 0.2375 0.2875
6 0.15703125 0.37265625 0.25546875 0.2484375
6 0.31640625 0.2 0.20859375 0.23671875
6 0.51015625 0.1515625 0.23515625 0.25703125
6 0.85234375 0.26640625 0.23671875 0.2609375