3 0.53671875 0.47109375 0.49609375 0.5703125
6 0.97109375 0.91171875 0.0546875 0.1765625
6 0.35078125 0.2484375 0.2453125 0.20546875
6 0.24140625 0.559375 0.23984375 0.2484375
6 0.03984375 0.7453125 0.0796875 0.2796875
6 0.04609375 0.49140625 0.0921875 0.27265625
6 0.965625 0.290625 0.06875 0.259375
6 0.1125 0.05546875 0.22109375 0.1109375
6 0.05625 0.9265625 0.1125 0.146875
6 0.6171875 0.9453125 0.2890625 0.109375
6 0.56953125 0.828125 0.2625 0.2015625
6 0.8 0.2546875 0.25390625 0.23515625
6 0.3140625 0.08515625 0.290625 0.1703125
6 0.83046875 0.88671875 0.259375 0.22578125
6 0.35078125 0.840625 0.2 0.31796875
6 0.17734375 0.8328125 0.2015625 0.309375
6 0.91015625 0.7546875 0.17890625 0.25078125
6 0.15234375 0.30859375 0.259375 0.24140625
6 0.62109375 0.1015625 0.26796875 0.203125
6 0.87890625 0.08203125 0.24140625 0.16328125