6 0.0859375 0.98203125 0.171875 0.0359375
6 0.984375 0.7 0.03125 0.21015625
6 0.97265625 0.2234375 0.05390625 0.26953125
6 0.028125 0.46953125 0.05546875 0.28203125
6 0.81328125 0.41328125 0.21015625 0.24140625
6 0.03046875 0.16796875 0.0609375 0.26953125
6 0.1984375 0.43203125 0.25078125 0.2140625
6 0.525 0.0453125 0.27109375 0.090625
6 0.934375 0.95625 0.13125 0.084375
6 0.5640625 0.82421875 0.2796875 0.2953125
6 0.94765625 0.4859375 0.1046875 0.25234375
6 0.1390625 0.62890625 0.246875 0.2484375
6 0.63125 0.12265625 0.25390625 0.24140625
6 0.75625 0.93125 0.22578125 0.1375
6 0.24765625 0.20859375 0.29765625 0.25078125
6 0.86015625 0.1640625 0.22109375 0.26640625
6 0.8375 0.7328125 0.2453125 0.259375
1 0.5453125 0.47421875 0.57890625 0.521875