1 0.4921875 0.571875 0.415625 0.453125
6 0.02734375 0.05546875 0.05390625 0.1078125
6 0.56171875 0.028125 0.2328125 0.05546875
6 0.928125 0.575 0.14375 0.2375
6 0.34765625 0.25703125 0.2328125 0.22578125
6 0.50234375 0.94453125 0.33046875 0.1109375
6 0.915625 0.684375 0.16875 0.22421875
6 0.9578125 0.8703125 0.084375 0.209375
6 0.94921875 0.3234375 0.10078125 0.25703125
6 0.28125 0.1765625 0.22109375 0.22421875
6 0.07109375 0.90234375 0.1421875 0.1921875
6 0.2484375 0.8796875 0.22265625 0.215625
6 0.19921875 0.490625 0.228125 0.26796875
6 0.7703125 0.55625 0.20546875 0.25703125
6 0.74375 0.909375 0.228125 0.18125
6 0.77734375 0.09921875 0.2609375 0.1984375
6 0.0953125 0.31640625 0.190625 0.2328125
6 0.71796875 0.3171875 0.2640625 0.228125