4 0.51640625 0.5078125 0.46640625 0.45234375
6 0.91171875 0.01640625 0.1765625 0.0328125
6 0.80625 0.984375 0.25234375 0.03125
6 0.49140625 0.0234375 0.24140625 0.046875
6 0.96484375 0.20703125 0.06953125 0.24375
6 0.71640625 0.0390625 0.23984375 0.078125
6 0.1703125 0.04765625 0.2296875 0.0953125
6 0.15859375 0.74375 0.23671875 0.23515625
6 0.93515625 0.6 0.1296875 0.23125
6 0.77890625 0.7078125 0.2296875 0.2328125
6 0.59765625 0.90859375 0.22421875 0.1828125
6 0.840625 0.85078125 0.24140625 0.22265625
6 0.07421875 0.196875 0.14765625 0.21875
6 0.81875 0.40625 0.2296875 0.22421875
6 0.53203125 0.1609375 0.2328125 0.23828125
6 0.359375 0.8875 0.23828125 0.22421875
6 0.10546875 0.93359375 0.21015625 0.13203125
6 0.13125 0.46015625 0.24140625 0.24140625
6 0.7828125 0.178125 0.24375 0.2140625
6 0.2625 0.2640625 0.23984375 0.23671875
6 0.25546875 0.6578125 0.2171875 0.22734375