6 0.2984375 0.01484375 0.21015625 0.0296875
6 0.9640625 0.04765625 0.07109375 0.0953125
6 0.3078125 0.1890625 0.2296875 0.23515625
6 0.89453125 0.14921875 0.2 0.25390625
6 0.73984375 0.709375 0.24140625 0.25078125
6 0.03671875 0.72890625 0.07265625 0.246875
6 0.05625 0.05625 0.1125 0.1125
6 0.2375 0.709375 0.259375 0.2609375
6 0.25859375 0.096875 0.2140625 0.19296875
6 0.05546875 0.91484375 0.1109375 0.1703125
6 0.72890625 0.93125 0.22265625 0.1375
6 0.91875 0.26015625 0.16171875 0.23125
6 0.46953125 0.1875 0.2296875 0.215625
2 0.49921875 0.49453125 0.309375 0.3109375
6 0.48984375 0.9359375 0.2578125 0.128125
6 0.0890625 0.23359375 0.17734375 0.22109375
6 0.17734375 0.846875 0.2296875 0.246875
6 0.584375 0.06875 0.2296875 0.1375
6 0.75390625 0.13515625 0.23125 0.23828125
6 0.875 0.6203125 0.21875 0.2453125
6 0.39296875 0.75078125 0.20546875 0.26640625
6 0.74296875 0.42265625 0.2296875 0.20859375
6 0.6046875 0.7828125 0.2453125 0.28203125
6 0.13671875 0.46875 0.27265625 0.25390625
6 0.91875 0.86015625 0.16171875 0.26953125