4 0.5375 0.5078125 0.51640625 0.56484375
6 0.03359375 0.7234375 0.0671875 0.23125
6 0.97890625 0.8609375 0.04140625 0.2609375
6 0.940625 0.37109375 0.11796875 0.23828125
6 0.42890625 0.73828125 0.228125 0.203125
6 0.30859375 0.40546875 0.1828125 0.23671875
6 0.2328125 0.5296875 0.23984375 0.2484375
6 0.3765625 0.08984375 0.196875 0.17890625
6 0.9265625 0.690625 0.146875 0.2125
6 0.23125 0.140625 0.2015625 0.27109375
6 0.77734375 0.12421875 0.20546875 0.2484375
6 0.58671875 0.0890625 0.22109375 0.17734375
6 0.68671875 0.77734375 0.23984375 0.2296875
6 0.07109375 0.925 0.1421875 0.146875
6 0.0828125 0.55078125 0.16484375 0.2453125
6 0.884375 0.2609375 0.22109375 0.2328125
6 0.09140625 0.12265625 0.1828125 0.2453125
6 0.225 0.78125 0.25546875 0.22578125