6 0.98515625 0.66171875 0.0296875 0.2796875
6 0.04296875 0.55546875 0.08515625 0.228125
6 0.209375 0.43671875 0.23125 0.23671875
6 0.896875 0.9234375 0.203125 0.03515625
6 0.02265625 0.290625 0.0453125 0.27109375
6 0.34375 0.74921875 0.23515625 0.25390625
3 0.51953125 0.4421875 0.48125 0.53125
6 0.27421875 0.028125 0.27265625 0.05546875
6 0.71328125 0.9171875 0.25390625 0.046875
6 0.0484375 0.78046875 0.096875 0.2703125
6 0.1046875 0.9140625 0.20546875 0.05390625
6 0.43046875 0.84765625 0.259375 0.17890625
6 0.125 0.60625 0.246875 0.25234375
6 0.91875 0.06875 0.16171875 0.1375
6 0.64296875 0.7828125 0.23828125 0.22578125
6 0.19453125 0.2125 0.22578125 0.23671875
6 0.08515625 0.08515625 0.1703125 0.1703125
6 0.45859375 0.0953125 0.2609375 0.190625
6 0.86796875 0.56484375 0.2609375 0.25078125
6 0.72421875 0.1140625 0.26640625 0.228125
6 0.884375 0.296875 0.23125 0.2625