6 0.75859375 0.0203125 0.246875 0.03984375
6 0.9703125 0.04453125 0.059375 0.0890625
6 0.109375 0.221875 0.215625 0.22109375
6 0.278125 0.0203125 0.2640625 0.03984375
6 0.97421875 0.41796875 0.0515625 0.2671875
6 0.73515625 0.38125 0.23828125 0.2328125
6 0.046875 0.87734375 0.09375 0.24140625
6 0.3625 0.9578125 0.21875 0.084375
6 0.37109375 0.12421875 0.2453125 0.2453125
6 0.2125 0.3 0.2296875 0.2140625
6 0.9484375 0.91953125 0.1 0.1609375
6 0.77421875 0.07890625 0.2359375 0.1578125
6 0.56484375 0.93828125 0.24375 0.1234375
6 0.1046875 0.09375 0.20859375 0.1875
6 0.79375 0.9328125 0.24140625 0.13359375
6 0.4609375 0.2546875 0.27109375 0.23125
6 0.5515625 0.08359375 0.25078125 0.1671875
6 0.91015625 0.63203125 0.17890625 0.2484375
6 0.0703125 0.43984375 0.140625 0.22578125
6 0.70625 0.63671875 0.23984375 0.27109375
6 0.13359375 0.66796875 0.2671875 0.2671875
6 0.23984375 0.503125 0.215625 0.22109375
6 0.51875 0.76953125 0.23515625 0.2171875
6 0.3125 0.809375 0.228125 0.2453125
2 0.49296875 0.5078125 0.3046875 0.2921875
6 0.8875 0.23984375 0.22421875 0.25390625