6 0.9328125 0.946875 0.12734375 0.10625
6 0.98515625 0.59453125 0.0296875 0.25390625
2 0.49296875 0.5546875 0.46640625 0.50078125
6 0.25703125 0.0515625 0.24375 0.10234375
6 0.6875 0.309375 0.2625 0.24375
6 0.59375 0.03203125 0.24140625 0.0640625
6 0.96015625 0.07578125 0.0796875 0.1515625
6 0.49140625 0.95078125 0.2984375 0.0984375
6 0.58203125 0.19765625 0.2171875 0.22109375
6 0.94296875 0.3390625 0.1140625 0.26875
6 0.7671875 0.59921875 0.22578125 0.23125
6 0.10859375 0.9140625 0.2171875 0.171875
6 0.69765625 0.853125 0.2296875 0.24140625
6 0.16015625 0.73828125 0.2640625 0.25234375
6 0.07578125 0.1125 0.1515625 0.22421875
6 0.421875 0.85546875 0.29765625 0.22265625
6 0.803125 0.0765625 0.24375 0.153125
6 0.8921875 0.89453125 0.2125 0.21015625
6 0.13828125 0.340625 0.2765625 0.26796875