6 0.68671875 0.98515625 0.28515625 0.0296875
6 0.25859375 0.5546875 0.228125 0.2921875
6 0.50859375 0.92109375 0.25546875 0.1546875
6 0.65625 0.16796875 0.29765625 0.26953125
6 0.978125 0.14375 0.04375 0.2765625
6 0.7671875 0.98046875 0.265625 0.0390625
6 0.015625 0.409375 0.03125 0.26953125
6 0.9765625 0.46953125 0.046875 0.275
6 0.021875 0.68515625 0.04375 0.25390625
6 0.025 0.8765625 0.05 0.240625
6 0.2484375 0.46484375 0.215625 0.22109375
6 0.7296875 0.12890625 0.22421875 0.25703125
6 0.525 0.0328125 0.234375 0.065625
6 0.47890625 0.8546875 0.30078125 0.26953125
6 0.2453125 0.96171875 0.26796875 0.0765625
6 0.77578125 0.42890625 0.26796875 0.25546875
6 0.8625 0.13125 0.26796875 0.2625
6 0.0703125 0.94296875 0.140625 0.1140625
6 0.06171875 0.06953125 0.1234375 0.1390625
6 0.74921875 0.80234375 0.28515625 0.29765625
6 0.10078125 0.253125 0.2015625 0.26953125
2 0.51015625 0.45546875 0.353125 0.428125
6 0.92265625 0.7046875 0.1546875 0.26796875
6 0.0921875 0.5671875 0.184375 0.28203125
6 0.32109375 0.0828125 0.2484375 0.16484375
6 0.2015625 0.7921875 0.30234375 0.2484375