1 0.5078125 0.48515625 0.45859375 0.4765625
6 0.87109375 0.96328125 0.25390625 0.07265625
6 0.76171875 0.146875 0.24375 0.28359375
6 0.61640625 0.9640625 0.22421875 0.07109375
6 0.0609375 0.63359375 0.121875 0.2765625
6 0.5578125 0.85390625 0.22734375 0.2140625
6 0.275 0.2015625 0.23984375 0.21875
6 0.45546875 0.92734375 0.2203125 0.1453125
6 0.3984375 0.13515625 0.25390625 0.21015625
6 0.94609375 0.5296875 0.1078125 0.23125
6 0.84453125 0.378125 0.24140625 0.30078125
6 0.94140625 0.88671875 0.11640625 0.20859375
6 0.90859375 0.06875 0.1828125 0.1375
6 0.21015625 0.64765625 0.21875 0.23828125
6 0.1234375 0.42265625 0.2328125 0.2640625
6 0.10703125 0.92421875 0.2140625 0.1515625
6 0.08671875 0.184375 0.1734375 0.21875
6 0.640625 0.7984375 0.2046875 0.2296875