6 0.39296875 0.9796875 0.275 0.03984375
3 0.4515625 0.57578125 0.53203125 0.65546875
6 0.9015625 0.0328125 0.19375 0.065625
6 0.5296875 0.9546875 0.24140625 0.090625
6 0.9640625 0.846875 0.07109375 0.25078125
6 0.38203125 0.04453125 0.29375 0.0890625
6 0.2171875 0.07265625 0.240625 0.1453125
6 0.95625 0.44375 0.08671875 0.2890625
6 0.0625 0.91953125 0.125 0.1609375
6 0.1890625 0.7671875 0.27265625 0.25078125
6 0.05625 0.2078125 0.1125 0.26875
6 0.67421875 0.2140625 0.2625 0.23984375
6 0.115625 0.57265625 0.23125 0.31796875
6 0.7015625 0.72109375 0.228125 0.25546875
6 0.91953125 0.23828125 0.1609375 0.2765625
6 0.78203125 0.39296875 0.25546875 0.2640625
6 0.815625 0.915625 0.2609375 0.16875