6 0.02734375 0.6109375 0.05390625 0.39140625
6 0.97109375 0.0703125 0.05703125 0.140625
6 0.84296875 0.01796875 0.2953125 0.0359375
2 0.5078125 0.50625 0.2640625 0.30625
6 0.63671875 0.27734375 0.2640625 0.2453125
6 0.59140625 0.15234375 0.3203125 0.25234375
6 0.3234375 0.03828125 0.275 0.0765625
6 0.96875 0.51875 0.0625 0.321875
6 0.928125 0.96875 0.14375 0.0625
6 0.45703125 0.05390625 0.32734375 0.1078125
6 0.10546875 0.14765625 0.21015625 0.26796875
6 0.390625 0.33046875 0.2625 0.23671875
6 0.14765625 0.96796875 0.2609375 0.0640625
6 0.95078125 0.25625 0.0984375 0.275
6 0.27109375 0.17109375 0.2640625 0.23125
6 0.715625 0.42421875 0.2484375 0.22578125
6 0.05625 0.878125 0.1125 0.240625
6 0.84609375 0.20234375 0.22421875 0.228125
6 0.10234375 0.40703125 0.2046875 0.2765625
6 0.29453125 0.7984375 0.2453125 0.215625
6 0.27734375 0.57265625 0.26953125 0.290625
6 0.87265625 0.725 0.25390625 0.29921875
6 0.46328125 0.8953125 0.28671875 0.20859375