6 0.83828125 0.06171875 0.215625 0.1234375
6 0.01875 0.0640625 0.0375 0.128125
6 0.94140625 0.553125 0.11640625 0.25078125
6 0.02578125 0.6171875 0.0515625 0.24375
6 0.76640625 0.03671875 0.2765625 0.07265625
6 0.7890625 0.97578125 0.24140625 0.0484375
2 0.50546875 0.48203125 0.31796875 0.315625
6 0.115625 0.95859375 0.225 0.0828125
6 0.2609375 0.36171875 0.2296875 0.21875
6 0.4765625 0.73203125 0.2125 0.2125
6 0.359375 0.1671875 0.22421875 0.20546875
6 0.72578125 0.23203125 0.228125 0.2
6 0.92421875 0.23671875 0.1515625 0.24375
6 0.2921875 0.6484375 0.22265625 0.215625
6 0.15390625 0.25859375 0.23125 0.2171875
6 0.14765625 0.07421875 0.2328125 0.14765625
6 0.8953125 0.65859375 0.20546875 0.203125
6 0.24765625 0.9078125 0.23515625 0.18125
6 0.51640625 0.0671875 0.25078125 0.13359375
6 0.8953125 0.87109375 0.20859375 0.22265625
6 0.6890625 0.709375 0.2328125 0.24375
6 0.57578125 0.909375 0.246875 0.18125
6 0.1203125 0.51796875 0.23984375 0.25078125