6 0.91484375 0.98671875 0.1671875 0.02578125
1 0.5125 0.5046875 0.45703125 0.4625
6 0.096875 0.03671875 0.19296875 0.07265625
6 0.04296875 0.23515625 0.08515625 0.2296875
6 0.1796875 0.05390625 0.23125 0.1078125
6 0.50859375 0.096875 0.3078125 0.19296875
6 0.97265625 0.62734375 0.05390625 0.2796875
6 0.0625 0.11328125 0.125 0.21875
6 0.76171875 0.1453125 0.31640625 0.2625
6 0.93828125 0.40859375 0.1234375 0.2125
6 0.071875 0.4484375 0.14375 0.2625
6 0.9453125 0.078125 0.109375 0.15625
6 0.675 0.94296875 0.2625 0.1140625
6 0.85859375 0.5703125 0.228125 0.246875
6 0.79765625 0.37421875 0.21015625 0.22265625
6 0.32109375 0.9078125 0.23125 0.184375
6 0.11171875 0.90390625 0.2234375 0.1921875
6 0.221875 0.7375 0.23828125 0.2328125
6 0.74453125 0.784375 0.28203125 0.246875
6 0.2171875 0.23046875 0.26796875 0.2625