6 0.27109375 0.0234375 0.23671875 0.046875
6 0.02109375 0.7984375 0.04140625 0.25390625
6 0.07890625 0.025 0.1578125 0.05
6 0.1921875 0.978125 0.23828125 0.04375
6 0.95390625 0.5140625 0.0921875 0.25546875
6 0.91796875 0.04453125 0.16328125 0.0890625
6 0.05859375 0.521875 0.11640625 0.2921875
6 0.9453125 0.75703125 0.109375 0.2453125
6 0.271875 0.15703125 0.23125 0.25234375
2 0.51015625 0.50078125 0.3046875 0.2953125
6 0.803125 0.846875 0.22578125 0.28203125
6 0.26796875 0.390625 0.2328125 0.23828125
6 0.890625 0.19921875 0.215625 0.23125
6 0.43515625 0.8953125 0.23984375 0.20859375
6 0.65234375 0.1109375 0.2421875 0.221875
6 0.09296875 0.26328125 0.1859375 0.24140625
6 0.79296875 0.4140625 0.28203125 0.25390625
6 0.23125 0.7828125 0.23984375 0.2609375
6 0.6078125 0.74609375 0.23515625 0.24375