5 0.9796875 0.3203125 0.03984375 0.13515625
6 0.15703125 0.0203125 0.2234375 0.040625
5 0.8015625 0.36796875 0.14921875 0.13046875
6 0.740625 0.9765625 0.25390625 0.046875
6 0.046875 0.86015625 0.09375 0.22109375
6 0.91484375 0.13203125 0.1703125 0.2484375
6 0.4953125 0.50859375 0.3515625 0.33203125
6 0.7234375 0.0984375 0.23671875 0.196875
6 0.17578125 0.4234375 0.275 0.25234375
6 0.33984375 0.2234375 0.2796875 0.24140625
6 0.14140625 0.93359375 0.2625 0.13203125
6 0.08203125 0.62265625 0.16328125 0.25078125
6 0.91015625 0.5125 0.17890625 0.25234375
6 0.8328125 0.84921875 0.25078125 0.2484375
6 0.73671875 0.6296875 0.23125 0.2640625
6 0.325 0.8140625 0.28203125 0.25390625