6 0.96953125 0.0296875 0.0609375 0.059375
6 0.9796875 0.1953125 0.03984375 0.228125
6 0.80859375 0.01875 0.2015625 0.0375
2 0.46796875 0.4953125 0.36015625 0.32890625
6 0.92421875 0.92734375 0.1515625 0.1453125
6 0.953125 0.5328125 0.09375 0.26640625
6 0.325 0.88203125 0.23671875 0.2328125
6 0.67578125 0.41015625 0.26953125 0.36171875
6 0.0859375 0.6328125 0.171875 0.25703125
6 0.70703125 0.8390625 0.2453125 0.25234375
6 0.4828125 0.85625 0.23828125 0.2625
6 0.17578125 0.43359375 0.27109375 0.23828125
6 0.82109375 0.20625 0.30234375 0.290625
6 0.41328125 0.09140625 0.27265625 0.1828125
6 0.10625 0.11796875 0.2125 0.2359375
6 0.29765625 0.2359375 0.24375 0.23125
6 0.11171875 0.89609375 0.2234375 0.2078125
6 0.87109375 0.76640625 0.246875 0.2453125