6 0.96875 0.04921875 0.0625 0.0984375
6 0.1875 0.771875 0.215625 0.25390625
6 0.60859375 0.015625 0.23984375 0.03125
6 0.4640625 0.984375 0.23671875 0.03125
6 0.97421875 0.7859375 0.0515625 0.240625
6 0.9421875 0.23828125 0.115625 0.2546875
6 0.90703125 0.97265625 0.1859375 0.05390625
6 0.30859375 0.6171875 0.23515625 0.24375
6 0.04375 0.42890625 0.08671875 0.27265625
6 0.1140625 0.09921875 0.228125 0.1984375
6 0.64375 0.6296875 0.275 0.2015625
6 0.059375 0.66328125 0.11796875 0.23828125
6 0.40234375 0.71640625 0.23125 0.2296875
6 0.04140625 0.86640625 0.0828125 0.2671875
6 0.93359375 0.3984375 0.13203125 0.23671875
6 0.7625 0.73046875 0.23828125 0.2328125
6 0.30234375 0.26171875 0.23671875 0.24140625
2 0.50625 0.40859375 0.409375 0.44453125
6 0.90078125 0.596875 0.1984375 0.215625
6 0.08671875 0.20859375 0.1734375 0.2390625
6 0.175 0.425 0.23515625 0.25546875
6 0.36484375 0.0765625 0.23984375 0.153125
6 0.78125 0.3125 0.23984375 0.23828125
6 0.5765625 0.86015625 0.228125 0.23125
6 0.8390625 0.11015625 0.24375 0.2203125
6 0.6125 0.12890625 0.25390625 0.23671875
6 0.296875 0.88828125 0.23125 0.2234375