6 0.7859375 0.7875 0.3234375 0.24375
4 0.5203125 0.5171875 0.4484375 0.58984375
6 0.26328125 0.17265625 0.26640625 0.259375
6 0.25625 0.940625 0.29765625 0.11796875
6 0.95625 0.11796875 0.084375 0.2359375
6 0.3453125 0.12421875 0.21015625 0.2484375
6 0.63046875 0.940625 0.2484375 0.11796875
6 0.128125 0.12890625 0.25546875 0.23984375
6 0.815625 0.2515625 0.29921875 0.34609375
6 0.89921875 0.94140625 0.2015625 0.11640625
6 0.56171875 0.1203125 0.23671875 0.23984375
6 0.140625 0.6765625 0.27109375 0.25390625