6 0.36171875 0.0125 0.30625 0.02421875
6 0.034375 0.965625 0.06875 0.06875
6 0.9125 0.03203125 0.175 0.0640625
6 0.04921875 0.50390625 0.0984375 0.2984375
6 0.02734375 0.696875 0.05390625 0.2625
6 0.24375 0.14453125 0.30234375 0.2890625
6 0.37265625 0.96796875 0.25234375 0.0640625
6 0.6296875 0.95078125 0.253125 0.0984375
2 0.5265625 0.49375 0.415625 0.325
6 0.53125 0.21796875 0.3046875 0.25234375
6 0.084375 0.27734375 0.16875 0.25546875
6 0.15234375 0.85546875 0.259375 0.278125
6 0.2109375 0.47578125 0.259375 0.2765625
6 0.90703125 0.6796875 0.1859375 0.23984375
6 0.3015625 0.68125 0.26640625 0.259375
6 0.67265625 0.73984375 0.28203125 0.25546875
6 0.86875 0.12890625 0.2625 0.25390625