6 0.73515625 0.98671875 0.27265625 0.02578125
1 0.45625 0.50234375 0.42421875 0.41015625
6 0.98125 0.078125 0.0375 0.15625
6 0.25 0.03359375 0.25 0.0671875
6 0.97109375 0.86328125 0.05703125 0.2484375
6 0.26875 0.2234375 0.2453125 0.23515625
6 0.3171875 0.95 0.284375 0.1
6 0.07109375 0.42265625 0.1421875 0.2671875
6 0.07109375 0.7359375 0.1421875 0.315625
6 0.38125 0.15546875 0.25703125 0.2625
6 0.76015625 0.05703125 0.2640625 0.1140625
6 0.0875 0.11015625 0.175 0.2203125
6 0.909375 0.57890625 0.17734375 0.27109375
6 0.77109375 0.47421875 0.23125 0.2625
6 0.6328125 0.196875 0.25390625 0.24375
6 0.3359375 0.79140625 0.29921875 0.23671875
6 0.61640625 0.7625 0.28359375 0.25546875
6 0.82109375 0.86953125 0.25703125 0.23984375
6 0.8796875 0.22734375 0.23671875 0.2625