6 0.79296875 0.0171875 0.17890625 0.034375
6 0.96953125 0.34140625 0.0609375 0.2625
6 0.1171875 0.96640625 0.234375 0.0640625
2 0.50234375 0.5015625 0.32734375 0.325
6 0.93203125 0.2515625 0.1359375 0.21015625
6 0.4484375 0.946875 0.24375 0.10625
6 0.93828125 0.07109375 0.1234375 0.1421875
6 0.94453125 0.65546875 0.1109375 0.23671875
6 0.14765625 0.821875 0.2640625 0.25234375
6 0.11328125 0.325 0.22578125 0.23671875
6 0.61875 0.18125 0.2328125 0.2125
6 0.759375 0.38515625 0.24140625 0.23515625
6 0.8671875 0.84765625 0.228125 0.2625
6 0.63125 0.83046875 0.24375 0.24140625
6 0.30859375 0.11640625 0.228125 0.21875
6 0.3359375 0.33203125 0.24375 0.2328125
6 0.1296875 0.57109375 0.259375 0.2625