6 0.98125 0.04921875 0.0375 0.0984375
6 0.1140625 0.9703125 0.20703125 0.059375
6 0.2875 0.978125 0.2796875 0.04375
2 0.503125 0.50625 0.37734375 0.39921875
6 0.02734375 0.803125 0.05390625 0.25703125
6 0.2453125 0.0484375 0.2625 0.096875
6 0.69296875 0.73125 0.3109375 0.2453125
6 0.3078125 0.27734375 0.2125 0.30078125
6 0.63359375 0.075 0.2171875 0.14921875
6 0.57265625 0.85078125 0.23828125 0.26796875
6 0.721875 0.26796875 0.31328125 0.24375
6 0.11640625 0.26015625 0.2296875 0.23828125
6 0.35625 0.8546875 0.2296875 0.2625
6 0.44453125 0.1453125 0.25234375 0.26953125
6 0.19296875 0.71875 0.27109375 0.2484375
6 0.8078125 0.52421875 0.26640625 0.27265625
6 0.865625 0.11015625 0.26875 0.2203125
6 0.13125 0.5046875 0.2625 0.25078125