6 0.6328125 0.9484375 0.25703125 0.09921875
6 0.91015625 0.0625 0.171875 0.125
6 0.96796875 0.6625 0.0640625 0.25703125
6 0.2921875 0.69296875 0.23984375 0.25546875
6 0.5078125 0.03359375 0.2375 0.0671875
6 0.515625 0.96875 0.2453125 0.0625
6 0.83046875 0.5625 0.32890625 0.28671875
6 0.809375 0.30234375 0.32890625 0.25390625
1 0.5171875 0.5078125 0.4265625 0.475
6 0.8640625 0.76796875 0.2640625 0.23828125
6 0.04921875 0.0546875 0.0984375 0.109375
6 0.3328125 0.046875 0.23515625 0.09375
6 0.8484375 0.0953125 0.2921875 0.1875
6 0.1546875 0.82265625 0.26796875 0.215625
6 0.41640625 0.853125 0.2625 0.23515625
6 0.12890625 0.42421875 0.2296875 0.22578125
6 0.15078125 0.9203125 0.2609375 0.15625
6 0.10078125 0.578125 0.2015625 0.27265625
6 0.9140625 0.8921875 0.171875 0.215625
6 0.7 0.88203125 0.253125 0.2359375
6 0.57734375 0.1625 0.25390625 0.228125
6 0.32890625 0.225 0.309375 0.2796875
6 0.09921875 0.20703125 0.1984375 0.246875
5 0.7484375 0.16171875 0.07109375 0.07109375