6 0.25859375 0.0140625 0.22109375 0.028125
6 0.1046875 0.0140625 0.20859375 0.028125
6 0.43828125 0.0296875 0.22578125 0.059375
6 0.7984375 0.253125 0.2609375 0.290625
6 0.1046875 0.9484375 0.20859375 0.10234375
6 0.3 0.15234375 0.228125 0.23515625
6 0.971875 0.64140625 0.05546875 0.278125
6 0.74765625 0.3125 0.23671875 0.2453125
6 0.11328125 0.21484375 0.22578125 0.23828125
6 0.92734375 0.1640625 0.1453125 0.253125
6 0.3640625 0.97265625 0.25234375 0.05390625
6 0.51875 0.08203125 0.2796875 0.16328125
6 0.14375 0.56328125 0.28359375 0.2609375
6 0.1125 0.7671875 0.22421875 0.23984375
2 0.5171875 0.49921875 0.3078125 0.3203125
6 0.8140625 0.59375 0.28203125 0.290625
6 0.5171875 0.871875 0.25234375 0.23828125
6 0.7796875 0.85859375 0.24140625 0.23828125