6 0.0296875 0.86953125 0.059375 0.2609375
1 0.57109375 0.4734375 0.5484375 0.49296875
6 0.965625 0.06328125 0.06875 0.1234375
6 0.028125 0.1296875 0.05546875 0.25546875
6 0.10625 0.059375 0.2125 0.11796875
6 0.23046875 0.6703125 0.24140625 0.290625
6 0.115625 0.81640625 0.23125 0.25234375
6 0.07109375 0.3671875 0.1421875 0.24375
6 0.0796875 0.60078125 0.159375 0.2515625
6 0.72890625 0.16484375 0.2609375 0.23671875
6 0.54609375 0.06953125 0.28203125 0.1390625
6 0.59453125 0.903125 0.2609375 0.19296875
6 0.8734375 0.91171875 0.253125 0.1765625
6 0.35703125 0.8921875 0.259375 0.215625
6 0.80859375 0.746875 0.26796875 0.2140625
6 0.2953125 0.17109375 0.26796875 0.25546875