6 0.9625 0.1 0.075 0.2
6 0.05703125 0.2828125 0.1140625 0.253125
6 0.8296875 0.88046875 0.25625 0.2390625
3 0.4953125 0.49375 0.484375 0.57109375
6 0.728125 0.9796875 0.27265625 0.03984375
6 0.03125 0.5875 0.0625 0.25703125
6 0.94140625 0.3234375 0.11328125 0.2609375
6 0.346875 0.06484375 0.328125 0.1296875
6 0.76953125 0.83046875 0.25234375 0.25234375
6 0.28984375 0.21328125 0.20703125 0.22109375
6 0.03203125 0.43046875 0.0640625 0.23125
6 0.39453125 0.928125 0.2546875 0.14375
6 0.78671875 0.56640625 0.2625 0.290625
6 0.97109375 0.81796875 0.05703125 0.29375
6 0.06171875 0.9484375 0.1234375 0.10234375
6 0.7796875 0.384375 0.23125 0.25703125
6 0.1203125 0.21015625 0.215625 0.25078125
6 0.07734375 0.06171875 0.1546875 0.1234375
6 0.62890625 0.8328125 0.2765625 0.23671875
6 0.26953125 0.88125 0.2734375 0.2375
6 0.07578125 0.79453125 0.1515625 0.246875
6 0.86328125 0.0953125 0.2703125 0.190625
6 0.59765625 0.13828125 0.28359375 0.25234375
5 0.7453125 0.2234375 0.09453125 0.0890625