1 0.5140625 0.48359375 0.52578125 0.428125
6 0.74765625 0.9484375 0.25390625 0.10234375
6 0.42734375 0.965625 0.2765625 0.06875
6 0.59453125 0.1109375 0.2671875 0.221875
6 0.715625 0.77265625 0.24140625 0.23828125
6 0.903125 0.103125 0.19296875 0.2015625
6 0.6890625 0.1859375 0.2609375 0.21875
6 0.8640625 0.6078125 0.25078125 0.26953125
6 0.93046875 0.88671875 0.1390625 0.22578125
6 0.26953125 0.2234375 0.23984375 0.25234375
6 0.3671875 0.809375 0.27109375 0.27265625
6 0.89609375 0.315625 0.2078125 0.25