5 0.02421875 0.88359375 0.0484375 0.1390625
6 0.94296875 0.0390625 0.1109375 0.078125
6 0.97265625 0.92578125 0.05390625 0.14765625
6 0.51796875 0.94921875 0.33359375 0.10078125
6 0.0484375 0.271875 0.096875 0.259375
4 0.50859375 0.49296875 0.45703125 0.4640625
6 0.69921875 0.0453125 0.2921875 0.090625
6 0.83046875 0.9421875 0.2671875 0.115625
6 0.56953125 0.8046875 0.26953125 0.2453125
6 0.23125 0.87578125 0.2890625 0.2484375
6 0.8890625 0.65234375 0.21875 0.23984375
6 0.85859375 0.53671875 0.2796875 0.228125
6 0.54921875 0.15625 0.22578125 0.24375
6 0.17578125 0.40703125 0.2609375 0.31328125
6 0.75703125 0.203125 0.2453125 0.2640625
6 0.1515625 0.14140625 0.23984375 0.2484375