6 0.96171875 0.41796875 0.0765625 0.26953125
6 0.33671875 0.1015625 0.28671875 0.203125
6 0.94296875 0.07421875 0.1140625 0.1484375
6 0.06328125 0.93515625 0.1265625 0.1296875
6 0.946875 0.76328125 0.10625 0.278125
6 0.1375 0.16875 0.275 0.31328125
6 0.7609375 0.0703125 0.290625 0.140625
6 0.878125 0.9234375 0.24375 0.153125
6 0.121875 0.45078125 0.24375 0.309375
6 0.87421875 0.2328125 0.2515625 0.271875
6 0.77421875 0.76484375 0.278125 0.2640625
6 0.228125 0.90078125 0.26796875 0.1984375
6 0.5453125 0.87421875 0.259375 0.2484375
3 0.52109375 0.4875 0.55 0.53828125