6 0.02421875 0.58515625 0.0484375 0.25234375
6 0.97109375 0.1609375 0.05703125 0.2484375
6 0.96953125 0.8484375 0.0609375 0.275
6 0.66640625 0.0609375 0.23671875 0.121875
6 0.65234375 0.96796875 0.278125 0.0640625
6 0.4203125 0.07109375 0.3125 0.1421875
6 0.228125 0.96015625 0.24375 0.0796875
6 0.890625 0.93515625 0.21875 0.1296875
6 0.19375 0.11015625 0.221875 0.2203125
2 0.5109375 0.50234375 0.3515625 0.33046875
6 0.43984375 0.87890625 0.21875 0.24140625
6 0.88515625 0.05078125 0.2296875 0.10078125
6 0.09140625 0.1140625 0.1828125 0.228125
6 0.6875 0.30703125 0.24140625 0.2484375
6 0.08984375 0.45703125 0.17890625 0.2296875
6 0.146875 0.6625 0.25546875 0.23984375
6 0.8328125 0.30546875 0.28515625 0.28359375
6 0.3921875 0.74453125 0.23125 0.20546875
6 0.82578125 0.85390625 0.2640625 0.27109375
6 0.1 0.83671875 0.196875 0.2640625
6 0.69296875 0.66171875 0.259375 0.23828125
6 0.3015625 0.31796875 0.22421875 0.20859375
6 0.9046875 0.56015625 0.190625 0.2890625