3 0.5125 0.490625 0.56015625 0.54921875
6 0.42734375 0.9546875 0.36328125 0.090625
6 0.03359375 0.790625 0.0671875 0.26875
6 0.2234375 0.12109375 0.3046875 0.228125
6 0.12578125 0.5890625 0.2515625 0.28125
6 0.17734375 0.86328125 0.32734375 0.27265625
6 0.91484375 0.88515625 0.1703125 0.2296875
6 0.8359375 0.08515625 0.321875 0.1703125
6 0.878125 0.3296875 0.24375 0.31484375
6 0.1703125 0.3015625 0.3234375 0.24140625
6 0.87578125 0.64296875 0.2484375 0.30078125
5 0.55625 0.76796875 0.1078125 0.1109375