6 0.86171875 0.9703125 0.259375 0.059375
6 0.97734375 0.928125 0.0453125 0.14375
6 0.03203125 0.0484375 0.0640625 0.096875
6 0.45546875 0.97421875 0.2734375 0.0515625
4 0.484375 0.5328125 0.459375 0.5359375
6 0.56640625 0.95234375 0.22421875 0.0953125
6 0.91640625 0.02734375 0.1671875 0.05390625
6 0.9609375 0.13125 0.078125 0.25234375
6 0.04453125 0.9421875 0.0890625 0.115625
6 0.1828125 0.203125 0.2640625 0.24375
6 0.66796875 0.2921875 0.2640625 0.23984375
6 0.1140625 0.10859375 0.22421875 0.2171875
6 0.528125 0.0640625 0.240625 0.128125
6 0.7453125 0.06484375 0.2375 0.1296875
6 0.92578125 0.74765625 0.14765625 0.2296875
6 0.4484375 0.18671875 0.25703125 0.20703125
6 0.084375 0.3875 0.16875 0.25078125
6 0.7203125 0.8203125 0.3234375 0.2625
6 0.175 0.89140625 0.2453125 0.2171875
6 0.86015625 0.4609375 0.2765625 0.246875