6 0.02265625 0.3828125 0.0453125 0.22578125
6 0.1515625 0.03203125 0.28515625 0.0640625
3 0.540625 0.48203125 0.534375 0.54375
6 0.1453125 0.15625 0.290625 0.27109375
6 0.8015625 0.965625 0.23125 0.06875
6 0.04921875 0.8609375 0.0984375 0.25625
6 0.09296875 0.10234375 0.1828125 0.2046875
6 0.965625 0.175 0.06875 0.26875
6 0.8171875 0.7328125 0.25390625 0.26640625
6 0.3171875 0.2515625 0.2625 0.26640625
6 0.2515625 0.6484375 0.25234375 0.28515625
6 0.1921875 0.3609375 0.259375 0.27265625
6 0.33984375 0.87265625 0.26640625 0.215625
6 0.5921875 0.8515625 0.2625 0.25234375
6 0.45234375 0.940625 0.28515625 0.11796875
6 0.39296875 0.07109375 0.2890625 0.1421875
6 0.075 0.6 0.14921875 0.25703125
6 0.8359375 0.32265625 0.29375 0.259375
6 0.1015625 0.9203125 0.203125 0.159375
6 0.871875 0.11796875 0.25546875 0.2171875
6 0.9125 0.88125 0.175 0.2375
6 0.8875 0.5859375 0.22109375 0.25703125