6 0.90390625 0.96796875 0.1921875 0.0609375
6 0.12578125 0.890625 0.2484375 0.21875
4 0.51484375 0.53515625 0.45078125 0.4015625
6 0.14453125 0.978125 0.275 0.04375
6 0.5625 0.01640625 0.259375 0.0328125
6 0.13515625 0.7859375 0.26953125 0.25078125
6 0.11484375 0.028125 0.22578125 0.05546875
6 0.3921875 0.83046875 0.290625 0.25234375
6 0.1890625 0.5921875 0.2796875 0.23828125
6 0.4125 0.92578125 0.27109375 0.14765625
6 0.9078125 0.62734375 0.184375 0.259375
6 0.6453125 0.82890625 0.25390625 0.29765625
6 0.325 0.0609375 0.275 0.121875
6 0.853125 0.91015625 0.26953125 0.17890625
6 0.925 0.22890625 0.14921875 0.28359375
6 0.83671875 0.4328125 0.2609375 0.25390625
6 0.1859375 0.4359375 0.26796875 0.2625
6 0.215625 0.20234375 0.275 0.23515625
6 0.56171875 0.1453125 0.22578125 0.2171875
6 0.78125 0.10546875 0.246875 0.21015625