1 0.459375 0.490625 0.46796875 0.521875
6 0.87890625 0.98359375 0.23515625 0.0328125
6 0.159375 0.96875 0.23828125 0.0625
6 0.0484375 0.6203125 0.096875 0.225
6 0.9640625 0.07734375 0.07109375 0.1515625
6 0.39375 0.0453125 0.228125 0.090625
6 0.053125 0.8984375 0.10625 0.2
6 0.47578125 0.82265625 0.26640625 0.20859375
6 0.77578125 0.0546875 0.23984375 0.109375
6 0.57109375 0.07734375 0.1859375 0.1546875
6 0.325 0.1625 0.25078125 0.23125
6 0.240625 0.79140625 0.2140625 0.28515625
6 0.88359375 0.5328125 0.20859375 0.2
6 0.659375 0.2625 0.2328125 0.23984375
6 0.7171875 0.6671875 0.2140625 0.2140625
6 0.8671875 0.25234375 0.203125 0.275
6 0.78984375 0.8640625 0.27265625 0.228125