6 0.07109375 0.028125 0.1421875 0.05625
6 0.55390625 0.0125 0.25234375 0.02421875
6 0.90078125 0.02265625 0.1984375 0.0453125
6 0.14140625 0.0234375 0.2796875 0.046875
6 0.6796875 0.703125 0.22578125 0.24140625
6 0.97734375 0.1328125 0.0453125 0.2453125
6 0.315625 0.12734375 0.25546875 0.22265625
6 0.04765625 0.2703125 0.0953125 0.228125
6 0.02734375 0.9140625 0.05390625 0.171875
2 0.4953125 0.49765625 0.34765625 0.3375
6 0.78125 0.6984375 0.28203125 0.23125
6 0.22578125 0.9390625 0.24375 0.121875
6 0.89375 0.90390625 0.209375 0.1921875
6 0.7671875 0.103125 0.2875 0.20625
6 0.34375 0.22578125 0.26640625 0.24375
6 0.45078125 0.9359375 0.2453125 0.128125
6 0.16640625 0.55078125 0.2484375 0.23828125
6 0.91796875 0.51015625 0.16328125 0.27265625
6 0.68046875 0.90390625 0.2703125 0.1921875
6 0.73984375 0.3140625 0.26953125 0.2484375
6 0.403125 0.76640625 0.278125 0.2484375