6 0.91875 0.340625 0.15859375 0.2015625
6 0.33828125 0.90703125 0.24375 0.1859375
1 0.56640625 0.4875 0.56328125 0.44375
6 0.6765625 0.03671875 0.34765625 0.07265625
6 0.76796875 0.19296875 0.259375 0.26796875
6 0.89921875 0.4609375 0.2015625 0.24609375
1 0.88046875 0.78984375 0.2390625 0.4140625
6 0.03125 0.69296875 0.0625 0.190625
6 0.23828125 0.16796875 0.25078125 0.26953125
6 0.05234375 0.2359375 0.1046875 0.27265625
6 0.33203125 0.81484375 0.25078125 0.21953125
6 0.85859375 0.16640625 0.2625 0.2453125
6 0.1109375 0.7640625 0.221875 0.228125
6 0.93515625 0.05859375 0.1296875 0.1171875
6 0.14296875 0.51484375 0.25390625 0.2609375
6 0.18515625 0.60625 0.23125 0.23828125
6 0.13515625 0.1390625 0.2625 0.2609375
6 0.52421875 0.159375 0.27265625 0.2484375