6 0.9765625 0.76796875 0.046875 0.2453125
6 0.15859375 0.3984375 0.278125 0.31328125
6 0.31640625 0.8484375 0.32734375 0.275
3 0.51953125 0.55390625 0.56328125 0.64921875
6 0.98046875 0.50625 0.0390625 0.2625
6 0.10625 0.0984375 0.2125 0.196875
6 0.9296875 0.04375 0.140625 0.08671875
6 0.884375 0.96484375 0.23125 0.06953125
6 0.88125 0.19375 0.2375 0.2375
6 0.8921875 0.3296875 0.215625 0.228125
6 0.76171875 0.8796875 0.22578125 0.23671875
6 0.0921875 0.8953125 0.184375 0.20859375
6 0.4125 0.13046875 0.25078125 0.25703125
5 0.07109375 0.5546875 0.09453125 0.08046875