6 0.53671875 0.015625 0.2171875 0.03125
6 0.01796875 0.20859375 0.0359375 0.2953125
6 0.98203125 0.7390625 0.0359375 0.25625
6 0.30234375 0.0203125 0.30234375 0.03984375
1 0.54453125 0.51015625 0.4625 0.4328125
6 0.88125 0.0265625 0.2375 0.053125
6 0.61875 0.96484375 0.278125 0.06953125
6 0.3296875 0.94453125 0.28671875 0.1109375
6 0.93359375 0.503125 0.13203125 0.2625
6 0.1421875 0.11875 0.284375 0.2375
6 0.096875 0.63671875 0.19296875 0.2640625
6 0.8953125 0.85390625 0.20859375 0.246875
6 0.44609375 0.7828125 0.30078125 0.25703125
6 0.69453125 0.8125 0.259375 0.2953125
6 0.16328125 0.84453125 0.27109375 0.25234375