6 0.2234375 0.01328125 0.14609375 0.0265625
3 0.5078125 0.46875 0.57578125 0.5796875
6 0.50625 0.98203125 0.178125 0.0359375
6 0.86015625 0.56640625 0.22421875 0.25546875
6 0.021875 0.22890625 0.04375 0.23125
6 0.9578125 0.19453125 0.084375 0.2234375
6 0.0609375 0.68359375 0.121875 0.246875
6 0.05078125 0.05703125 0.1015625 0.1140625
6 0.7171875 0.95546875 0.228125 0.0890625
6 0.93046875 0.571875 0.1390625 0.25390625
6 0.37890625 0.1015625 0.24375 0.203125
6 0.2015625 0.58984375 0.2296875 0.28515625
6 0.91015625 0.9109375 0.17890625 0.17734375
6 0.61015625 0.83359375 0.23671875 0.22421875
6 0.115625 0.353125 0.22421875 0.21875
6 0.85859375 0.23125 0.2484375 0.25703125
6 0.26875 0.890625 0.23828125 0.21875