6 0.46796875 0.953125 0.2953125 0.09375
6 0.05234375 0.20546875 0.1046875 0.24375
6 0.04140625 0.434375 0.0828125 0.24375
6 0.840625 0.03515625 0.28359375 0.06953125
1 0.5046875 0.52578125 0.503125 0.50859375
6 0.9375 0.3796875 0.125 0.23515625
6 0.046875 0.71015625 0.09375 0.29765625
6 0.93125 0.12265625 0.1375 0.23515625
6 0.38359375 0.884375 0.29375 0.22421875
6 0.15078125 0.06171875 0.2453125 0.1234375
6 0.52734375 0.0671875 0.309375 0.13359375
6 0.65390625 0.9046875 0.2703125 0.190625
6 0.8859375 0.7921875 0.228125 0.28671875
6 0.19453125 0.71796875 0.21875 0.31640625
6 0.33125 0.20625 0.3109375 0.290625