3 0.51875 0.46015625 0.49296875 0.49765625
6 0.50859375 0.7765625 0.23828125 0.22109375
6 0.05546875 0.3 0.1109375 0.23125
6 0.25546875 0.9421875 0.2421875 0.115625
6 0.82109375 0.93515625 0.2296875 0.1296875
6 0.69453125 0.11015625 0.2578125 0.2203125
6 0.90703125 0.5 0.1859375 0.25546875
6 0.18671875 0.23046875 0.21015625 0.23828125
6 0.37109375 0.14375 0.23828125 0.2171875
6 0.184375 0.7203125 0.246875 0.27109375
6 0.8796875 0.16484375 0.23671875 0.25390625
5 0.62265625 0.8890625 0.1328125 0.13515625