6 0.93203125 0.0234375 0.1359375 0.046875
6 0.85703125 0.040625 0.2765625 0.08125
6 0.4828125 0.98359375 0.27265625 0.0328125
3 0.515625 0.4875 0.4921875 0.53671875
6 0.56953125 0.11796875 0.3296875 0.2359375
6 0.9703125 0.43828125 0.059375 0.28515625
6 0.9296875 0.17578125 0.140625 0.2890625
6 0.04921875 0.10234375 0.0984375 0.2046875
6 0.3453125 0.03984375 0.26640625 0.0796875
6 0.77421875 0.1875 0.24140625 0.25390625
6 0.84375 0.37578125 0.278125 0.23671875
6 0.26171875 0.93515625 0.2609375 0.1296875
6 0.26796875 0.75859375 0.22578125 0.2609375
6 0.090625 0.678125 0.18125 0.246875
6 0.19140625 0.14296875 0.26796875 0.28515625
6 0.103125 0.44296875 0.20625 0.2640625
6 0.596875 0.8734375 0.271875 0.253125
6 0.8609375 0.91953125 0.246875 0.1609375
6 0.79921875 0.73203125 0.2484375 0.25703125