6 0.80859375 0.425 0.22578125 0.28359375
6 0.71875 0.009375 0.2625 0.01875
1 0.5078125 0.5078125 0.45078125 0.46484375
6 0.88203125 0.4546875 0.2328125 0.28359375
6 0.97890625 0.58203125 0.04140625 0.28359375
6 0.02734375 0.7125 0.05390625 0.26640625
6 0.32578125 0.1125 0.24140625 0.2140625
6 0.440625 0.9640625 0.3078125 0.07109375
6 0.95703125 0.35078125 0.08515625 0.2625
6 0.27734375 0.803125 0.2453125 0.225
6 0.38359375 0.06640625 0.259375 0.13203125
6 0.69921875 0.15078125 0.28203125 0.290625
6 0.525 0.04765625 0.246875 0.0953125
6 0.634375 0.88125 0.25 0.2375
6 0.27890625 0.2890625 0.26953125 0.2296875
6 0.89921875 0.1359375 0.2015625 0.23671875
6 0.7859375 0.896875 0.2875 0.20625
6 0.0953125 0.13984375 0.1875 0.26640625
6 0.16875 0.7484375 0.24375 0.21484375