6 0.1765625 0.33515625 0.23828125 0.203125
4 0.5125 0.5203125 0.5109375 0.51796875
6 0.04296875 0.209375 0.08515625 0.25546875
6 0.17265625 0.95703125 0.27265625 0.08515625
6 0.0390625 0.7359375 0.078125 0.246875
6 0.69140625 0.9375 0.259375 0.125
6 0.934375 0.5125 0.13125 0.259375
6 0.5890625 0.921875 0.22421875 0.15625
6 0.953125 0.7765625 0.09375 0.27265625
6 0.22109375 0.24765625 0.275 0.2453125
6 0.90234375 0.9375 0.19453125 0.125
6 0.125 0.484375 0.25 0.25625
6 0.12421875 0.0765625 0.2484375 0.153125
6 0.740625 0.77578125 0.24375 0.21875
6 0.13671875 0.88671875 0.27265625 0.22578125
6 0.64765625 0.12265625 0.28671875 0.2453125