4 0.50546875 0.49296875 0.48671875 0.4453125
6 0.053125 0.94296875 0.10625 0.1140625
6 0.89609375 0.96171875 0.2078125 0.0765625
6 0.11796875 0.95703125 0.2328125 0.08515625
6 0.90625 0.028125 0.1875 0.05546875
6 0.925 0.7453125 0.14921875 0.25234375
6 0.50625 0.7921875 0.2890625 0.24140625
6 0.75625 0.45078125 0.19453125 0.20859375
6 0.0453125 0.4546875 0.090625 0.28359375
6 0.35546875 0.9453125 0.26640625 0.109375
6 0.7046875 0.05390625 0.25390625 0.1078125
6 0.6890625 0.83046875 0.2328125 0.2484375
6 0.78203125 0.909375 0.2796875 0.18125
6 0.87109375 0.13671875 0.25390625 0.22109375
6 0.11640625 0.74765625 0.2296875 0.26796875
6 0.11484375 0.23515625 0.2296875 0.27109375
6 0.2 0.08984375 0.27109375 0.17890625
6 0.89375 0.60078125 0.2125 0.25234375
6 0.85234375 0.2875 0.25390625 0.2484375
6 0.18984375 0.49140625 0.215625 0.29375