6 0.03046875 0.2375 0.0609375 0.25546875
6 0.15703125 0.97734375 0.26640625 0.0453125
2 0.56484375 0.4609375 0.54140625 0.41953125
6 0.26328125 0.09765625 0.35625 0.184375
6 0.88671875 0.528125 0.22265625 0.26953125
6 0.68984375 0.05390625 0.2453125 0.1078125
6 0.6484375 0.9375 0.3375 0.125
6 0.92265625 0.05546875 0.1546875 0.1109375
6 0.74453125 0.640625 0.275 0.21015625
6 0.3984375 0.825 0.2015625 0.2140625
6 0.69296875 0.81015625 0.325 0.1875
6 0.7015625 0.2109375 0.26640625 0.21015625
6 0.9140625 0.3015625 0.171875 0.25234375
6 0.17109375 0.8515625 0.25234375 0.20703125
6 0.39921875 0.21484375 0.33203125 0.23125
6 0.15859375 0.43671875 0.309375 0.2125
6 0.21484375 0.64296875 0.28359375 0.2140625