6 0.21640625 0.01328125 0.259375 0.02578125
3 0.52734375 0.49921875 0.4734375 0.61328125
6 0.115625 0.98359375 0.23125 0.0328125
6 0.965625 0.45546875 0.06875 0.2484375
6 0.078125 0.37578125 0.15625 0.2296875
6 0.0625 0.275 0.125 0.2125
6 0.059375 0.87578125 0.11796875 0.2484375
6 0.95078125 0.925 0.0984375 0.146875
6 0.71328125 0.0953125 0.2546875 0.190625
6 0.8953125 0.26328125 0.20859375 0.23828125
6 0.36171875 0.9578125 0.2640625 0.084375
6 0.92734375 0.67890625 0.1453125 0.2359375
6 0.578125 0.06796875 0.27265625 0.1359375
6 0.06171875 0.73203125 0.1234375 0.2640625
6 0.26875 0.2203125 0.2765625 0.22109375
6 0.915625 0.13125 0.16875 0.25234375
6 0.8515625 0.76171875 0.23515625 0.2296875
6 0.359375 0.8078125 0.31484375 0.22109375
6 0.19375 0.578125 0.23515625 0.2796875
5 0.73671875 0.66875 0.1015625 0.090625