6 0.98046875 0.90234375 0.0390625 0.1890625
6 0.88203125 0.95546875 0.2359375 0.0828125
1 0.4984375 0.5625 0.42421875 0.475
6 0.0515625 0.94765625 0.10234375 0.10078125
6 0.0875 0.03046875 0.175 0.0609375
6 0.92578125 0.2875 0.14765625 0.26640625
6 0.87734375 0.07890625 0.2453125 0.1578125
6 0.30234375 0.81875 0.26796875 0.25390625
6 0.76796875 0.36484375 0.24140625 0.25078125
6 0.4625 0.24296875 0.25078125 0.22109375
6 0.20625 0.5125 0.23828125 0.25234375
6 0.90234375 0.69296875 0.19453125 0.2625
6 0.22890625 0.2484375 0.26640625 0.24375
6 0.5671875 0.88671875 0.25078125 0.22578125