6 0.2296875 0.28203125 0.25703125 0.27109375
6 0.21796875 0.52109375 0.203125 0.171875
2 0.39921875 0.46953125 0.53125 0.50234375
6 0.78984375 0.52265625 0.30625 0.23125
6 0.89609375 0.084375 0.2078125 0.16875
6 0.91953125 0.7703125 0.1609375 0.271875
6 0.34765625 0.103125 0.2140625 0.20625
6 0.1171875 0.0984375 0.234375 0.196875
6 0.74921875 0.75546875 0.25703125 0.25234375
6 0.1171875 0.69453125 0.23125 0.2625
6 0.559375 0.1484375 0.25234375 0.259375
6 0.42578125 0.80859375 0.28515625 0.25703125
6 0.8484375 0.32578125 0.29921875 0.2625