6 0.009375 0.81484375 0.01875 0.24140625
6 0.74765625 0.98359375 0.2296875 0.0328125
6 0.1015625 0.64296875 0.203125 0.259375
6 0.37734375 0.96171875 0.30234375 0.0765625
6 0.35078125 0.025 0.3609375 0.05
6 0.03359375 0.04921875 0.0671875 0.0984375
6 0.8328125 0.13125 0.2640625 0.23125
4 0.52734375 0.471875 0.44140625 0.46796875
6 0.0453125 0.66484375 0.090625 0.22109375
6 0.21796875 0.2953125 0.2765625 0.28203125
6 0.9578125 0.91171875 0.084375 0.1765625
6 0.22109375 0.575 0.215625 0.20703125
6 0.8 0.84453125 0.31328125 0.27265625
6 0.28515625 0.66875 0.23671875 0.259375
6 0.9328125 0.59453125 0.13359375 0.25078125
6 0.52734375 0.80546875 0.25703125 0.26796875
6 0.40703125 0.1546875 0.25390625 0.23671875
6 0.88359375 0.3671875 0.2328125 0.25078125
6 0.1140625 0.8859375 0.228125 0.228125