6 0.9859375 0.09453125 0.025 0.1890625
1 0.55546875 0.50546875 0.471875 0.41953125
6 0.89140625 0.0625 0.2171875 0.125
6 0.98203125 0.8203125 0.0359375 0.3125
6 0.09921875 0.56015625 0.19140625 0.24375
6 0.19921875 0.5609375 0.23828125 0.2453125
6 0.8296875 0.29296875 0.26796875 0.2484375
6 0.4390625 0.03203125 0.28671875 0.0640625
6 0.7859375 0.05390625 0.2953125 0.1078125
6 0.04609375 0.31640625 0.0921875 0.278125
6 0.91484375 0.50703125 0.1703125 0.36015625
6 0.9046875 0.221875 0.190625 0.2375
6 0.1515625 0.04375 0.2953125 0.08671875
6 0.809375 0.89453125 0.31796875 0.21015625
6 0.29453125 0.90859375 0.25234375 0.1828125
6 0.36328125 0.1859375 0.275 0.26796875
6 0.615625 0.1796875 0.278125 0.2625
5 0.184375 0.1265625 0.10546875 0.09453125
5 0.8421875 0.4515625 0.0671875 0.065625