6 0.98125 0.20703125 0.0375 0.2953125
6 0.546875 0.35703125 0.33203125 0.30078125
6 0.96328125 0.509375 0.07265625 0.278125
6 0.20625 0.69375 0.325 0.25703125
6 0.05703125 0.54765625 0.1140625 0.2296875
6 0.096875 0.03671875 0.19296875 0.07265625
2 0.49921875 0.521875 0.3453125 0.3546875
6 0.05703125 0.80078125 0.1140625 0.2171875
6 0.5 0.1203125 0.3046875 0.23984375
6 0.88515625 0.22265625 0.2296875 0.3546875
6 0.6375 0.92421875 0.25234375 0.1515625
6 0.35546875 0.77734375 0.3078125 0.22578125
6 0.81796875 0.425 0.259375 0.3109375
6 0.28984375 0.07265625 0.2453125 0.1453125
6 0.73125 0.08203125 0.2484375 0.16328125
6 0.69921875 0.7875 0.22578125 0.23671875
6 0.87890625 0.89921875 0.24140625 0.2015625
6 0.2203125 0.4203125 0.26953125 0.28671875
6 0.2171875 0.91796875 0.2640625 0.16328125