6 0.7125 0.9859375 0.2484375 0.028125
6 0.41328125 0.07734375 0.45078125 0.1515625
6 0.4375 0.9765625 0.29375 0.046875
6 0.90703125 0.9796875 0.1859375 0.03984375
6 0.9734375 0.87578125 0.053125 0.2328125
6 0.040625 0.92421875 0.08125 0.1484375
6 0.0828125 0.09140625 0.16484375 0.1828125
6 0.453125 0.2703125 0.290625 0.2
2 0.5203125 0.51796875 0.34765625 0.33046875
6 0.1046875 0.36640625 0.20859375 0.19296875
6 0.22265625 0.546875 0.246875 0.22421875
6 0.33203125 0.73359375 0.25078125 0.20546875
6 0.10625 0.74140625 0.2125 0.2140625
6 0.2359375 0.9078125 0.25546875 0.184375
6 0.54765625 0.87890625 0.275 0.24140625
6 0.89375 0.68671875 0.2125 0.24375