6 0.5234375 0.02890625 0.18046875 0.05234375
3 0.490625 0.49921875 0.56171875 0.56484375
6 0.6953125 0.85625 0.24375 0.28359375
6 0.91015625 0.53046875 0.17890625 0.28515625
6 0.3078125 0.04453125 0.32734375 0.0890625
6 0.0375 0.95078125 0.075 0.0984375
6 0.85703125 0.43828125 0.28515625 0.30625
6 0.82890625 0.07265625 0.2921875 0.1453125
6 0.915625 0.36484375 0.16875 0.27109375
6 0.89921875 0.16171875 0.2015625 0.2953125
6 0.78515625 0.83828125 0.25546875 0.27109375
6 0.41484375 0.878125 0.3359375 0.24375
6 0.471875 0.15546875 0.2625 0.228125
6 0.16875 0.915625 0.2640625 0.16875
6 0.1390625 0.225 0.278125 0.28671875
6 0.1015625 0.6078125 0.203125 0.33203125