3 0.52265625 0.5015625 0.596875 0.71171875
6 0.30546875 0.84140625 0.2765625 0.25078125
6 0.3390625 0.0828125 0.2328125 0.16484375
6 0.27109375 0.24453125 0.27109375 0.24140625
6 0.33984375 0.96015625 0.26640625 0.0796875
6 0.04609375 0.73125 0.0921875 0.26640625
6 0.17109375 0.7015625 0.259375 0.290625
6 0.753125 0.14921875 0.28203125 0.2640625
6 0.79921875 0.940625 0.23125 0.11796875
6 0.58046875 0.92734375 0.2515625 0.1453125
6 0.12578125 0.33515625 0.2515625 0.3015625
6 0.05703125 0.509375 0.1140625 0.21875
6 0.5296875 0.08515625 0.2453125 0.1703125
6 0.13984375 0.1046875 0.23515625 0.20859375
6 0.11796875 0.93203125 0.2359375 0.1359375
6 0.875 0.44453125 0.246875 0.290625
6 0.83203125 0.72265625 0.28359375 0.27265625