5 0.18671875 0.8078125 0.09921875 0.11640625
6 0.98203125 0.65390625 0.0359375 0.2796875
6 0.85234375 0.40703125 0.278125 0.2609375
4 0.515625 0.51328125 0.45703125 0.47265625
6 0.03515625 0.1828125 0.06953125 0.2296875
6 0.51875 0.96484375 0.2796875 0.06953125
6 0.15859375 0.45078125 0.2921875 0.26796875
6 0.86953125 0.5359375 0.2609375 0.309375
6 0.0390625 0.8765625 0.078125 0.246875
6 0.22421875 0.62421875 0.2296875 0.25390625
6 0.13671875 0.06796875 0.259375 0.1359375
6 0.06640625 0.621875 0.13203125 0.27265625
6 0.278125 0.934375 0.25625 0.13125
6 0.3140625 0.196875 0.31796875 0.31328125
6 0.80078125 0.8453125 0.32890625 0.309375
6 0.89140625 0.12265625 0.2171875 0.2453125
5 0.1109375 0.91953125 0.1015625 0.10078125