1 0.54609375 0.49453125 0.48359375 0.48203125
6 0.8625 0.053125 0.246875 0.10625
6 0.978125 0.5890625 0.04375 0.2765625
6 0.1484375 0.96640625 0.240625 0.0671875
6 0.8671875 0.68984375 0.23125 0.23125
6 0.9140625 0.08203125 0.171875 0.16328125
6 0.1203125 0.084375 0.19453125 0.16484375
6 0.05390625 0.70859375 0.1078125 0.2765625
6 0.8671875 0.57890625 0.23125 0.21875
6 0.37421875 0.77421875 0.28515625 0.24375
6 0.38125 0.9421875 0.2625 0.115625
6 0.91171875 0.9140625 0.1765625 0.171875
6 0.575 0.8296875 0.25234375 0.275
6 0.7578125 0.9125 0.21875 0.175
6 0.09375 0.45703125 0.1875 0.23671875
6 0.22421875 0.82265625 0.24375 0.246875
6 0.25390625 0.33671875 0.20859375 0.2796875
6 0.3515625 0.11328125 0.309375 0.22578125