6 0.2484375 0.74609375 0.2609375 0.2921875
4 0.48671875 0.5046875 0.428125 0.43671875
6 0.2625 0.259375 0.2609375 0.275
6 0.91953125 0.05078125 0.1609375 0.1015625
6 0.8171875 0.05625 0.24375 0.1125
6 0.9546875 0.36796875 0.090625 0.24140625
6 0.171875 0.678125 0.278125 0.2328125
6 0.06015625 0.5359375 0.1203125 0.25703125
6 0.20546875 0.17578125 0.22265625 0.23671875
6 0.04765625 0.1140625 0.0953125 0.228125
6 0.13125 0.93984375 0.2625 0.1203125
6 0.88046875 0.57421875 0.2390625 0.2359375
6 0.8921875 0.82578125 0.2125 0.23671875
6 0.6515625 0.1609375 0.3078125 0.2484375
6 0.67265625 0.903125 0.24375 0.19296875