6 0.03046875 0.5296875 0.0609375 0.25546875
6 0.07578125 0.58671875 0.1515625 0.2484375
6 0.43984375 0.07265625 0.24375 0.14296875
6 0.825 0.0453125 0.22421875 0.090625
6 0.94765625 0.1 0.1046875 0.2
6 0.74765625 0.96640625 0.2515625 0.0671875
6 0.18125 0.63828125 0.2296875 0.23671875
6 0.796875 0.4171875 0.22265625 0.22265625
6 0.06875 0.29296875 0.1375 0.23828125
6 0.56640625 0.06796875 0.25234375 0.1359375
6 0.546875 0.7140625 0.22421875 0.20703125
6 0.35703125 0.79765625 0.23515625 0.23828125
6 0.89921875 0.9265625 0.2015625 0.146875
6 0.1203125 0.09375 0.23984375 0.1875
6 0.7375 0.53203125 0.22265625 0.21875
6 0.80859375 0.1921875 0.2609375 0.23828125
6 0.9 0.62109375 0.2 0.23671875
6 0.559375 0.8890625 0.259375 0.221875
6 0.75546875 0.76953125 0.23828125 0.22421875
6 0.10859375 0.9046875 0.2171875 0.190625
3 0.44765625 0.39453125 0.5875 0.5703125