6 0.78984375 0.9765625 0.25703125 0.046875
6 0.325 0.0546875 0.22578125 0.109375
6 0.93515625 0.10234375 0.1296875 0.2015625
6 0.9609375 0.90078125 0.078125 0.1984375
6 0.29921875 0.9375 0.3515625 0.125
6 0.646875 0.07265625 0.2375 0.1453125
6 0.753125 0.13359375 0.29375 0.2671875
6 0.1109375 0.0828125 0.21875 0.16484375
6 0.3828125 0.77265625 0.2890625 0.26953125
6 0.215625 0.7 0.2328125 0.259375
6 0.88515625 0.47109375 0.2296875 0.23984375
2 0.5015625 0.51328125 0.30078125 0.30625
6 0.4234375 0.11875 0.2625 0.2375
6 0.91640625 0.7 0.1671875 0.24140625
6 0.67578125 0.8703125 0.26953125 0.23125
6 0.0953125 0.409375 0.190625 0.253125
6 0.76171875 0.36171875 0.2953125 0.2328125
6 0.7234375 0.62890625 0.2609375 0.2796875