5 0.04609375 0.909375 0.0921875 0.17734375
6 0.96640625 0.8171875 0.0671875 0.24375
6 0.23984375 0.0328125 0.2421875 0.065625
6 0.04609375 0.9109375 0.0921875 0.17421875
6 0.8953125 0.5953125 0.20546875 0.36015625
4 0.51640625 0.5125 0.51640625 0.5375
6 0.0703125 0.70546875 0.140625 0.21015625
6 0.7890625 0.7375 0.2453125 0.309375
6 0.296875 0.9171875 0.24140625 0.16171875
6 0.91640625 0.95390625 0.1671875 0.0921875
6 0.37109375 0.2484375 0.2796875 0.246875
6 0.4546875 0.8671875 0.30078125 0.23125
6 0.12421875 0.53671875 0.23125 0.22109375
6 0.3984375 0.0828125 0.28515625 0.16484375
6 0.85625 0.10078125 0.25234375 0.2015625
6 0.14453125 0.171875 0.25703125 0.25390625