6 0.80078125 0.0703125 0.28671875 0.140625
6 0.903125 0.37109375 0.19296875 0.2765625
6 0.9640625 0.92734375 0.06875 0.1453125
6 0.86640625 0.103125 0.2609375 0.20625
6 0.8546875 0.85390625 0.27265625 0.2921875
6 0.6328125 0.9484375 0.3375 0.10234375
6 0.9640625 0.60703125 0.07109375 0.2890625
6 0.03828125 0.40703125 0.0765625 0.340625
6 0.03203125 0.90078125 0.0640625 0.1984375
2 0.5234375 0.50859375 0.3203125 0.353125
6 0.20390625 0.90390625 0.3296875 0.1921875
6 0.37890625 0.85625 0.28203125 0.28671875
6 0.60703125 0.10703125 0.25390625 0.2140625
6 0.2453125 0.66640625 0.31328125 0.25078125
6 0.865625 0.25390625 0.26875 0.2546875
6 0.23046875 0.42265625 0.30078125 0.2921875
6 0.8203125 0.5015625 0.28671875 0.27265625
6 0.13125 0.13671875 0.25546875 0.26953125
6 0.37578125 0.1359375 0.2890625 0.26796875