3 0.52109375 0.50703125 0.57890625 0.571875
5 0.39765625 0.1546875 0.0921875 0.1046875
6 0.090625 0.05234375 0.18125 0.1046875
6 0.1890625 0.9609375 0.30078125 0.078125
6 0.9234375 0.3484375 0.153125 0.2625
6 0.16640625 0.446875 0.2484375 0.2953125
6 0.2328125 0.16015625 0.26796875 0.24375
6 0.425 0.8765625 0.28359375 0.23671875
6 0.7109375 0.07734375 0.275 0.1546875
6 0.73828125 0.90234375 0.2765625 0.19140625
6 0.1453125 0.78984375 0.28359375 0.278125
6 0.89140625 0.79140625 0.2171875 0.2328125