6 0.0109375 0.51328125 0.021875 0.2703125
6 0.96640625 0.140625 0.0671875 0.259375
6 0.06015625 0.2328125 0.1203125 0.275
6 0.29140625 0.0296875 0.24140625 0.059375
6 0.3296875 0.61796875 0.25234375 0.321875
6 0.95078125 0.5671875 0.0984375 0.284375
2 0.496875 0.490625 0.375 0.446875
6 0.95625 0.90234375 0.08671875 0.19453125
6 0.07265625 0.7546875 0.1453125 0.265625
6 0.82109375 0.06328125 0.2734375 0.1265625
6 0.0953125 0.9390625 0.190625 0.121875
6 0.103125 0.06875 0.20625 0.1375
6 0.79921875 0.92421875 0.259375 0.1515625
6 0.1171875 0.3625 0.234375 0.26875
6 0.7171875 0.240625 0.2796875 0.2765625
6 0.8390625 0.709375 0.290625 0.30234375
6 0.3015625 0.8796875 0.29765625 0.23984375
6 0.56953125 0.86796875 0.259375 0.2640625
5 0.209375 0.6953125 0.10546875 0.0890625
5 0.93125 0.24296875 0.11796875 0.1078125