6 0.72734375 0.2953125 0.33359375 0.18125
6 0.71484375 0.98515625 0.30234375 0.0296875
6 0.234375 0.98125 0.2375 0.0375
6 0.08046875 0.040625 0.1609375 0.08125
6 0.93828125 0.35859375 0.1234375 0.24375
6 0.03125 0.5015625 0.0625 0.24140625
6 0.04140625 0.7578125 0.0828125 0.246875
6 0.4453125 0.96015625 0.25390625 0.0796875
6 0.071875 0.1734375 0.14375 0.246875
6 0.40703125 0.78203125 0.23671875 0.30078125
6 0.78515625 0.06796875 0.259375 0.1359375
6 0.2640625 0.109375 0.25703125 0.21875
6 0.5546875 0.06953125 0.24375 0.1390625
6 0.75390625 0.49140625 0.22421875 0.2796875
6 0.89140625 0.1640625 0.2171875 0.228125
2 0.5078125 0.5015625 0.3234375 0.33203125
6 0.246875 0.7765625 0.246875 0.2484375
6 0.725 0.66328125 0.2640625 0.2171875
6 0.91796875 0.81875 0.16328125 0.275
6 0.67265625 0.87734375 0.28203125 0.22421875
6 0.08984375 0.9171875 0.17890625 0.16484375
6 0.1953125 0.46328125 0.26953125 0.2484375
6 0.32578125 0.21875 0.2484375 0.25390625
5 0.6703125 0.13828125 0.09296875 0.096875