4 0.515625 0.53359375 0.5234375 0.49765625
6 0.971875 0.721875 0.05546875 0.22578125
6 0.028125 0.4953125 0.05546875 0.28515625
4 0.8921875 0.28984375 0.215625 0.384375
6 0.35859375 0.83125 0.2328125 0.23984375
6 0.6921875 0.0546875 0.23984375 0.109375
6 0.140625 0.16328125 0.215625 0.23984375
6 0.4015625 0.06328125 0.265625 0.1265625
6 0.22890625 0.78125 0.22109375 0.2125
6 0.56328125 0.9046875 0.2328125 0.190625
6 0.9046875 0.56328125 0.1875 0.215625
6 0.91875 0.909375 0.16171875 0.18125
6 0.696875 0.21640625 0.23125 0.23828125
6 0.11015625 0.9015625 0.2203125 0.19375
6 0.16953125 0.484375 0.2484375 0.26640625
5 0.5109375 0.16484375 0.1078125 0.0953125