6 0.95390625 0.90703125 0.09140625 0.1375
6 0.25234375 0.9875 0.1359375 0.025
6 0.4859375 0.01640625 0.28359375 0.0328125
4 0.48515625 0.49296875 0.53828125 0.5203125
6 0.03046875 0.17578125 0.0609375 0.2640625
6 0.32578125 0.0890625 0.2453125 0.17734375
6 0.684375 0.671875 0.3078125 0.2453125
6 0.11875 0.06875 0.2375 0.1375
6 0.05234375 0.6921875 0.1046875 0.25703125
6 0.92421875 0.146875 0.1515625 0.2484375
6 0.71875 0.23671875 0.2796875 0.246875
6 0.1390625 0.5125 0.2609375 0.25546875
6 0.79375 0.825 0.25546875 0.2484375
6 0.9046875 0.41171875 0.190625 0.2703125
6 0.47890625 0.8765625 0.2765625 0.246875
6 0.23359375 0.79453125 0.2625 0.23671875