2 0.05546875 0.0671875 0.1109375 0.13046875
6 0.86328125 0.05234375 0.2171875 0.1046875
6 0.0546875 0.06640625 0.109375 0.13203125
2 0.51796875 0.52421875 0.421875 0.425
6 0.57578125 0.21640625 0.25078125 0.2453125
6 0.9609375 0.1078125 0.078125 0.215625
6 0.66328125 0.0546875 0.23125 0.109375
6 0.05625 0.425 0.1125 0.259375
6 0.3296875 0.08125 0.23515625 0.16171875
6 0.7515625 0.3328125 0.215625 0.29765625
6 0.446875 0.896875 0.225 0.20625
6 0.66328125 0.878125 0.23125 0.23671875
6 0.2140625 0.5828125 0.22265625 0.23671875
6 0.15078125 0.23984375 0.2484375 0.23671875
6 0.7390625 0.69296875 0.25078125 0.27265625
6 0.8890625 0.8515625 0.221875 0.278125
6 0.22265625 0.9078125 0.25078125 0.184375
6 0.09296875 0.759375 0.1859375 0.25234375