6 0.05078125 0.43046875 0.10078125 0.26640625
6 0.45859375 0.2140625 0.29375 0.1984375
1 0.4640625 0.48671875 0.36875 0.3703125
6 0.309375 0.03984375 0.278125 0.0796875
6 0.859375 0.04140625 0.278125 0.0828125
6 0.57265625 0.096875 0.2453125 0.18984375
6 0.68984375 0.19375 0.20703125 0.321875
6 0.0484375 0.88203125 0.096875 0.2359375
6 0.29140625 0.74765625 0.24140625 0.246875
6 0.44453125 0.78671875 0.2625 0.23125
6 0.73359375 0.59453125 0.2296875 0.246875
6 0.1015625 0.525 0.203125 0.26796875
6 0.6 0.92421875 0.28203125 0.1515625
6 0.12421875 0.1171875 0.2453125 0.234375
6 0.8609375 0.92421875 0.26796875 0.1515625
6 0.8390625 0.72734375 0.26640625 0.2609375
6 0.8796875 0.2375 0.23984375 0.290625