6 0.43515625 0.60078125 0.20546875 0.1828125
6 0.9640625 0.9171875 0.07109375 0.16484375
6 0.928125 0.9296875 0.14375 0.1375
6 0.95234375 0.15625 0.0953125 0.2296875
4 0.44921875 0.48671875 0.521875 0.45234375
6 0.04375 0.053125 0.08671875 0.10625
6 0.18359375 0.0640625 0.2578125 0.128125
6 0.64921875 0.76796875 0.22109375 0.2484375
6 0.9203125 0.52109375 0.159375 0.2984375
6 0.04140625 0.25390625 0.0828125 0.2546875
6 0.3453125 0.87265625 0.3109375 0.25390625
6 0.64609375 0.94296875 0.2703125 0.1140625
6 0.28671875 0.08203125 0.2609375 0.16328125
6 0.90625 0.20703125 0.1875 0.25390625
6 0.72578125 0.25859375 0.23125 0.2796875
6 0.546875 0.759375 0.22109375 0.23828125
6 0.88515625 0.75703125 0.22578125 0.2625
6 0.72109375 0.06640625 0.2453125 0.13203125
6 0.74765625 0.57578125 0.2640625 0.23671875
6 0.15078125 0.684375 0.25234375 0.2484375
6 0.09609375 0.89609375 0.1921875 0.2078125