1 0.88046875 0.73671875 0.2359375 0.503125
6 0.54921875 0.53515625 0.22265625 0.34296875
6 0.95234375 0.01640625 0.0953125 0.0328125
1 0.425 0.52734375 0.478125 0.47265625
6 0.45390625 0.0765625 0.2609375 0.153125
6 0.02109375 0.56171875 0.04140625 0.16640625
1 0.6765625 0.865625 0.39921875 0.26796875
6 0.071875 0.040625 0.14375 0.08125
6 0.66875 0.66796875 0.23125 0.2125
6 0.5375 0.06328125 0.2375 0.1265625
6 0.06328125 0.91953125 0.1265625 0.1609375
6 0.7828125 0.059375 0.23671875 0.11796875
6 0.1390625 0.71640625 0.278125 0.34765625
6 0.94453125 0.36640625 0.1109375 0.259375
6 0.3453125 0.896875 0.24375 0.20625
6 0.7765625 0.47109375 0.23828125 0.23671875
6 0.0796875 0.3625 0.159375 0.2625
6 0.66953125 0.20859375 0.275 0.25390625