2 0.5390625 0.459375 0.440625 0.4625
6 0.16171875 0.98046875 0.2609375 0.0390625
6 0.9328125 0.68984375 0.13359375 0.22421875
6 0.05625 0.19453125 0.1125 0.2828125
6 0.1359375 0.75546875 0.2609375 0.2484375
6 0.2015625 0.44453125 0.2609375 0.24140625
6 0.1015625 0.0515625 0.203125 0.10234375
6 0.96953125 0.47421875 0.0609375 0.2453125
6 0.1015625 0.35078125 0.203125 0.23515625
6 0.6125 0.0328125 0.2625 0.065625
6 0.86484375 0.03984375 0.25234375 0.0796875
6 0.3 0.05625 0.24375 0.1125
6 0.76796875 0.63515625 0.2765625 0.2609375
6 0.303125 0.64609375 0.23515625 0.24140625
6 0.89921875 0.95546875 0.2015625 0.0890625
6 0.47578125 0.81328125 0.22109375 0.22421875
6 0.375 0.2203125 0.3078125 0.27265625
6 0.63671875 0.16953125 0.28203125 0.259375
6 0.1125 0.87578125 0.22421875 0.23515625
6 0.3296875 0.89453125 0.23515625 0.21015625
6 0.8625 0.81484375 0.275 0.25546875
6 0.8625 0.3671875 0.2328125 0.25703125
6 0.62578125 0.903125 0.246875 0.19296875
5 0.05546875 0.65625 0.1109375 0.13515625