6 0.88359375 0.9609375 0.2328125 0.075
6 0.94140625 0.9796875 0.11640625 0.03984375
6 0.07734375 0.46171875 0.1546875 0.20703125
6 0.07421875 0.953125 0.14765625 0.09375
6 0.9171875 0.45390625 0.16484375 0.090625
6 0.74453125 0.2625 0.28203125 0.26796875
6 0.86640625 0.01484375 0.25078125 0.0296875
6 0.0609375 0.87734375 0.121875 0.203125
6 0.0484375 0.29453125 0.096875 0.2484375
6 0.84453125 0.72265625 0.2796875 0.23125
6 0.6671875 0.93984375 0.228125 0.1203125
6 0.59296875 0.05390625 0.2015625 0.1078125
6 0.09453125 0.06015625 0.1890625 0.1203125
6 0.87890625 0.903125 0.23828125 0.19296875
6 0.9640625 0.09296875 0.07109375 0.1859375
6 0.9546875 0.29296875 0.090625 0.23828125
6 0.0703125 0.621875 0.140625 0.228125
6 0.7859375 0.5015625 0.2125 0.2140625
6 0.55625 0.934375 0.234375 0.13125
6 0.36484375 0.69375 0.22265625 0.23984375
6 0.5015625 0.08359375 0.25234375 0.1671875
2 0.4859375 0.48046875 0.37578125 0.38515625
6 0.18671875 0.78984375 0.353125 0.2640625
6 0.22265625 0.54296875 0.22578125 0.2296875
6 0.21875 0.32265625 0.278125 0.23828125
6 0.28671875 0.109375 0.23671875 0.21875