6 0.1046875 0.04375 0.20859375 0.08359375
6 0.28359375 0.96953125 0.2640625 0.0609375
6 0.39453125 0.028125 0.30234375 0.05546875
1 0.46953125 0.46484375 0.5703125 0.57578125
6 0.06171875 0.13203125 0.1234375 0.24375
6 0.05078125 0.8875 0.10078125 0.22421875
6 0.43984375 0.971875 0.340625 0.05546875
6 0.95625 0.35390625 0.08671875 0.3046875
6 0.10859375 0.5625 0.2171875 0.228125
6 0.04453125 0.37578125 0.0890625 0.28515625
6 0.7234375 0.728125 0.30234375 0.3359375
6 0.8359375 0.9546875 0.23828125 0.090625
6 0.5796875 0.10859375 0.28359375 0.2171875
6 0.146875 0.728125 0.29375 0.28359375
6 0.82421875 0.43671875 0.25078125 0.275
6 0.22265625 0.15078125 0.23984375 0.2453125
6 0.33671875 0.82734375 0.290625 0.27265625
6 0.909375 0.79453125 0.18125 0.309375
6 0.709375 0.23828125 0.27109375 0.28203125