3 0.50703125 0.48984375 0.48125 0.37734375
6 0.83828125 0.0234375 0.275 0.046875
6 0.0484375 0.0328125 0.096875 0.065625
6 0.97265625 0.58359375 0.05390625 0.2484375
6 0.91640625 0.9734375 0.1640625 0.053125
6 0.803125 0.42265625 0.25078125 0.24375
6 0.52265625 0.95859375 0.2390625 0.0828125
6 0.85546875 0.9203125 0.2546875 0.159375
6 0.059375 0.13046875 0.11796875 0.23984375
6 0.175 0.45625 0.2484375 0.228125
6 0.05859375 0.7140625 0.11640625 0.259375
6 0.040625 0.39140625 0.08125 0.2984375
6 0.92265625 0.584375 0.1546875 0.25390625
6 0.79921875 0.28359375 0.25546875 0.22578125
6 0.9296875 0.146875 0.140625 0.27265625
6 0.128125 0.55078125 0.2140625 0.20703125
6 0.77421875 0.09140625 0.20859375 0.1828125
6 0.71875 0.92265625 0.22421875 0.1546875
6 0.6796875 0.684375 0.23671875 0.25234375
6 0.47109375 0.77734375 0.25390625 0.24375
6 0.08203125 0.91484375 0.16328125 0.1703125
6 0.27421875 0.88359375 0.26640625 0.2328125
5 0.85625 0.73125 0.096875 0.0859375