6 0.978125 0.81875 0.04375 0.26796875
6 0.03671875 0.03203125 0.07265625 0.0609375
6 0.3390625 0.08203125 0.25703125 0.16328125
4 0.509375 0.5109375 0.3859375 0.4625
6 0.95546875 0.04140625 0.0859375 0.0828125
6 0.2203125 0.246875 0.2625 0.2296875
6 0.26953125 0.34140625 0.22578125 0.2171875
6 0.36015625 0.03125 0.278125 0.0625
6 0.0875 0.425 0.175 0.2375
6 0.64296875 0.8734375 0.2765625 0.253125
6 0.046875 0.7359375 0.09375 0.27109375
6 0.9609375 0.1640625 0.078125 0.2171875
6 0.6015625 0.04453125 0.26796875 0.0890625
6 0.46640625 0.19453125 0.275 0.22578125
6 0.32734375 0.81796875 0.23671875 0.24140625
6 0.1453125 0.8296875 0.23828125 0.25703125
6 0.9390625 0.4859375 0.121875 0.28671875
6 0.04921875 0.925 0.0984375 0.146875
6 0.91875 0.73828125 0.16171875 0.259375
6 0.8984375 0.2609375 0.203125 0.22578125
6 0.878125 0.9546875 0.24375 0.090625
6 0.840625 0.0875 0.246875 0.175
6 0.71015625 0.76796875 0.26640625 0.24140625
6 0.084375 0.15078125 0.16875 0.259375
6 0.77109375 0.35703125 0.2171875 0.24140625
6 0.2328125 0.61796875 0.25703125 0.23125