1 0.578125 0.525 0.575 0.51796875
6 0.1921875 0.5125 0.215625 0.259375
6 0.72578125 0.81328125 0.28671875 0.290625
6 0.42734375 0.08125 0.26640625 0.16171875
6 0.42109375 0.96640625 0.2734375 0.0671875
6 0.67109375 0.9390625 0.2609375 0.121875
6 0.86640625 0.81015625 0.2671875 0.2796875
6 0.03515625 0.8921875 0.06953125 0.215625
6 0.92734375 0.13359375 0.1453125 0.2640625
6 0.2671875 0.82734375 0.321875 0.34296875
6 0.93203125 0.5375 0.1359375 0.2609375
6 0.66875 0.1234375 0.259375 0.24375
6 0.3671875 0.25859375 0.27109375 0.25546875
6 0.82734375 0.371875 0.2765625 0.33046875
6 0.12734375 0.12890625 0.24375 0.25703125
6 0.103125 0.6078125 0.20625 0.265625
6 0.1015625 0.44453125 0.20234375 0.26796875