6 0.2046875 0.040625 0.25546875 0.078125
4 0.515625 0.52265625 0.48203125 0.475
6 0.8546875 0.01875 0.209375 0.0375
6 0.23125 0.090625 0.275 0.17734375
6 0.971875 0.0953125 0.05546875 0.1875
6 0.43125 0.96953125 0.246875 0.0609375
6 0.06015625 0.3515625 0.1203125 0.22578125
6 0.07578125 0.12109375 0.1515625 0.23828125
6 0.95390625 0.91875 0.0921875 0.16171875
6 0.86640625 0.1484375 0.2640625 0.2140625
6 0.37578125 0.8125 0.25703125 0.23984375
6 0.2921875 0.2875 0.275 0.2140625
6 0.921875 0.36953125 0.15625 0.24140625
6 0.0859375 0.8921875 0.171875 0.215625
6 0.23515625 0.69375 0.2609375 0.24375
6 0.81875 0.671875 0.2328125 0.2453125
6 0.6046875 0.18984375 0.2625 0.22265625
6 0.7140625 0.915625 0.2484375 0.16875