5 0.6828125 0.02265625 0.20703125 0.0453125
6 0.67890625 0.021875 0.203125 0.04375
6 0.2015625 0.49375 0.2328125 0.23984375
6 0.1390625 0.10078125 0.23984375 0.1984375
6 0.96171875 0.821875 0.0765625 0.23515625
6 0.7625 0.96484375 0.2140625 0.06953125
6 0.89375 0.01640625 0.2125 0.0328125
6 0.125 0.45859375 0.22578125 0.23828125
6 0.22734375 0.0328125 0.2390625 0.065625
6 0.02734375 0.69375 0.05390625 0.2296875
6 0.03359375 0.88828125 0.0671875 0.2078125
6 0.07578125 0.3765625 0.1515625 0.22421875
6 0.115625 0.1671875 0.23125 0.19453125
6 0.903125 0.89140625 0.19296875 0.2171875
6 0.15234375 0.71875 0.22109375 0.23515625
6 0.53125 0.90390625 0.221875 0.1921875
6 0.77734375 0.50859375 0.2296875 0.21015625
6 0.41484375 0.73046875 0.2171875 0.2328125
2 0.51640625 0.5203125 0.29921875 0.28515625
6 0.77421875 0.26484375 0.22578125 0.24140625
6 0.67578125 0.70703125 0.23828125 0.23125
6 0.515625 0.26640625 0.23125 0.2296875
6 0.253125 0.9125 0.240625 0.175
6 0.409375 0.096875 0.23828125 0.19296875