3 0.54609375 0.52265625 0.59453125 0.54609375
6 0.2609375 0.36640625 0.28203125 0.3390625
6 0.459375 0.17421875 0.2953125 0.20859375
6 0.409375 0.8640625 0.28359375 0.2640625
6 0.5609375 0.95234375 0.30078125 0.0953125
6 0.7828125 0.65234375 0.26796875 0.34453125
6 0.97109375 0.153125 0.05703125 0.29921875
6 0.49453125 0.05625 0.2484375 0.1125
6 0.08359375 0.51015625 0.1671875 0.30078125
6 0.925 0.59765625 0.14921875 0.3046875
6 0.13125 0.2765625 0.2625 0.24375
6 0.696875 0.1125 0.23125 0.22421875
6 0.69453125 0.871875 0.29375 0.24140625
6 0.196875 0.675 0.278125 0.25078125
6 0.22109375 0.0875 0.2890625 0.175
6 0.19609375 0.89609375 0.2609375 0.2078125