3 0.5375 0.5296875 0.48203125 0.6296875
6 0.0171875 0.4828125 0.034375 0.2125
6 0.53984375 0.984375 0.29765625 0.03125
6 0.13125 0.01796875 0.2625 0.0359375
6 0.36875 0.03046875 0.2921875 0.0609375
6 0.96328125 0.5859375 0.07265625 0.28203125
6 0.0328125 0.23125 0.065625 0.259375
6 0.91640625 0.04140625 0.1640625 0.0828125
6 0.07109375 0.8484375 0.1421875 0.259375
6 0.15234375 0.1484375 0.24140625 0.24140625
6 0.87265625 0.39921875 0.25390625 0.23828125
6 0.70703125 0.06953125 0.26953125 0.1390625
6 0.93203125 0.878125 0.1359375 0.24375
6 0.78984375 0.66015625 0.25390625 0.2453125
6 0.196875 0.5515625 0.23984375 0.25078125
6 0.3515625 0.83515625 0.2640625 0.275
6 0.74140625 0.88828125 0.2609375 0.21875
6 0.384375 0.18125 0.23984375 0.25390625
6 0.859375 0.1796875 0.275 0.23515625