6 0.93984375 0.04921875 0.1171875 0.0984375
4 0.46640625 0.50625 0.4484375 0.403125
6 0.965625 0.9140625 0.06875 0.171875
6 0.090625 0.04921875 0.18125 0.0984375
6 0.05625 0.32265625 0.1125 0.2796875
6 0.809375 0.8796875 0.2796875 0.23671875
6 0.23046875 0.92734375 0.3171875 0.1453125
6 0.89453125 0.63359375 0.21015625 0.34296875
6 0.84609375 0.321875 0.29375 0.28515625
6 0.5859375 0.096875 0.2890625 0.19296875
6 0.3 0.1453125 0.290625 0.2796875
6 0.1390625 0.65078125 0.278125 0.309375
5 0.7078125 0.4375 0.0984375 0.09453125