6 0.0109375 0.43359375 0.021875 0.2453125
4 0.51015625 0.51328125 0.4921875 0.42421875
6 0.17109375 0.984375 0.2484375 0.03125
6 0.0390625 0.04765625 0.078125 0.0953125
6 0.04453125 0.53203125 0.0890625 0.215625
6 0.03359375 0.93203125 0.0671875 0.1359375
6 0.446875 0.0515625 0.24375 0.10234375
6 0.73671875 0.04375 0.25234375 0.08671875
6 0.93828125 0.27890625 0.1234375 0.2453125
6 0.49765625 0.928125 0.2359375 0.14375
6 0.9078125 0.5125 0.184375 0.24140625
6 0.34296875 0.2015625 0.22265625 0.25703125
6 0.89140625 0.1109375 0.2171875 0.221875
6 0.13203125 0.23203125 0.2296875 0.22421875
6 0.1875 0.44921875 0.25078125 0.259375
6 0.73125 0.9015625 0.259375 0.196875
6 0.8515625 0.73203125 0.290625 0.25390625
6 0.3390625 0.796875 0.25703125 0.23984375
6 0.11015625 0.7421875 0.2203125 0.25625