1 0.53203125 0.49609375 0.4953125 0.525
6 0.01328125 0.71796875 0.02578125 0.2609375
6 0.36171875 0.984375 0.2640625 0.03125
6 0.9578125 0.309375 0.084375 0.253125
6 0.97109375 0.76015625 0.05703125 0.29921875
6 0.73828125 0.93984375 0.3046875 0.1203125
6 0.04140625 0.9265625 0.0828125 0.146875
6 0.79453125 0.3078125 0.30234375 0.26796875
6 0.63359375 0.83203125 0.30078125 0.26640625
6 0.1109375 0.05546875 0.221875 0.1109375
6 0.90859375 0.10625 0.1828125 0.2125
6 0.3234375 0.7296875 0.246875 0.2796875
6 0.19375 0.44765625 0.259375 0.259375
6 0.725 0.09921875 0.23984375 0.1984375
6 0.13203125 0.72421875 0.215625 0.28671875
6 0.86640625 0.8234375 0.246875 0.26640625
6 0.13515625 0.22890625 0.24140625 0.228125
6 0.47890625 0.12734375 0.2484375 0.25390625