6 0.17421875 0.9734375 0.3234375 0.053125
6 0.6203125 0.2375 0.22109375 0.16171875
6 0.7078125 0.315625 0.36171875 0.31796875
1 0.50546875 0.571875 0.61015625 0.5515625
6 0.16015625 0.8859375 0.3203125 0.228125
6 0.37578125 0.9578125 0.2765625 0.084375
6 0.95546875 0.83984375 0.0890625 0.27109375
6 0.16953125 0.025 0.3203125 0.05
6 0.91953125 0.446875 0.1609375 0.24375
6 0.8359375 0.2421875 0.328125 0.228125
6 0.91015625 0.63828125 0.17890625 0.2296875
6 0.3578125 0.1109375 0.278125 0.221875
6 0.12421875 0.43828125 0.2484375 0.2328125
6 0.10546875 0.6625 0.21015625 0.22578125
6 0.16796875 0.23046875 0.3359375 0.22421875
6 0.7859375 0.86328125 0.3375 0.25234375