4 0.50625 0.5203125 0.40546875 0.37421875
6 0.03984375 0.5078125 0.0796875 0.2296875
6 0.884375 0.96484375 0.228125 0.06953125
6 0.91484375 0.81796875 0.1703125 0.25234375
6 0.97109375 0.1125 0.05703125 0.22421875
6 0.940625 0.56875 0.11796875 0.2890625
6 0.7171875 0.84765625 0.259375 0.259375
6 0.09375 0.50546875 0.1875 0.24140625
6 0.40859375 0.20703125 0.22265625 0.26796875
6 0.21015625 0.25703125 0.2328125 0.2328125
6 0.05390625 0.91875 0.1078125 0.16171875
6 0.128125 0.08203125 0.23515625 0.16328125
6 0.6046875 0.10859375 0.23125 0.2171875
6 0.78515625 0.60859375 0.24140625 0.23984375
6 0.51484375 0.9203125 0.2953125 0.159375
6 0.21015625 0.8890625 0.2546875 0.221875
6 0.28515625 0.06796875 0.23984375 0.1359375
6 0.19375 0.64140625 0.23125 0.22265625
6 0.85625 0.22734375 0.28359375 0.2625
6 0.78203125 0.05625 0.0734375 0.071875
6 0.11484375 0.18671875 0.21484375 0.26328125