6 0.5203125 0.7828125 0.27109375 0.275
6 0.021875 0.65546875 0.04375 0.28515625
6 0.3703125 0.8328125 0.27109375 0.28515625
6 0.91953125 0.290625 0.1609375 0.29375
6 0.02890625 0.33203125 0.05703125 0.28203125
6 0.57109375 0.953125 0.28671875 0.09375
2 0.5 0.5015625 0.325 0.3046875
6 0.22421875 0.87109375 0.25390625 0.25703125
6 0.6875 0.8765625 0.3046875 0.246875
6 0.8453125 0.31484375 0.2921875 0.28515625
6 0.0625 0.1140625 0.125 0.22421875
6 0.1875 0.5859375 0.33359375 0.34765625
6 0.4015625 0.11796875 0.271875 0.2359375
6 0.88828125 0.08515625 0.2234375 0.1703125
6 0.66171875 0.08984375 0.290625 0.17890625
6 0.2046875 0.171875 0.23515625 0.340625
6 0.0640625 0.88828125 0.128125 0.2234375
6 0.803125 0.57109375 0.30234375 0.27265625
6 0.89921875 0.7921875 0.2015625 0.28359375