6 0.03359375 0.10546875 0.0640625 0.1859375
6 0.23984375 0.01015625 0.2703125 0.0203125
3 0.53828125 0.5109375 0.56796875 0.63046875
6 0.48203125 0.96875 0.396875 0.0625
0 0.85234375 0.15390625 0.2953125 0.3078125
6 0.9796875 0.7109375 0.03984375 0.2609375
6 0.853125 0.1546875 0.29375 0.30625
6 0.88359375 0.8921875 0.2328125 0.215625
6 0.43125 0.075 0.24375 0.14921875
6 0.04375 0.628125 0.08671875 0.27109375
6 0.5703125 0.9109375 0.309375 0.17734375
6 0.8875 0.4890625 0.22421875 0.3203125
6 0.21796875 0.89140625 0.30078125 0.2171875
6 0.1828125 0.4015625 0.29921875 0.246875
6 0.57578125 0.05234375 0.25703125 0.1046875
6 0.11328125 0.88515625 0.22578125 0.2296875
6 0.31484375 0.1671875 0.30625 0.3203125
6 0.10234375 0.6234375 0.2046875 0.3
6 0.0890625 0.21796875 0.17734375 0.22421875
6 0.09296875 0.06484375 0.1859375 0.1296875
6 0.60703125 0.20859375 0.275 0.24375