6 0.02890625 0.58984375 0.05703125 0.24375
6 0.3296875 0.96171875 0.2484375 0.0765625
6 0.0765625 0.965625 0.153125 0.06875
6 0.97109375 0.24765625 0.05703125 0.27265625
6 0.9015625 0.43125 0.196875 0.278125
6 0.06640625 0.4 0.13203125 0.24375
6 0.0390625 0.178125 0.078125 0.26640625
2 0.51640625 0.5078125 0.37109375 0.36875
6 0.1359375 0.2078125 0.1984375 0.31484375
6 0.45703125 0.19453125 0.20546875 0.30625
6 0.2109375 0.9046875 0.2625 0.190625
6 0.13203125 0.5609375 0.2296875 0.2140625
6 0.32578125 0.7046875 0.26640625 0.27109375
6 0.625 0.2125 0.20703125 0.31640625
6 0.77265625 0.28125 0.24140625 0.29765625
6 0.7015625 0.7609375 0.26953125 0.2484375
6 0.29921875 0.18203125 0.20859375 0.2765625
6 0.79375 0.5484375 0.259375 0.27265625
6 0.50625 0.875 0.25390625 0.246875