6 0.99140625 0.54375 0.0171875 0.24140625
6 0.01328125 0.09296875 0.02578125 0.1859375
6 0.971875 0.9625 0.05546875 0.075
6 0.14140625 0.6171875 0.23828125 0.23984375
6 0.79375 0.98515625 0.23515625 0.0296875
6 0.97421875 0.2140625 0.0515625 0.234375
6 0.4609375 0.0296875 0.23671875 0.059375
6 0.378125 0.96875 0.22421875 0.0625
6 0.88203125 0.03984375 0.2359375 0.0796875
2 0.5203125 0.50234375 0.34609375 0.32890625
6 0.86328125 0.4640625 0.2484375 0.23984375
6 0.359375 0.79921875 0.23125 0.23515625
6 0.6171875 0.23515625 0.24375 0.2328125
6 0.59453125 0.94140625 0.2125 0.11640625
6 0.25625 0.5703125 0.24140625 0.246875
6 0.84609375 0.23984375 0.22109375 0.215625
6 0.5765625 0.7859375 0.22421875 0.2125
6 0.68984375 0.0890625 0.196875 0.17734375
6 0.19140625 0.778125 0.2296875 0.24140625
6 0.128125 0.06171875 0.23828125 0.1234375
6 0.7390625 0.6453125 0.20546875 0.21875
6 0.3546875 0.1796875 0.24375 0.23515625
6 0.11796875 0.3046875 0.2359375 0.253125
6 0.871875 0.81015625 0.2453125 0.23984375