6 0.04765625 0.9625 0.0921875 0.07109375
4 0.53203125 0.5203125 0.4828125 0.5109375
6 0.9171875 0.01328125 0.16484375 0.02578125
6 0.290625 0.97578125 0.25703125 0.0484375
6 0.796875 0.0359375 0.2015625 0.07109375
6 0.0984375 0.63671875 0.196875 0.2890625
6 0.95625 0.3390625 0.08671875 0.2921875
6 0.89140625 0.9609375 0.2171875 0.078125
6 0.21875 0.425 0.21875 0.2171875
6 0.5140625 0.92265625 0.25546875 0.1515625
6 0.059375 0.328125 0.11796875 0.26640625
6 0.48125 0.16484375 0.24140625 0.24375
6 0.6125 0.8453125 0.2609375 0.25390625
6 0.1828125 0.5703125 0.23671875 0.2328125
6 0.07890625 0.10078125 0.1578125 0.2015625
6 0.2515625 0.22890625 0.23125 0.203125
6 0.865625 0.859375 0.26875 0.240625
6 0.2640625 0.7953125 0.22265625 0.23828125
6 0.83671875 0.39453125 0.23671875 0.2609375
6 0.328125 0.10078125 0.259375 0.2015625
6 0.09453125 0.9 0.1890625 0.19375
6 0.73828125 0.16875 0.26640625 0.24375
5 0.42734375 0.7921875 0.09453125 0.084375