6 0.98515625 0.07734375 0.0296875 0.1546875
2 0.50234375 0.4984375 0.3828125 0.25078125
6 0.84765625 0.04375 0.23828125 0.08359375
6 0.51328125 0.9796875 0.22578125 0.03984375
6 0.3921875 0.03984375 0.2765625 0.0796875
6 0.02109375 0.503125 0.04140625 0.2171875
6 0.02578125 0.2515625 0.0515625 0.328125
6 0.778125 0.0765625 0.26640625 0.153125
6 0.9625 0.484375 0.075 0.2625
6 0.978125 0.74140625 0.04375 0.23515625
6 0.5125 0.05703125 0.2375 0.1140625
6 0.57734375 0.6921875 0.309375 0.26796875
6 0.05546875 0.92578125 0.1109375 0.14765625
6 0.49140625 0.9171875 0.23515625 0.16484375
6 0.9265625 0.96015625 0.146875 0.0796875
6 0.73671875 0.9546875 0.23125 0.090625
6 0.90390625 0.271875 0.1921875 0.275
6 0.27421875 0.3984375 0.22421875 0.2328125
6 0.7984375 0.5234375 0.246875 0.22578125
6 0.90859375 0.684375 0.1828125 0.23515625
6 0.784375 0.82265625 0.215625 0.20546875
6 0.12421875 0.10546875 0.2484375 0.21015625
6 0.31796875 0.73671875 0.2328125 0.25546875
6 0.13671875 0.584375 0.25546875 0.246875