6 0.95625 0.178125 0.08671875 0.2625
6 0.04609375 0.07265625 0.0921875 0.1453125
6 0.90859375 0.6765625 0.1828125 0.22578125
6 0.615625 0.27421875 0.2296875 0.17890625
6 0.896875 0.846875 0.20625 0.234375
2 0.50703125 0.50546875 0.29765625 0.325
6 0.0828125 0.32734375 0.16484375 0.23984375
6 0.296875 0.646875 0.22421875 0.246875
6 0.6859375 0.6375 0.26640625 0.25234375
6 0.696875 0.08984375 0.25234375 0.17890625
6 0.371875 0.2609375 0.25078125 0.20859375
6 0.89375 0.43515625 0.20859375 0.23671875
6 0.67421875 0.88515625 0.2453125 0.2296875
6 0.09921875 0.88515625 0.1984375 0.2296875
6 0.09296875 0.625 0.1859375 0.26640625
6 0.31875 0.8984375 0.25546875 0.203125