6 0.94453125 0.30234375 0.1109375 0.22578125
1 0.49765625 0.4890625 0.4546875 0.42265625
1 0.95703125 0.8453125 0.08515625 0.309375
6 0.5109375 0.02734375 0.24375 0.05390625
6 0.50546875 0.97265625 0.27265625 0.05390625
6 0.7546875 0.0375 0.25390625 0.075
6 0.04453125 0.79453125 0.0890625 0.2609375
6 0.04921875 0.3203125 0.0984375 0.265625
6 0.934375 0.38984375 0.13125 0.2484375
6 0.9171875 0.1203125 0.16484375 0.215625
6 0.22109375 0.128125 0.2640625 0.25546875
6 0.7765625 0.32265625 0.2453125 0.28359375
6 0.85078125 0.66484375 0.25390625 0.2453125
6 0.56015625 0.1546875 0.3234375 0.2328125
6 0.446875 0.83984375 0.27109375 0.23671875
6 0.7921875 0.8953125 0.27265625 0.20546875
6 0.16796875 0.89609375 0.3171875 0.2078125