1 0.03671875 0.90703125 0.07265625 0.17890625
1 0.5453125 0.50703125 0.58125 0.46953125
6 0.96328125 0.05234375 0.07265625 0.1046875
1 0.5328125 0.1484375 0.61875 0.290625
6 0.16796875 0.9640625 0.228125 0.07109375
6 0.03671875 0.48203125 0.07265625 0.275
6 0.7015625 0.9 0.2765625 0.2
6 0.95546875 0.7953125 0.0890625 0.259375
6 0.38359375 0.95546875 0.23828125 0.0890625
6 0.04765625 0.1453125 0.0953125 0.27265625
6 0.92265625 0.42890625 0.1546875 0.2484375
6 0.88359375 0.659375 0.2328125 0.26796875
6 0.88046875 0.19453125 0.2390625 0.2734375
6 0.1640625 0.23046875 0.23125 0.26953125
6 0.32421875 0.79375 0.290625 0.23828125