6 0.02109375 0.87421875 0.04140625 0.228125
6 0.94609375 0.04375 0.1078125 0.08671875
6 0.6453125 0.9546875 0.28203125 0.090625
6 0.39921875 0.94609375 0.23125 0.1078125
6 0.953125 0.85859375 0.09375 0.2828125
6 0.73515625 0.85859375 0.2140625 0.203125
2 0.51015625 0.50078125 0.321875 0.36875
6 0.23828125 0.4078125 0.23984375 0.2484375
6 0.84765625 0.17578125 0.28359375 0.275
6 0.16484375 0.909375 0.2296875 0.18125
6 0.24921875 0.090625 0.24140625 0.18125
6 0.1203125 0.53828125 0.23984375 0.23828125
6 0.5875 0.14921875 0.2609375 0.275
6 0.81015625 0.62734375 0.2640625 0.2765625
6 0.10625 0.23828125 0.2125 0.246875
6 0.45625 0.7953125 0.25546875 0.2453125