4 0.490625 0.48984375 0.47890625 0.4296875
6 0.0921875 0.47734375 0.184375 0.27265625
5 0.19140625 0.7171875 0.059375 0.07109375
6 0.9140625 0.02109375 0.16875 0.04140625
6 0.75234375 0.7015625 0.23125 0.203125
6 0.046875 0.3390625 0.09375 0.2921875
6 0.44609375 0.82578125 0.22109375 0.2296875
6 0.09765625 0.71015625 0.19453125 0.26640625
6 0.19453125 0.36015625 0.215625 0.278125
6 0.63046875 0.96171875 0.26640625 0.0765625
6 0.446875 0.175 0.22265625 0.2453125
6 0.315625 0.14453125 0.2171875 0.22578125
6 0.69765625 0.82890625 0.28515625 0.2484375
6 0.8296875 0.41328125 0.215625 0.2
6 0.9296875 0.71796875 0.140625 0.23984375
6 0.33125 0.7359375 0.2484375 0.2296875
6 0.67421875 0.2328125 0.23125 0.246875
6 0.0984375 0.91015625 0.196875 0.17578125