3 0.54453125 0.5078125 0.52890625 0.51328125
6 0.03828125 0.90703125 0.0765625 0.1859375
6 0.6890625 0.0671875 0.26796875 0.13359375
6 0.05625 0.46171875 0.1125 0.2515625
6 0.1984375 0.921875 0.2640625 0.15625
6 0.909375 0.703125 0.18125 0.21015625
6 0.18671875 0.46875 0.228125 0.3390625
6 0.6171875 0.81875 0.30234375 0.2125
6 0.35625 0.81875 0.21875 0.23671875
6 0.1203125 0.7515625 0.23671875 0.22578125
6 0.9078125 0.49140625 0.184375 0.23125
6 0.78359375 0.240625 0.28359375 0.23125
5 0.48671875 0.9234375 0.0984375 0.0984375
5 0.55859375 0.0671875 0.078125 0.0921875