6 0.990625 0.184375 0.01875 0.25390625
6 0.02265625 0.278125 0.0453125 0.25390625
6 0.3546875 0.925 0.309375 0.14921875
4 0.50625 0.46484375 0.53203125 0.51328125
6 0.53046875 0.8078125 0.29609375 0.24140625
6 0.1359375 0.04296875 0.23671875 0.08515625
6 0.93359375 0.05390625 0.13203125 0.1078125
6 0.8515625 0.96796875 0.2625 0.0640625
6 0.121875 0.76640625 0.24375 0.30078125
6 0.62734375 0.9546875 0.23515625 0.090625
6 0.28671875 0.146875 0.23671875 0.25234375
6 0.12890625 0.52734375 0.246875 0.2328125
6 0.490625 0.1171875 0.20625 0.234375
6 0.9203125 0.4046875 0.159375 0.2375
6 0.890625 0.61875 0.21875 0.2609375
6 0.79375 0.79140625 0.24140625 0.22578125