6 0.3109375 0.0359375 0.27109375 0.07109375
6 0.1109375 0.97109375 0.221875 0.0546875
4 0.50546875 0.51796875 0.44140625 0.49765625
6 0.9640625 0.16796875 0.07109375 0.24140625
6 0.6546875 0.96328125 0.25234375 0.07265625
6 0.965625 0.88828125 0.06875 0.2234375
6 0.0671875 0.66171875 0.13359375 0.28359375
6 0.11015625 0.08359375 0.2203125 0.1671875
6 0.49921875 0.84453125 0.275 0.22109375
6 0.91640625 0.6765625 0.1671875 0.24375
6 0.7453125 0.76171875 0.23515625 0.23671875
6 0.4328125 0.21484375 0.25390625 0.228125
6 0.13984375 0.2984375 0.25546875 0.259375
6 0.76953125 0.17265625 0.23828125 0.23125
6 0.903125 0.36328125 0.18984375 0.23984375