6 0.58203125 0.078125 0.23125 0.15625
1 0.3671875 0.86953125 0.46640625 0.2609375
6 0.07109375 0.03203125 0.1421875 0.0640625
6 0.7234375 0.3140625 0.2296875 0.2625
6 0.91015625 0.97109375 0.17890625 0.05703125
1 0.49375 0.53125 0.43984375 0.4625
6 0.51015625 0.0984375 0.24140625 0.196875
6 0.28671875 0.28203125 0.25390625 0.25078125
6 0.75859375 0.20859375 0.28203125 0.25703125
6 0.83359375 0.046875 0.290625 0.09375
6 0.0625 0.91640625 0.125 0.1671875
6 0.08984375 0.21875 0.17578125 0.26796875
6 0.89140625 0.41875 0.2140625 0.34765625
6 0.2703125 0.08515625 0.28671875 0.1703125
6 0.11640625 0.72734375 0.2296875 0.26796875
6 0.7390625 0.828125 0.26796875 0.2890625