6 0.98203125 0.925 0.0359375 0.146875
6 0.75859375 0.984375 0.2296875 0.03125
6 0.1625 0.3140625 0.2140625 0.28359375
1 0.53125 0.47734375 0.50234375 0.51171875
6 0.45078125 0.9640625 0.23671875 0.07109375
6 0.34296875 0.7609375 0.21875 0.23125
6 0.040625 0.29375 0.08125 0.31875
6 0.04609375 0.7109375 0.0921875 0.25390625
6 0.85078125 0.1078125 0.22265625 0.215625
6 0.25625 0.32890625 0.2140625 0.23671875
6 0.93125 0.16015625 0.1375 0.25078125
6 0.925 0.74140625 0.14921875 0.23515625
6 0.45625 0.8203125 0.28671875 0.23828125
6 0.1546875 0.58359375 0.2609375 0.23828125
6 0.06953125 0.909375 0.1390625 0.18125
6 0.615625 0.0828125 0.25078125 0.16484375
6 0.246875 0.9140625 0.25078125 0.171875
6 0.8625 0.32109375 0.27109375 0.24140625
6 0.20703125 0.08125 0.278125 0.16171875
6 0.73828125 0.8234375 0.259375 0.26640625
5 0.41328125 0.22578125 0.0921875 0.09296875