6 0.86953125 0.01640625 0.2609375 0.0328125
6 0.971875 0.4671875 0.05546875 0.27265625
6 0.96484375 0.31015625 0.06953125 0.259375
6 0.659375 0.94609375 0.33359375 0.1078125
6 0.67734375 0.096875 0.26953125 0.19296875
6 0.94140625 0.709375 0.11640625 0.25390625
6 0.81015625 0.20546875 0.27109375 0.246875
6 0.56875 0.86171875 0.28515625 0.2484375
6 0.37890625 0.12265625 0.2609375 0.2453125
6 0.14609375 0.24609375 0.2921875 0.2625
6 0.13359375 0.47578125 0.2640625 0.24140625
6 0.19296875 0.68359375 0.25703125 0.275
6 0.828125 0.84609375 0.2640625 0.27265625
3 0.5359375 0.46875 0.55 0.58046875