6 0.915625 0.28671875 0.16875 0.25078125
6 0.6 0.06796875 0.340625 0.1359375
6 0.9390625 0.1015625 0.121875 0.203125
6 0.8109375 0.4203125 0.2625 0.2796875
6 0.7484375 0.14453125 0.26640625 0.2890625
6 0.73203125 0.61328125 0.2296875 0.28359375
6 0.07109375 0.53203125 0.1421875 0.2765625
6 0.35390625 0.27578125 0.28359375 0.23125
2 0.51875 0.45625 0.4015625 0.51484375
6 0.459375 0.76796875 0.2921875 0.21015625
6 0.13203125 0.26640625 0.22265625 0.2953125
6 0.29140625 0.10703125 0.259375 0.2140625
6 0.23984375 0.49921875 0.21875 0.27109375