6 0.0765625 0.0140625 0.153125 0.028125
6 0.0515625 0.78125 0.10234375 0.28203125
6 0.79453125 0.25859375 0.20859375 0.23125
6 0.9765625 0.7828125 0.046875 0.246875
6 0.9625 0.06484375 0.075 0.1296875
6 0.97109375 0.48359375 0.05703125 0.25703125
6 0.10625 0.728125 0.2125 0.22109375
6 0.10390625 0.928125 0.2046875 0.14375
6 0.6609375 0.1859375 0.246875 0.2328125
6 0.08125 0.4375 0.16171875 0.38125
6 0.88203125 0.175 0.2328125 0.26953125
6 0.5140625 0.11875 0.228125 0.203125
6 0.21640625 0.896875 0.2390625 0.20625
6 0.0625 0.13125 0.125 0.22109375
1 0.4359375 0.49765625 0.4515625 0.53984375
6 0.77109375 0.0546875 0.23125 0.109375
6 0.43671875 0.8375 0.24375 0.228125
6 0.73828125 0.69296875 0.23828125 0.2171875
6 0.65703125 0.88984375 0.246875 0.2171875
6 0.84453125 0.49375 0.22421875 0.24375
6 0.21484375 0.246875 0.22109375 0.26953125
6 0.31484375 0.2046875 0.19765625 0.18671875