3 0.49375 0.49453125 0.4625 0.47109375
6 0.96171875 0.08671875 0.0765625 0.1734375
6 0.90703125 0.82109375 0.1859375 0.2953125
6 0.06484375 0.89453125 0.1296875 0.2046875
6 0.9484375 0.440625 0.10234375 0.28359375
6 0.80078125 0.94296875 0.2984375 0.1140625
6 0.2375 0.93203125 0.25546875 0.1359375
6 0.70625 0.77890625 0.215625 0.25703125
6 0.81484375 0.56171875 0.24140625 0.25078125
6 0.5953125 0.090625 0.28359375 0.18125
6 0.46875 0.87421875 0.2625 0.23828125
6 0.15234375 0.4125 0.26640625 0.25703125
6 0.1 0.2171875 0.2 0.246875
6 0.83828125 0.196875 0.28203125 0.2640625
6 0.2125 0.74296875 0.275 0.26796875
6 0.3140625 0.1359375 0.28671875 0.26796875