3 0.46640625 0.55859375 0.5625 0.6125
6 0.9359375 0.96015625 0.125 0.0765625
6 0.02265625 0.66015625 0.0453125 0.228125
6 0.9171875 0.5765625 0.16484375 0.2796875
6 0.128125 0.978125 0.2453125 0.04375
6 0.02890625 0.10703125 0.05703125 0.21015625
6 0.315625 0.04296875 0.2453125 0.08515625
6 0.70546875 0.79453125 0.23828125 0.22265625
6 0.1015625 0.45859375 0.2 0.22421875
6 0.08515625 0.840625 0.1703125 0.259375
6 0.83125 0.92578125 0.2640625 0.14765625
6 0.709375 0.1109375 0.225 0.221875
6 0.9078125 0.09375 0.184375 0.1875
6 0.83515625 0.66640625 0.24375 0.2640625
6 0.90859375 0.296875 0.1828125 0.23125
6 0.1515625 0.2359375 0.28515625 0.23828125
6 0.4515625 0.13046875 0.259375 0.2609375
6 0.31640625 0.8984375 0.25078125 0.203125