4 0.5140625 0.50703125 0.5203125 0.52734375
6 0.04453125 0.5703125 0.0890625 0.2328125
6 0.78203125 0.97109375 0.26640625 0.05703125
6 0.97265625 0.284375 0.05390625 0.25234375
6 0.70859375 0.91953125 0.2234375 0.1609375
6 0.896875 0.690625 0.20625 0.24375
6 0.059375 0.1625 0.11796875 0.2484375
6 0.7046875 0.79921875 0.22265625 0.23125
6 0.05625 0.90234375 0.1125 0.1921875
6 0.19765625 0.56015625 0.22109375 0.34765625
6 0.22265625 0.10078125 0.275 0.2015625
6 0.47890625 0.1015625 0.23515625 0.203125
6 0.24921875 0.89140625 0.25546875 0.2171875
6 0.81875 0.3171875 0.25078125 0.26953125