4 0.46640625 0.59765625 0.3421875 0.57578125
5 0.26640625 0.9609375 0.09375 0.078125
6 0.521875 0.02109375 0.275 0.04140625
6 0.9421875 0.9234375 0.115625 0.153125
6 0.95234375 0.328125 0.0953125 0.290625
6 0.1078125 0.89453125 0.2125 0.21015625
6 0.61015625 0.07265625 0.2109375 0.1453125
6 0.12734375 0.759375 0.25390625 0.2796875
6 0.76875 0.8078125 0.2328125 0.23515625
6 0.7296875 0.2546875 0.26953125 0.23828125
6 0.85546875 0.08671875 0.2859375 0.1734375
6 0.33203125 0.16328125 0.275 0.275
6 0.8203125 0.49453125 0.26953125 0.259375