6 0.77265625 0.559375 0.196875 0.2625
6 0.84140625 0.37734375 0.28203125 0.2921875
6 0.02265625 0.94296875 0.0453125 0.1140625
6 0.425 0.78515625 0.3390625 0.24140625
6 0.01796875 0.10546875 0.0359375 0.2078125
6 0.97578125 0.38671875 0.0484375 0.3078125
6 0.03125 0.34140625 0.0625 0.2453125
3 0.5125 0.5203125 0.459375 0.459375
6 0.1640625 0.9625 0.25234375 0.075
6 0.646875 0.2015625 0.26796875 0.1984375
6 0.14765625 0.8453125 0.25390625 0.2125
6 0.39140625 0.19921875 0.25390625 0.196875
6 0.3625 0.91171875 0.209375 0.1765625
6 0.9265625 0.6328125 0.146875 0.265625
6 0.1328125 0.20234375 0.2453125 0.2484375
6 0.88828125 0.146875 0.2234375 0.26875
6 0.21171875 0.31640625 0.25 0.2015625