6 0.98125 0.5703125 0.0375 0.275
6 0.5671875 0.2515625 0.34765625 0.18984375
6 0.19453125 0.6046875 0.32734375 0.3109375
6 0.6859375 0.14765625 0.3984375 0.2953125
6 0.934375 0.1859375 0.13125 0.265625
6 0.39765625 0.83203125 0.2796875 0.23125
6 0.87265625 0.9453125 0.25390625 0.109375
3 0.53671875 0.51796875 0.50234375 0.490625
6 0.8953125 0.06015625 0.20546875 0.1203125
6 0.06640625 0.12109375 0.13203125 0.23515625
6 0.65390625 0.77265625 0.3203125 0.29375
6 0.87109375 0.740625 0.25390625 0.2640625
6 0.20234375 0.07578125 0.2625 0.1515625
6 0.18203125 0.2484375 0.3109375 0.23984375
6 0.1046875 0.7203125 0.20859375 0.278125
6 0.13359375 0.89296875 0.2671875 0.2140625