6 0.77890625 0.0125 0.16015625 0.02421875
6 0.02421875 0.0671875 0.0484375 0.13359375
4 0.48515625 0.459375 0.4484375 0.42109375
6 0.63828125 0.70859375 0.35859375 0.21015625
6 0.9546875 0.46953125 0.090625 0.23984375
6 0.0625 0.778125 0.125 0.22109375
6 0.1484375 0.309375 0.296875 0.23125
6 0.92734375 0.91171875 0.1453125 0.1765625
6 0.33671875 0.721875 0.321875 0.24375
6 0.809375 0.59296875 0.290625 0.2296875
6 0.15234375 0.90625 0.2453125 0.1875
6 0.784375 0.32109375 0.2296875 0.2484375
6 0.27421875 0.084375 0.28671875 0.16875
6 0.07734375 0.4671875 0.1546875 0.25546875
6 0.3890625 0.87578125 0.2625 0.2484375