6 0.73359375 0.0125 0.25390625 0.02421875
2 0.50234375 0.50234375 0.275 0.278125
6 0.11484375 0.9640625 0.22265625 0.07109375
6 0.3671875 0.96796875 0.22265625 0.0640625
6 0.6828125 0.7953125 0.2 0.203125
6 0.9265625 0.9640625 0.146875 0.06875
6 0.946875 0.3140625 0.10625 0.2453125
6 0.0703125 0.73046875 0.140625 0.309375
6 0.75625 0.840625 0.2328125 0.22421875
6 0.73203125 0.37421875 0.23984375 0.215625
6 0.4828125 0.1921875 0.228125 0.2140625
6 0.703125 0.271875 0.228125 0.203125
6 0.37890625 0.1640625 0.2125 0.203125
6 0.203125 0.5515625 0.246875 0.25078125
6 0.1640625 0.06796875 0.24140625 0.1359375
6 0.31484375 0.34921875 0.22265625 0.20546875
6 0.740625 0.596875 0.23671875 0.2015625
6 0.5859375 0.090625 0.2296875 0.18125
6 0.8203125 0.11328125 0.22421875 0.20859375
6 0.28515625 0.82734375 0.2640625 0.2484375