3 0.4703125 0.50234375 0.6078125 0.50625
6 0.98359375 0.7359375 0.0328125 0.246875
6 0.63984375 0.965625 0.2453125 0.06875
6 0.03828125 0.8796875 0.0765625 0.23984375
6 0.1625 0.0609375 0.2484375 0.121875
6 0.1015625 0.44765625 0.203125 0.22109375
6 0.8375 0.046875 0.28359375 0.09375
6 0.06953125 0.23125 0.1390625 0.24375
6 0.38671875 0.93203125 0.259375 0.1359375
6 0.86171875 0.9375 0.25546875 0.125
6 0.478125 0.0703125 0.28203125 0.140625
6 0.928125 0.259375 0.14375 0.271875
6 0.809375 0.3953125 0.259375 0.2796875
6 0.15390625 0.9046875 0.2234375 0.190625
6 0.78671875 0.7109375 0.290625 0.246875
6 0.13359375 0.6515625 0.2640625 0.2625
6 0.68359375 0.1640625 0.2640625 0.2625