4 0.47890625 0.53203125 0.54453125 0.49765625
6 0.67421875 0.78515625 0.23828125 0.23828125
6 0.02421875 0.10234375 0.0484375 0.2015625
6 0.05234375 0.30859375 0.1046875 0.2171875
6 0.72578125 0.9625 0.25234375 0.075
6 0.93984375 0.83203125 0.1203125 0.26640625
6 0.7875 0.77109375 0.2328125 0.23828125
6 0.9140625 0.1703125 0.171875 0.22265625
6 0.33828125 0.9375 0.2625 0.125
6 0.17890625 0.37265625 0.23984375 0.23828125
6 0.40234375 0.06484375 0.2390625 0.1296875
6 0.9234375 0.6 0.153125 0.25078125
6 0.540625 0.2609375 0.2296875 0.2328125
6 0.721875 0.1234375 0.22578125 0.246875
6 0.79375 0.34375 0.25234375 0.259375
6 0.22890625 0.14375 0.26640625 0.25234375