6 0.00859375 0.3328125 0.0171875 0.25234375
6 0.984375 0.90078125 0.03125 0.1984375
6 0.7328125 0.36015625 0.2 0.23984375
6 0.44296875 0.67265625 0.228125 0.2296875
6 0.6796875 0.18203125 0.2953125 0.1515625
6 0.953125 0.93828125 0.09375 0.1234375
6 0.04140625 0.76875 0.0828125 0.25625
6 0.2171875 0.43203125 0.23984375 0.259375
2 0.50859375 0.4078125 0.37890625 0.46953125
6 0.546875 0.0609375 0.2765625 0.121875
6 0.67890625 0.93046875 0.2796875 0.1390625
6 0.21015625 0.60859375 0.25078125 0.23984375
6 0.35859375 0.7515625 0.23984375 0.23671875
6 0.20546875 0.05390625 0.2609375 0.1078125
6 0.8515625 0.8171875 0.23125 0.23671875
6 0.8921875 0.5015625 0.215625 0.22109375
6 0.63203125 0.7328125 0.23828125 0.25234375
6 0.10234375 0.43046875 0.2046875 0.2234375
6 0.11875 0.8546875 0.23515625 0.26640625
6 0.89375 0.24765625 0.2125 0.228125
6 0.89140625 0.62421875 0.2171875 0.22265625
6 0.34296875 0.92578125 0.23671875 0.14765625
6 0.11640625 0.1953125 0.2328125 0.23828125