4 0.53828125 0.50859375 0.50625 0.4609375
6 0.03046875 0.78359375 0.0609375 0.27265625
6 0.6671875 0.03203125 0.2171875 0.0640625
6 0.9578125 0.81484375 0.084375 0.2578125
6 0.05703125 0.08203125 0.1140625 0.1640625
6 0.4234375 0.1921875 0.22421875 0.22109375
6 0.11015625 0.4375 0.2203125 0.240625
6 0.9453125 0.1921875 0.109375 0.228125
6 0.1671875 0.5703125 0.278125 0.24375
6 0.2390625 0.0875 0.2375 0.175
6 0.26171875 0.21796875 0.25234375 0.2453125
6 0.578125 0.79453125 0.3046875 0.2015625
6 0.828125 0.6796875 0.24375 0.2890625
6 0.35703125 0.9109375 0.259375 0.17734375
6 0.2859375 0.7078125 0.2796875 0.25390625
6 0.78125 0.13046875 0.22578125 0.22265625
6 0.87109375 0.37109375 0.246875 0.259375