6 0.65234375 0.03125 0.278125 0.0625
6 0.0984375 0.02265625 0.196875 0.0453125
6 0.9484375 0.96328125 0.10234375 0.07265625
1 0.5 0.471875 0.39921875 0.53359375
6 0.4015625 0.93125 0.2609375 0.1375
6 0.5609375 0.08359375 0.25546875 0.1671875
6 0.04609375 0.37421875 0.0921875 0.275
6 0.9390625 0.51484375 0.121875 0.25078125
6 0.93515625 0.2078125 0.1296875 0.284375
6 0.8875 0.0546875 0.22421875 0.109375
6 0.12734375 0.08359375 0.25390625 0.1671875
6 0.49453125 0.8953125 0.2625 0.20859375
6 0.2015625 0.3078125 0.24375 0.278125
6 0.1765625 0.496875 0.23828125 0.25234375
6 0.80234375 0.340625 0.23125 0.28515625
6 0.8875 0.8328125 0.22421875 0.2609375
6 0.20546875 0.7546875 0.246875 0.2640625