6 0.04375 0.07734375 0.08359375 0.1515625
6 0.65390625 0.03359375 0.2234375 0.0671875
6 0.11484375 0.0703125 0.2296875 0.140625
6 0.9734375 0.31953125 0.053125 0.2890625
2 0.509375 0.5 0.396875 0.415625
6 0.95625 0.9171875 0.08671875 0.16484375
6 0.1484375 0.94609375 0.28671875 0.1078125
6 0.12265625 0.684375 0.2453125 0.2484375
6 0.38125 0.74453125 0.2640625 0.23671875
6 0.35078125 0.07578125 0.2796875 0.1515625
6 0.4078125 0.91875 0.28671875 0.16171875
6 0.82265625 0.24140625 0.2921875 0.278125
6 0.25859375 0.2515625 0.28359375 0.27265625
6 0.09453125 0.4421875 0.1890625 0.25625