6 0.15234375 0.0390625 0.2796875 0.078125
6 0.75390625 0.48203125 0.2625 0.340625
3 0.4984375 0.59375 0.43984375 0.5375
6 0.04609375 0.45546875 0.0921875 0.25703125
6 0.14609375 0.6390625 0.2921875 0.2453125
6 0.121875 0.8125 0.24375 0.27109375
6 0.3875 0.92265625 0.25703125 0.1546875
6 0.21484375 0.3953125 0.28359375 0.27265625
6 0.925 0.415625 0.14921875 0.25390625
6 0.1171875 0.2484375 0.234375 0.234375
6 0.88515625 0.7109375 0.2296875 0.2609375
6 0.58984375 0.884375 0.2890625 0.23125
6 0.82890625 0.21328125 0.28671875 0.27265625
6 0.53203125 0.19921875 0.275 0.26640625