6 0.98359375 0.08515625 0.0328125 0.1703125
4 0.4796875 0.50078125 0.478125 0.5375
6 0.03125 0.93046875 0.0625 0.1390625
6 0.58984375 0.80703125 0.31640625 0.2296875
6 0.33828125 0.97578125 0.31484375 0.0484375
6 0.54609375 0.025 0.2859375 0.05
6 0.8734375 0.03046875 0.253125 0.0609375
6 0.31328125 0.3140625 0.29921875 0.23515625
6 0.7484375 0.92734375 0.328125 0.1453125
6 0.92734375 0.475 0.1453125 0.234375
6 0.76875 0.440625 0.24375 0.24140625
6 0.54140625 0.1375 0.26640625 0.2125
6 0.103125 0.2640625 0.203125 0.23671875
6 0.12421875 0.8875 0.2484375 0.22421875
6 0.86875 0.72734375 0.2625 0.22265625
6 0.76171875 0.13046875 0.25078125 0.246875
6 0.11015625 0.64765625 0.2203125 0.2671875