6 0.12578125 0.02421875 0.2515625 0.0484375
6 0.64140625 0.9875 0.2640625 0.02421875
6 0.8328125 0.4890625 0.184375 0.15625
6 0.96640625 0.17421875 0.0671875 0.2140625
2 0.51484375 0.51328125 0.36484375 0.31796875
6 0.09765625 0.96796875 0.19453125 0.0640625
6 0.04609375 0.61015625 0.0921875 0.275
6 0.946875 0.04140625 0.10625 0.0828125
6 0.43359375 0.04609375 0.2453125 0.0921875
6 0.0375 0.24609375 0.075 0.26640625
6 0.24921875 0.9546875 0.24140625 0.090625
6 0.9421875 0.39609375 0.115625 0.2703125
6 0.95859375 0.89609375 0.0828125 0.2078125
6 0.92578125 0.6359375 0.14765625 0.23515625
6 0.14453125 0.58359375 0.25078125 0.228125
6 0.79765625 0.72734375 0.22421875 0.246875
6 0.82890625 0.25625 0.25234375 0.23828125
6 0.753125 0.915625 0.25078125 0.16875
6 0.32421875 0.73125 0.2453125 0.24140625
6 0.56953125 0.23359375 0.2625 0.22109375
6 0.59765625 0.7640625 0.24140625 0.228125
6 0.1703125 0.11015625 0.23671875 0.2171875
6 0.17890625 0.33046875 0.25390625 0.25703125
6 0.71640625 0.08125 0.275 0.16171875