6 0.98515625 0.546875 0.0296875 0.30078125
6 0.015625 0.61015625 0.03125 0.278125
6 0.9421875 0.9578125 0.115625 0.084375
6 0.1078125 0.03125 0.215625 0.0625
6 0.76484375 0.03828125 0.25703125 0.0765625
2 0.4953125 0.50546875 0.31640625 0.31484375
6 0.0609375 0.88046875 0.121875 0.2390625
6 0.11640625 0.50859375 0.2328125 0.24140625
6 0.69453125 0.2453125 0.30078125 0.275
6 0.76484375 0.896875 0.2921875 0.20625
6 0.7921875 0.54296875 0.2765625 0.278125
6 0.14296875 0.253125 0.28515625 0.28671875
6 0.31640625 0.09453125 0.2890625 0.1890625
6 0.321875 0.86953125 0.2921875 0.2609375
5 0.33984375 0.35078125 0.0734375 0.07109375