6 0.14453125 0.97890625 0.13515625 0.0421875
6 0.96484375 0.74375 0.06953125 0.25234375
6 0.1171875 0.04140625 0.228125 0.0828125
6 0.9625 0.45625 0.075 0.23515625
6 0.23359375 0.38984375 0.19296875 0.31640625
6 0.9484375 0.209375 0.10234375 0.228125
2 0.503125 0.44765625 0.4046875 0.41171875
6 0.76328125 0.16796875 0.1875 0.2484375
6 0.56875 0.13046875 0.22265625 0.2609375
6 0.609375 0.71015625 0.22421875 0.24140625
6 0.4671875 0.90390625 0.21875 0.1921875
6 0.34140625 0.084375 0.23828125 0.16875
6 0.33359375 0.80234375 0.28515625 0.26640625
6 0.0921875 0.35859375 0.184375 0.275
6 0.809375 0.44375 0.23828125 0.27109375
6 0.22421875 0.615625 0.25703125 0.215625
6 0.878125 0.05625 0.240625 0.1125