6 0.98359375 0.35703125 0.0328125 0.25234375
6 0.159375 0.69453125 0.25546875 0.26953125
6 0.95 0.96953125 0.1 0.0609375
3 0.515625 0.56875 0.50234375 0.52890625
6 0.04921875 0.596875 0.0984375 0.225
5 0.75234375 0.6609375 0.0640625 0.06640625
6 0.03359375 0.1 0.0671875 0.196875
6 0.04375 0.82890625 0.08671875 0.2796875
6 0.96875 0.6890625 0.0625 0.23671875
6 0.63046875 0.0453125 0.23828125 0.090625
6 0.64140625 0.2359375 0.27109375 0.23515625
6 0.72734375 0.1484375 0.24375 0.2
6 0.1875 0.5671875 0.21875 0.20546875
6 0.8703125 0.05546875 0.22109375 0.1109375
6 0.23125 0.35546875 0.215625 0.25546875
6 0.83828125 0.790625 0.2609375 0.23828125
6 0.46015625 0.90703125 0.2765625 0.1859375
6 0.175 0.07890625 0.25625 0.1578125
6 0.08515625 0.30234375 0.1703125 0.23984375
6 0.86484375 0.56875 0.23828125 0.2328125
6 0.4125 0.09296875 0.24375 0.1859375
6 0.721875 0.89296875 0.25078125 0.2140625
6 0.86171875 0.34375 0.2484375 0.2453125