4 0.51015625 0.50546875 0.45703125 0.453125
6 0.646875 0.30234375 0.23984375 0.19453125
6 0.63203125 0.02578125 0.2390625 0.0515625
6 0.97109375 0.2125 0.05703125 0.25078125
6 0.040625 0.64375 0.08125 0.228125
6 0.446875 0.09921875 0.2296875 0.1984375
6 0.0703125 0.1234375 0.140625 0.215625
6 0.78203125 0.38203125 0.23828125 0.259375
6 0.0703125 0.92734375 0.140625 0.1453125
6 0.9359375 0.42890625 0.128125 0.2265625
6 0.90703125 0.075 0.1859375 0.14921875
6 0.215625 0.06640625 0.2640625 0.13203125
6 0.19140625 0.475 0.2328125 0.23671875
6 0.11015625 0.3359375 0.2203125 0.240625
6 0.80703125 0.61796875 0.2328125 0.2453125
6 0.9078125 0.75703125 0.184375 0.22109375
6 0.5046875 0.93359375 0.246875 0.13203125
6 0.1875 0.690625 0.22265625 0.22578125
6 0.3078125 0.24375 0.23671875 0.25078125
6 0.63984375 0.8 0.27109375 0.20859375
6 0.79921875 0.9046875 0.2234375 0.190625
6 0.2859375 0.890625 0.2484375 0.21875