1 0.4625 0.5875 0.4140625 0.49296875
6 0.68671875 0.3484375 0.20546875 0.2
6 0.98125 0.559375 0.0375 0.246875
6 0.41640625 0.0453125 0.2625 0.090625
6 0.96796875 0.08203125 0.0640625 0.16328125
6 0.63203125 0.02109375 0.22421875 0.04140625
6 0.8234375 0.0484375 0.25 0.096875
6 0.8703125 0.1046875 0.25546875 0.2015625
3 0.1265625 0.503125 0.25234375 0.51640625
6 0.08359375 0.04921875 0.1671875 0.0984375
6 0.73984375 0.97890625 0.2765625 0.04140625
6 0.9484375 0.40859375 0.10234375 0.2640625
6 0.3984375 0.95859375 0.25625 0.0828125
6 0.640625 0.284375 0.259375 0.23828125
6 0.05703125 0.821875 0.1140625 0.259375
6 0.153125 0.95390625 0.29921875 0.0921875
6 0.11328125 0.17109375 0.22578125 0.24140625
6 0.2234375 0.81015625 0.26640625 0.2609375
6 0.33203125 0.09296875 0.2328125 0.1859375
6 0.74140625 0.48203125 0.2171875 0.25078125
6 0.4375 0.2046875 0.23125 0.23515625
6 0.89609375 0.709375 0.2078125 0.240625
6 0.8703125 0.22109375 0.259375 0.22578125
6 0.7640625 0.72265625 0.2484375 0.2484375
6 0.57109375 0.8953125 0.23515625 0.20859375
6 0.9015625 0.90703125 0.196875 0.1859375