6 0.34296875 0.01875 0.2765625 0.0375
6 0.69140625 0.01875 0.3390625 0.0375
6 0.98125 0.675 0.0375 0.259375
6 0.028125 0.1625 0.05546875 0.23125
6 0.10078125 0.040625 0.2015625 0.08125
6 0.07734375 0.95546875 0.1546875 0.0890625
6 0.0375 0.64765625 0.075 0.23515625
4 0.453125 0.46015625 0.46484375 0.45078125
6 0.92578125 0.03828125 0.14765625 0.0765625
6 0.62421875 0.9625 0.2640625 0.075
6 0.503125 0.7953125 0.23125 0.25234375
6 0.73671875 0.63671875 0.22109375 0.21875
6 0.70625 0.809375 0.26796875 0.26640625
6 0.90234375 0.83515625 0.19453125 0.30234375
6 0.2125 0.6484375 0.246875 0.20546875
6 0.15703125 0.87109375 0.25546875 0.25078125
6 0.8515625 0.17734375 0.2453125 0.2296875
6 0.3859375 0.9203125 0.225 0.159375
6 0.15078125 0.24140625 0.2484375 0.23671875
6 0.61015625 0.14453125 0.25703125 0.2296875
6 0.88046875 0.37734375 0.2390625 0.2234375