6 0.55390625 0.1671875 0.26953125 0.18125
6 0.29765625 0.02578125 0.4046875 0.0515625
6 0.16015625 0.32578125 0.28203125 0.40859375
6 0.52890625 0.9015625 0.36171875 0.196875
6 0.18203125 0.7296875 0.24140625 0.2765625
6 0.0390625 0.36953125 0.078125 0.37421875
6 0.96640625 0.28828125 0.0671875 0.2890625
6 0.396875 0.0375 0.3234375 0.075
6 0.2765625 0.090625 0.28515625 0.18125
6 0.971875 0.51796875 0.05546875 0.27109375
6 0.9265625 0.93828125 0.146875 0.1234375
6 0.91484375 0.8 0.1703125 0.309375
6 0.721875 0.8140625 0.3234375 0.34765625
6 0.8859375 0.26171875 0.228125 0.28671875
6 0.04296875 0.6875 0.08515625 0.3046875
6 0.07890625 0.08203125 0.1578125 0.1640625
3 0.55 0.50078125 0.6125 0.60078125
6 0.390625 0.79921875 0.2796875 0.2765625
6 0.2265625 0.9125 0.234375 0.175
6 0.88828125 0.06796875 0.2234375 0.1359375