6 0.93984375 0.0390625 0.1203125 0.078125
6 0.90078125 0.921875 0.1984375 0.15625
4 0.50546875 0.49921875 0.47109375 0.37578125
6 0.09765625 0.9453125 0.19453125 0.109375
6 0.846875 0.95546875 0.28515625 0.0890625
6 0.96171875 0.17890625 0.0765625 0.26796875
6 0.50703125 0.9703125 0.23125 0.059375
6 0.03515625 0.1015625 0.06953125 0.203125
6 0.1375 0.225 0.25703125 0.290625
6 0.4765625 0.059375 0.2296875 0.11796875
6 0.2046875 0.92734375 0.259375 0.1453125
6 0.0796875 0.41171875 0.159375 0.3015625
6 0.809375 0.32109375 0.2484375 0.29375
6 0.82578125 0.77109375 0.22578125 0.259375
6 0.15859375 0.74609375 0.278125 0.2609375
6 0.1890625 0.52734375 0.23125 0.2296875
6 0.3890625 0.85546875 0.2625 0.25078125
6 0.6578125 0.07109375 0.221875 0.1421875
6 0.60078125 0.22265625 0.23828125 0.20859375
6 0.871875 0.09296875 0.2484375 0.1859375
6 0.62578125 0.86015625 0.2640625 0.23828125
6 0.88203125 0.5609375 0.2359375 0.2375
6 0.36875 0.20859375 0.25390625 0.25390625