1 0.5296875 0.53515625 0.55625 0.5828125
6 0.46953125 0.01875 0.1734375 0.0375
6 0.07109375 0.0546875 0.1421875 0.109375
6 0.853125 0.159375 0.29375 0.2140625
6 0.0453125 0.828125 0.090625 0.2890625
6 0.09453125 0.24453125 0.1890625 0.2578125
6 0.8609375 0.36875 0.25703125 0.23671875
6 0.8984375 0.7546875 0.203125 0.2890625
6 0.215625 0.76171875 0.25390625 0.2609375
6 0.240625 0.11796875 0.240625 0.2359375
6 0.4078125 0.9296875 0.29765625 0.140625
6 0.65859375 0.88828125 0.2640625 0.2234375
6 0.140625 0.45703125 0.2609375 0.23984375
6 0.5671875 0.140625 0.26953125 0.2484375