3 0.49453125 0.52109375 0.5375 0.5046875
6 0.97578125 0.78203125 0.0484375 0.25234375
6 0.72734375 0.0203125 0.27109375 0.03984375
6 0.6625 0.96953125 0.275 0.0609375
6 0.4765625 0.05234375 0.23515625 0.1046875
6 0.0546875 0.05546875 0.109375 0.1109375
6 0.06953125 0.603125 0.1390625 0.20546875
6 0.94140625 0.17421875 0.11640625 0.28515625
6 0.29375 0.12734375 0.23671875 0.25390625
6 0.07265625 0.3828125 0.1453125 0.234375
6 0.17109375 0.2390625 0.2140625 0.22109375
6 0.07890625 0.8171875 0.1578125 0.234375
6 0.75703125 0.14375 0.23515625 0.20703125
6 0.40859375 0.9140625 0.25390625 0.171875
6 0.83828125 0.603125 0.24375 0.23671875
6 0.82265625 0.36171875 0.2328125 0.22578125
6 0.790625 0.8546875 0.2625 0.2171875