3 0.47578125 0.43671875 0.4953125 0.5828125
6 0.9796875 0.64765625 0.03984375 0.24140625
6 0.02734375 0.7828125 0.05390625 0.2328125
6 0.040625 0.115625 0.08125 0.225
6 0.15859375 0.62578125 0.23984375 0.2328125
6 0.42265625 0.79375 0.246875 0.2171875
6 0.1703125 0.82734375 0.2296875 0.2
6 0.7078125 0.078125 0.21875 0.15625
6 0.43203125 0.06953125 0.28359375 0.1390625
6 0.1859375 0.10546875 0.23671875 0.21015625
6 0.3203125 0.9265625 0.228125 0.146875
6 0.7859375 0.50859375 0.22578125 0.23125
6 0.69765625 0.71875 0.2328125 0.22109375
6 0.65234375 0.90703125 0.215625 0.1859375
6 0.078125 0.5375 0.15625 0.2609375
6 0.90625 0.3515625 0.1875 0.22265625
6 0.7390625 0.26796875 0.22578125 0.22578125
6 0.9125 0.88828125 0.175 0.2234375
6 0.896875 0.11796875 0.20625 0.2359375