6 0.684375 0.978125 0.26953125 0.04375
3 0.5359375 0.5171875 0.56640625 0.51484375
6 0.8609375 0.9265625 0.253125 0.146875
6 0.96015625 0.66953125 0.0796875 0.26796875
6 0.06484375 0.9453125 0.1296875 0.109375
6 0.16484375 0.03828125 0.25703125 0.0765625
6 0.4078125 0.8046875 0.34296875 0.22421875
6 0.4375 0.04765625 0.3078125 0.0953125
6 0.91875 0.18515625 0.16171875 0.26953125
6 0.07109375 0.184375 0.1421875 0.246875
6 0.8796875 0.0765625 0.23671875 0.153125
6 0.93203125 0.8984375 0.1359375 0.203125
6 0.53359375 0.91484375 0.27109375 0.1703125
6 0.0859375 0.8 0.171875 0.23671875
6 0.140625 0.496875 0.25078125 0.23125
6 0.23671875 0.91484375 0.25703125 0.1703125
6 0.71640625 0.18125 0.215625 0.2640625
6 0.80625 0.721875 0.2625 0.30234375
6 0.29375 0.14765625 0.26796875 0.25390625
6 0.8953125 0.44375 0.20859375 0.25390625