3 0.55703125 0.53203125 0.46640625 0.5109375
6 0.94140625 0.78359375 0.11640625 0.25546875
6 0.86640625 0.49921875 0.22578125 0.2890625
6 0.053125 0.69765625 0.10625 0.246875
6 0.91484375 0.315625 0.1703125 0.23515625
6 0.490625 0.87265625 0.25703125 0.2328125
6 0.228125 0.53515625 0.23671875 0.26953125
6 0.08203125 0.4 0.16328125 0.2640625
6 0.13359375 0.0984375 0.20546875 0.196875
6 0.27421875 0.290625 0.25234375 0.23984375
6 0.20078125 0.8203125 0.2625 0.26640625
6 0.73125 0.1296875 0.26640625 0.259375