3 0.93125 0.7828125 0.1375 0.40078125
6 0.0203125 0.36328125 0.03984375 0.2296875
3 0.58125 0.5 0.4328125 0.54375
6 0.06640625 0.4234375 0.13203125 0.29765625
6 0.83515625 0.959375 0.30625 0.078125
6 0.08671875 0.540625 0.1734375 0.2125
6 0.3515625 0.96953125 0.275 0.0609375
5 0.5546875 0.03515625 0.0765625 0.06953125
6 0.90703125 0.09375 0.1859375 0.184375
6 0.03828125 0.0859375 0.0765625 0.16875
6 0.71796875 0.04140625 0.2234375 0.0828125
6 0.0703125 0.1671875 0.140625 0.20546875
6 0.54375 0.14765625 0.2484375 0.25390625
6 0.0890625 0.95859375 0.178125 0.0828125
6 0.17578125 0.059375 0.23671875 0.11796875
6 0.93046875 0.46796875 0.1390625 0.25078125
6 0.78515625 0.88359375 0.24140625 0.22265625
6 0.73515625 0.18203125 0.22109375 0.21015625
6 0.16875 0.23125 0.23984375 0.22265625
6 0.2671875 0.378125 0.23828125 0.228125
6 0.91171875 0.2546875 0.1765625 0.225
6 0.2640625 0.6125 0.22578125 0.23671875
6 0.0875 0.6609375 0.175 0.2375
6 0.375 0.08125 0.22109375 0.16171875
6 0.51015625 0.8640625 0.2765625 0.246875
6 0.1765625 0.83359375 0.26953125 0.23125