6 0.83671875 0.01484375 0.22578125 0.0296875
6 0.09140625 0.9796875 0.17890625 0.03984375
6 0.88828125 0.38046875 0.2234375 0.2296875
6 0.028125 0.58359375 0.05546875 0.21875
6 0.928125 0.61328125 0.140625 0.28359375
6 0.40078125 0.853125 0.27265625 0.28671875
6 0.13671875 0.084375 0.27265625 0.16875
2 0.52109375 0.5046875 0.37734375 0.36171875
6 0.65859375 0.090625 0.2765625 0.18125
6 0.2 0.56015625 0.2921875 0.2609375
6 0.79375 0.53125 0.22109375 0.30078125
6 0.409375 0.23515625 0.259375 0.23671875
6 0.64140625 0.7984375 0.27109375 0.2890625
6 0.8734375 0.88046875 0.253125 0.2390625
6 0.1453125 0.31640625 0.290625 0.275
6 0.13359375 0.83515625 0.2671875 0.2671875
6 0.86953125 0.1828125 0.25703125 0.2609375