6 0.51484375 0.015625 0.2328125 0.03125
6 0.93828125 0.15859375 0.1203125 0.30625
6 0.971875 0.58359375 0.05546875 0.325
3 0.5 0.4921875 0.534375 0.56875
6 0.90625 0.45703125 0.1875 0.25703125
6 0.071875 0.5625 0.14375 0.271875
6 0.88359375 0.20625 0.22578125 0.23828125
6 0.6625 0.1484375 0.2640625 0.24140625
6 0.72890625 0.76328125 0.30234375 0.246875
6 0.815625 0.93125 0.246875 0.1375
6 0.153125 0.27421875 0.25390625 0.259375
6 0.48359375 0.8921875 0.22578125 0.2125
6 0.11796875 0.07890625 0.2359375 0.1578125
6 0.17421875 0.87421875 0.2765625 0.2515625