6 0.8921875 0.01640625 0.1625 0.0328125
6 0.46875 0.06640625 0.43984375 0.12890625
6 0.96640625 0.17421875 0.0671875 0.2609375
6 0.0234375 0.91171875 0.046875 0.1765625
6 0.178125 0.328125 0.26953125 0.37734375
6 0.03671875 0.2328125 0.07265625 0.2640625
6 0.603125 0.046875 0.23671875 0.09375
6 0.86015625 0.5609375 0.2796875 0.2796875
6 0.92421875 0.96875 0.1515625 0.0625
6 0.88828125 0.32421875 0.2234375 0.2796875
6 0.046875 0.53046875 0.09375 0.2953125
6 0.19765625 0.7828125 0.24140625 0.309375
3 0.4890625 0.49765625 0.5453125 0.58984375
6 0.1921875 0.9703125 0.29375 0.059375
6 0.07109375 0.728125 0.1421875 0.271875
6 0.66171875 0.76328125 0.29765625 0.246875
6 0.13203125 0.0828125 0.2640625 0.16484375
6 0.88359375 0.80703125 0.2328125 0.25078125
6 0.78671875 0.1328125 0.259375 0.2171875
6 0.390625 0.8078125 0.23984375 0.22890625