3 0.48671875 0.54296875 0.52265625 0.6078125
6 0.978125 0.53203125 0.04375 0.25703125
6 0.74765625 0.96796875 0.25078125 0.0640625
6 0.96640625 0.18828125 0.0671875 0.2703125
6 0.053125 0.2703125 0.10625 0.2453125
6 0.0671875 0.6640625 0.13359375 0.246875
6 0.94453125 0.8515625 0.1109375 0.2453125
6 0.15625 0.5140625 0.22578125 0.25234375
6 0.359375 0.9421875 0.278125 0.115625
6 0.88203125 0.0625 0.2328125 0.125
6 0.22578125 0.23671875 0.2640625 0.275
6 0.753125 0.82734375 0.246875 0.2453125
6 0.82734375 0.32265625 0.25546875 0.2796875
6 0.1546875 0.88125 0.22265625 0.23125
6 0.5890625 0.13828125 0.290625 0.2625