4 0.47109375 0.52578125 0.48828125 0.45078125
6 0.4390625 0.02265625 0.25546875 0.0453125
6 0.0234375 0.16953125 0.046875 0.228125
6 0.96328125 0.684375 0.07265625 0.25546875
6 0.58203125 0.94921875 0.23828125 0.10078125
6 0.71484375 0.97265625 0.25078125 0.05390625
6 0.82109375 0.02890625 0.28515625 0.05703125
6 0.1015625 0.971875 0.203125 0.05546875
6 0.81328125 0.49921875 0.24140625 0.21875
6 0.8640625 0.1671875 0.23671875 0.25390625
6 0.93984375 0.1609375 0.1203125 0.22109375
6 0.20234375 0.7125 0.23828125 0.2453125
6 0.6296875 0.12578125 0.24375 0.2515625
6 0.94453125 0.4390625 0.1109375 0.23515625
6 0.50625 0.0859375 0.215625 0.171875
6 0.0828125 0.5921875 0.16484375 0.2171875
6 0.16328125 0.84296875 0.23671875 0.228125
6 0.61015625 0.8046875 0.24375 0.22109375
6 0.09921875 0.3765625 0.1984375 0.2171875
6 0.17265625 0.07578125 0.2484375 0.1515625
6 0.89296875 0.86484375 0.2140625 0.246875
6 0.26953125 0.24453125 0.23671875 0.22109375
6 0.81640625 0.65390625 0.25234375 0.2328125