6 0.77890625 0.0296875 0.2609375 0.059375
6 0.1078125 0.54921875 0.215625 0.28203125
6 0.971875 0.1140625 0.05546875 0.22421875
6 0.31796875 0.12421875 0.309375 0.2484375
6 0.08203125 0.36875 0.16328125 0.2640625
1 0.48984375 0.5 0.36484375 0.4328125
6 0.8125 0.1890625 0.340625 0.30078125
6 0.9484375 0.83359375 0.10234375 0.2484375
6 0.2390625 0.275 0.23125 0.28515625
6 0.81015625 0.5484375 0.29921875 0.31484375
6 0.71015625 0.88046875 0.24609375 0.2390625
6 0.59375 0.1296875 0.2765625 0.259375
6 0.3625 0.91875 0.22421875 0.16171875
6 0.784375 0.84375 0.246875 0.23203125