6 0.0140625 0.253125 0.028125 0.26640625
3 0.49375 0.54609375 0.5921875 0.553125
6 0.97578125 0.06171875 0.0484375 0.1234375
6 0.75859375 0.97421875 0.2734375 0.0515625
6 0.20546875 0.81328125 0.24375 0.2484375
6 0.96171875 0.38671875 0.0765625 0.259375
6 0.0484375 0.890625 0.096875 0.21875
6 0.3609375 0.0640625 0.253125 0.128125
6 0.121875 0.0640625 0.2375 0.128125
6 0.871875 0.59140625 0.25234375 0.29921875
6 0.30546875 0.88515625 0.23515625 0.2296875
6 0.72265625 0.853125 0.2796875 0.27265625
6 0.921875 0.709375 0.15625 0.30625
6 0.18671875 0.3671875 0.2484375 0.25390625
6 0.13046875 0.17890625 0.215625 0.2015625
6 0.47265625 0.175 0.2921875 0.23828125
6 0.10546875 0.5484375 0.21015625 0.23828125
6 0.7140625 0.06953125 0.21015625 0.1390625
6 0.8109375 0.32109375 0.22421875 0.24140625