6 0.0171875 0.03203125 0.034375 0.0640625
6 0.98203125 0.11953125 0.0359375 0.2390625
6 0.0140625 0.9203125 0.028125 0.15625
6 0.28671875 0.98359375 0.22578125 0.0328125
6 0.34375 0.69375 0.23515625 0.20546875
6 0.53203125 0.0203125 0.23671875 0.03984375
6 0.43203125 0.78203125 0.2453125 0.26953125
2 0.4984375 0.4875 0.32890625 0.3109375
6 0.25703125 0.871875 0.17734375 0.25546875
6 0.9328125 0.26953125 0.13359375 0.246875
6 0.82734375 0.05078125 0.259375 0.10078125
6 0.04296875 0.4125 0.08515625 0.2921875
6 0.6078125 0.821875 0.2171875 0.2140625
6 0.48515625 0.94765625 0.24375 0.1046875
6 0.05546875 0.16484375 0.1109375 0.23671875
6 0.1015625 0.93125 0.203125 0.1375
6 0.1828125 0.05703125 0.240625 0.1140625
6 0.55703125 0.13359375 0.2453125 0.22265625
6 0.7859375 0.2765625 0.2328125 0.2921875
6 0.87265625 0.5453125 0.246875 0.20703125
6 0.10625 0.72734375 0.2125 0.23671875
6 0.784375 0.90703125 0.26796875 0.1859375
6 0.89375 0.75078125 0.2125 0.23125
6 0.328125 0.15859375 0.2453125 0.23984375