6 0.01796875 0.6078125 0.0359375 0.259375
6 0.08515625 0.93046875 0.1703125 0.1359375
3 0.5296875 0.51484375 0.48046875 0.6796875
6 0.084375 0.5828125 0.16875 0.25390625
6 0.42421875 0.8953125 0.22265625 0.20859375
6 0.06796875 0.2546875 0.1359375 0.2453125
6 0.090625 0.80859375 0.18125 0.24375
6 0.28671875 0.75078125 0.22578125 0.23828125
6 0.93046875 0.06328125 0.1390625 0.1265625
6 0.88125 0.890625 0.2375 0.21875
6 0.93046875 0.56796875 0.1390625 0.22421875
6 0.86796875 0.36953125 0.21875 0.2171875
6 0.20078125 0.4203125 0.22109375 0.22421875
6 0.73125 0.13125 0.2140625 0.2140625
6 0.790625 0.7296875 0.22421875 0.25234375