6 0.50078125 0.50078125 0.34765625 0.340625
2 0.50234375 0.50078125 0.3515625 0.340625
5 0.05546875 0.2625 0.09375 0.08671875
5 0.7625 0.240625 0.13046875 0.14453125
6 0.109375 0.9578125 0.21875 0.084375
6 0.05546875 0.80234375 0.1109375 0.2453125
6 0.0296875 0.6078125 0.059375 0.23828125
6 0.97734375 0.371875 0.0453125 0.28203125
6 0.65703125 0.79140625 0.246875 0.22578125
6 0.04140625 0.39453125 0.0828125 0.2640625
6 0.77734375 0.92578125 0.2328125 0.14765625
6 0.87578125 0.89140625 0.22109375 0.2171875
6 0.578125 0.94609375 0.2796875 0.1078125
6 0.70625 0.703125 0.23671875 0.21015625
6 0.21015625 0.36796875 0.275 0.34609375
6 0.27578125 0.09765625 0.25546875 0.19453125
6 0.88046875 0.11484375 0.2390625 0.2265625
6 0.53203125 0.12890625 0.27109375 0.25390625
5 0.08046875 0.54375 0.115625 0.1046875