3 0.49921875 0.47890625 0.54609375 0.55390625
6 0.02109375 0.4609375 0.04140625 0.25703125
6 0.6546875 0.96640625 0.275 0.0671875
6 0.0640625 0.82265625 0.128125 0.2734375
6 0.57890625 0.12421875 0.27109375 0.2484375
6 0.77265625 0.1890625 0.2625 0.228125
6 0.1625 0.93359375 0.25546875 0.13203125
6 0.86484375 0.3546875 0.26953125 0.24375
6 0.109375 0.6125 0.21875 0.2296875
6 0.1640625 0.39140625 0.2453125 0.2296875
6 0.3546875 0.8625 0.275 0.27109375
6 0.340625 0.12734375 0.246875 0.25390625
6 0.1078125 0.18515625 0.215625 0.2484375
6 0.8703125 0.59453125 0.259375 0.23828125