1 0.52109375 0.53046875 0.45078125 0.49453125
6 0.0234375 0.678125 0.046875 0.24375
6 0.65546875 0.03671875 0.24375 0.07265625
6 0.03515625 0.4203125 0.06953125 0.26953125
6 0.2484375 0.10234375 0.25625 0.2046875
6 0.0609375 0.178125 0.121875 0.26640625
6 0.41796875 0.06015625 0.25546875 0.1203125
6 0.09765625 0.64375 0.19453125 0.246875
6 0.39140625 0.25390625 0.30234375 0.25703125
6 0.2 0.54453125 0.2328125 0.28203125
6 0.878125 0.6203125 0.24375 0.25546875
6 0.278125 0.91953125 0.240625 0.1609375
6 0.084375 0.884375 0.16875 0.23125
6 0.6921875 0.86328125 0.30234375 0.26953125