6 0.321875 0.8625 0.2890625 0.2640625
6 0.86640625 0.7953125 0.246875 0.29375
4 0.5078125 0.51171875 0.35625 0.58515625
6 0.9109375 0.72890625 0.17734375 0.25703125
5 0.78203125 0.2609375 0.109375 0.10078125
6 0.73359375 0.05625 0.2296875 0.1125
6 0.09296875 0.9265625 0.1859375 0.146875
6 0.10234375 0.83203125 0.2046875 0.2609375
6 0.05625 0.0859375 0.1125 0.171875
6 0.35859375 0.925 0.2921875 0.14609375
6 0.91015625 0.07890625 0.1765625 0.1578125
6 0.0984375 0.5796875 0.196875 0.27265625
6 0.78125 0.54765625 0.25703125 0.31328125
6 0.90546875 0.33515625 0.1859375 0.2796875
6 0.11796875 0.328125 0.2359375 0.26875
6 0.51328125 0.1125 0.30625 0.22421875
6 0.2421875 0.13359375 0.284375 0.2671875
6 0.615625 0.86875 0.278125 0.2625
5 0.21796875 0.696875 0.1078125 0.11171875