6 0.9078125 0.5296875 0.184375 0.26953125
6 0.21640625 0.61015625 0.23828125 0.25078125
6 0.9796875 0.421875 0.03984375 0.2625
6 0.85703125 0.98515625 0.23984375 0.0296875
6 0.96328125 0.80234375 0.07265625 0.23515625
3 0.54921875 0.465625 0.5890625 0.503125
6 0.240625 0.04140625 0.21875 0.0828125
6 0.83984375 0.33203125 0.2296875 0.2328125
6 0.63828125 0.0828125 0.26796875 0.16484375
6 0.0640625 0.60546875 0.128125 0.2484375
6 0.84140625 0.68125 0.25703125 0.23828125
6 0.940625 0.175 0.11796875 0.2765625
6 0.3453125 0.7921875 0.2765625 0.2484375
6 0.55703125 0.81328125 0.25234375 0.24140625
6 0.26875 0.2296875 0.21015625 0.23671875
6 0.16875 0.39296875 0.2609375 0.2296875
6 0.4375 0.10625 0.23515625 0.2125
6 0.72265625 0.9015625 0.22421875 0.196875