4 0.5015625 0.48984375 0.48359375 0.50703125
6 0.02265625 0.5171875 0.0453125 0.23125
6 0.29453125 0.03359375 0.2703125 0.0671875
6 0.59296875 0.96171875 0.25703125 0.0765625
6 0.89609375 0.9546875 0.2078125 0.090625
6 0.07734375 0.29921875 0.1546875 0.26796875
6 0.9171875 0.31328125 0.16484375 0.2328125
6 0.78359375 0.42109375 0.23828125 0.33046875
6 0.075 0.8015625 0.14921875 0.2640625
6 0.08359375 0.078125 0.1671875 0.15625
6 0.20859375 0.92578125 0.24375 0.14765625
6 0.32109375 0.78125 0.3046875 0.27109375
6 0.23125 0.1796875 0.24375 0.259375