6 0.05546875 0.70859375 0.1109375 0.2796875
6 0.871875 0.0328125 0.25234375 0.0625
3 0.5078125 0.4875 0.58671875 0.521875
6 0.3046875 0.74765625 0.29921875 0.2890625
6 0.06640625 0.578125 0.13203125 0.3078125
6 0.06796875 0.02109375 0.1359375 0.04140625
6 0.21796875 0.0453125 0.22421875 0.090625
6 0.97734375 0.2609375 0.0453125 0.27109375
6 0.23671875 0.240625 0.2640625 0.29375
6 0.07109375 0.92421875 0.1421875 0.1515625
6 0.4984375 0.17109375 0.290625 0.228125
6 0.096875 0.19375 0.19296875 0.23828125
6 0.77421875 0.95859375 0.3109375 0.0828125
6 0.81796875 0.76328125 0.2765625 0.3234375
6 0.87734375 0.08515625 0.2453125 0.1703125
6 0.38515625 0.0796875 0.2921875 0.159375
6 0.878125 0.353125 0.23984375 0.24375
6 0.51171875 0.91171875 0.2671875 0.1765625