6 0.515625 0.0171875 0.240625 0.034375
6 0.67421875 0.96171875 0.2484375 0.0765625
6 0.94453125 0.7390625 0.1109375 0.25078125
2 0.50546875 0.50859375 0.36328125 0.325
6 0.7375 0.05390625 0.28203125 0.1078125
6 0.9125 0.48984375 0.175 0.2296875
6 0.32265625 0.715625 0.24140625 0.23515625
6 0.54765625 0.22578125 0.2640625 0.23671875
6 0.1140625 0.63359375 0.228125 0.27265625
6 0.09375 0.08125 0.1875 0.16171875
6 0.0828125 0.38515625 0.16484375 0.259375
6 0.7078125 0.79140625 0.25078125 0.24375
6 0.88359375 0.91015625 0.2328125 0.17890625
6 0.83046875 0.215625 0.26953125 0.25078125
6 0.22890625 0.91171875 0.2484375 0.1765625
6 0.33515625 0.13046875 0.24140625 0.2609375