6 0.77890625 0.01484375 0.25078125 0.0296875
6 0.78984375 0.015625 0.2296875 0.03125
6 0.971875 0.5203125 0.05546875 0.23984375
1 0.446875 0.5 0.46171875 0.44921875
6 0.58046875 0.07109375 0.2078125 0.1421875
6 0.6109375 0.784375 0.2171875 0.25390625
6 0.39921875 0.82890625 0.259375 0.23828125
6 0.23046875 0.74296875 0.23125 0.20859375
6 0.71640625 0.6171875 0.2125 0.246875
6 0.94140625 0.27734375 0.11640625 0.26640625
6 0.57890625 0.1859375 0.25390625 0.22578125
6 0.35390625 0.07109375 0.2578125 0.1421875
6 0.89921875 0.6546875 0.1984375 0.2484375
6 0.1296875 0.90859375 0.24140625 0.1828125
6 0.1203125 0.09140625 0.23671875 0.1828125
6 0.76875 0.9015625 0.2609375 0.196875