1 0.55 0.546875 0.5078125 0.5984375
1 0.02421875 0.35390625 0.0484375 0.1890625
6 0.96484375 0.03984375 0.06953125 0.0796875
1 0.659375 0.940625 0.44375 0.11796875
6 0.9546875 0.88984375 0.090625 0.2140625
6 0.0328125 0.83125 0.065625 0.325
6 0.74609375 0.0375 0.2890625 0.075
6 0.50625 0.071875 0.25625 0.14375
6 0.0453125 0.0828125 0.090625 0.16484375
6 0.56328125 0.14296875 0.24375 0.26796875
6 0.22421875 0.05625 0.3078125 0.1125
6 0.1859375 0.740625 0.309375 0.278125
6 0.93359375 0.4015625 0.13203125 0.31640625
6 0.2203125 0.4625 0.27265625 0.2890625
6 0.8171875 0.209375 0.275 0.29375
6 0.35078125 0.9109375 0.2625 0.17734375
6 0.09375 0.6140625 0.1875 0.246875
6 0.33125 0.2375 0.28671875 0.26953125