1 0.484375 0.44453125 0.48203125 0.54921875
6 0.4828125 0.86484375 0.27265625 0.25234375
6 0.03984375 0.040625 0.0796875 0.08125
6 0.7171875 0.98125 0.253125 0.0375
6 0.97890625 0.81484375 0.04140625 0.23515625
6 0.95234375 0.88125 0.0953125 0.2375
6 0.7515625 0.06015625 0.25078125 0.1203125
6 0.4046875 0.83203125 0.2453125 0.28359375
6 0.77421875 0.11640625 0.27109375 0.2296875
6 0.94921875 0.5671875 0.10078125 0.2640625
6 0.9265625 0.271875 0.146875 0.25625
6 0.9453125 0.0796875 0.109375 0.159375
6 0.83828125 0.41640625 0.2640625 0.25234375
6 0.496875 0.084375 0.26953125 0.16875
6 0.09375 0.628125 0.1875 0.2296875
6 0.72890625 0.784375 0.27109375 0.2640625
6 0.16875 0.85859375 0.25078125 0.26953125