6 0.546875 0.98671875 0.29765625 0.02578125
3 0.5046875 0.47734375 0.54921875 0.45390625
6 0.9796875 0.75546875 0.03984375 0.26953125
6 0.7984375 0.96796875 0.246875 0.0640625
6 0.03828125 0.209375 0.0765625 0.2625
6 0.9359375 0.93046875 0.128125 0.1390625
6 0.87578125 0.62734375 0.2484375 0.23125
6 0.07265625 0.63671875 0.1453125 0.2515625
6 0.28515625 0.121875 0.309375 0.24375
6 0.75625 0.83671875 0.275 0.2296875
6 0.90625 0.4125 0.1875 0.25703125
6 0.2203125 0.7671875 0.325 0.215625
6 0.47265625 0.86953125 0.28203125 0.25390625