6 0.1921875 0.221875 0.23125 0.23515625
6 0.784375 0.4375 0.24375 0.27265625
6 0.12734375 0.596875 0.25078125 0.28203125
6 0.61015625 0.0328125 0.2234375 0.065625
1 0.41953125 0.50625 0.56640625 0.55546875
6 0.7625 0.303125 0.20703125 0.27265625
6 0.69921875 0.0890625 0.2609375 0.17734375
6 0.1140625 0.184375 0.228125 0.25078125
6 0.47265625 0.8140625 0.26796875 0.2890625
6 0.2203125 0.95 0.26875 0.1
6 0.91953125 0.30078125 0.1609375 0.2921875
6 0.9 0.671875 0.2 0.23125
6 0.0953125 0.8171875 0.190625 0.2125
6 0.9265625 0.89296875 0.146875 0.2140625
6 0.7296875 0.88515625 0.259375 0.2296875