6 0.0328125 0.04921875 0.065625 0.0984375
4 0.5296875 0.4734375 0.43828125 0.459375
6 0.01875 0.521875 0.0375 0.275
6 0.0171875 0.89140625 0.034375 0.2171875
6 0.934375 0.696875 0.13125 0.25625
6 0.7640625 0.028125 0.25546875 0.05546875
6 0.36328125 0.95 0.2984375 0.1
6 0.07421875 0.20859375 0.14765625 0.2640625
6 0.54140625 0.05390625 0.23515625 0.1078125
6 0.6796875 0.1765625 0.25390625 0.259375
6 0.74296875 0.82265625 0.25703125 0.28515625
6 0.82734375 0.290625 0.290625 0.26796875
6 0.1375 0.41875 0.275 0.2640625
6 0.57578125 0.90234375 0.27109375 0.19453125
6 0.8625 0.5203125 0.27109375 0.24375
6 0.36875 0.19140625 0.2890625 0.25078125
6 0.9140625 0.8953125 0.171875 0.20859375
6 0.2671875 0.70625 0.28359375 0.2328125
6 0.18359375 0.10546875 0.2796875 0.21015625