6 0.97109375 0.88984375 0.05703125 0.2171875
4 0.47890625 0.546875 0.5328125 0.5296875
6 0.78828125 0.98125 0.2203125 0.0375
6 0.96796875 0.45390625 0.0640625 0.2328125
6 0.05859375 0.15234375 0.11640625 0.26953125
6 0.54765625 0.95703125 0.25390625 0.08515625
6 0.95234375 0.6609375 0.0953125 0.26796875
6 0.2015625 0.91015625 0.2640625 0.17890625
6 0.81015625 0.06328125 0.2734375 0.1265625
6 0.08203125 0.66953125 0.16328125 0.2609375
6 0.821875 0.8015625 0.2484375 0.24375
6 0.2359375 0.1328125 0.290625 0.2625
6 0.9171875 0.228125 0.16484375 0.26796875
6 0.83125 0.54140625 0.25390625 0.26640625
6 0.7140625 0.21796875 0.2765625 0.259375