6 0.971875 0.01875 0.053125 0.0375
6 0.18046875 0.01875 0.2828125 0.0375
6 0.98515625 0.63984375 0.0296875 0.25390625
6 0.98125 0.3671875 0.0375 0.24375
1 0.06328125 0.309375 0.1265625 0.4375
6 0.071875 0.9640625 0.14375 0.06875
6 0.24375 0.95234375 0.23984375 0.0953125
6 0.15234375 0.5203125 0.23515625 0.2296875
6 0.56328125 0.05078125 0.22578125 0.10078125
1 0.48671875 0.50390625 0.44921875 0.47734375
6 0.16171875 0.63359375 0.24375 0.259375
6 0.93984375 0.140625 0.1203125 0.215625
6 0.80078125 0.059375 0.25234375 0.11796875
6 0.225 0.28984375 0.228125 0.22421875
6 0.2015625 0.0921875 0.2640625 0.184375
6 0.82890625 0.303125 0.23125 0.2140625
6 0.37734375 0.8484375 0.28515625 0.2640625
6 0.8453125 0.5375 0.246875 0.246875