6 0.91953125 0.9203125 0.1609375 0.15625
3 0.46640625 0.48125 0.571875 0.46796875
6 0.978125 0.09375 0.04375 0.184375
6 0.9125 0.84609375 0.175 0.2671875
6 0.72890625 0.72734375 0.2640625 0.23984375
6 0.03203125 0.0765625 0.0640625 0.153125
6 0.6125 0.778125 0.23984375 0.228125
6 0.86953125 0.05078125 0.25390625 0.10078125
6 0.94296875 0.4265625 0.1140625 0.240625
6 0.35078125 0.93984375 0.23125 0.1203125
6 0.3203125 0.203125 0.23984375 0.23984375
6 0.65078125 0.93125 0.2125 0.1375
6 0.06171875 0.64375 0.1234375 0.2640625
6 0.42109375 0.07109375 0.2359375 0.1421875
6 0.11875 0.940625 0.2375 0.115625
6 0.39140625 0.7671875 0.2609375 0.27109375
6 0.2078125 0.58125 0.23125 0.23671875
6 0.91484375 0.63125 0.1703125 0.20546875
6 0.21015625 0.80234375 0.21875 0.2453125
6 0.0984375 0.4171875 0.196875 0.2328125
6 0.8890625 0.209375 0.221875 0.246875
6 0.63984375 0.09453125 0.2484375 0.1890625
6 0.146875 0.13984375 0.25234375 0.26953125