6 0.01640625 0.19765625 0.0328125 0.23828125
3 0.53203125 0.4453125 0.41015625 0.76171875
6 0.0921875 0.96484375 0.184375 0.06953125
6 0.96640625 0.57421875 0.0671875 0.2640625
6 0.9625 0.31796875 0.075 0.25390625
6 0.04921875 0.5671875 0.0984375 0.275
6 0.88046875 0.95390625 0.2390625 0.0921875
6 0.64609375 0.73828125 0.22109375 0.23515625
6 0.91640625 0.0625 0.1671875 0.125
6 0.61015625 0.9265625 0.2765625 0.146875
6 0.190625 0.421875 0.28671875 0.29375
6 0.8140625 0.23359375 0.2328125 0.2796875
6 0.16015625 0.12421875 0.2953125 0.2484375
6 0.86484375 0.68984375 0.26640625 0.3046875
6 0.33203125 0.88046875 0.2921875 0.2390625