6 0.31953125 0.08671875 0.2390625 0.1734375
6 0.55625 0.015625 0.22265625 0.03125
3 0.503125 0.4765625 0.47421875 0.54296875
6 0.9546875 0.07421875 0.090625 0.14765625
6 0.03828125 0.47265625 0.0765625 0.25390625
6 0.928125 0.4515625 0.14375 0.221875
6 0.90078125 0.5671875 0.1984375 0.2296875
6 0.2109375 0.06328125 0.259375 0.1265625
6 0.046875 0.76953125 0.09375 0.2484375
6 0.05078125 0.05703125 0.1015625 0.1140625
6 0.4203125 0.11796875 0.225 0.2359375
6 0.89296875 0.04296875 0.2140625 0.08515625
6 0.7140625 0.8015625 0.2140625 0.20859375
6 0.83671875 0.71015625 0.2328125 0.23125
6 0.70859375 0.946875 0.228125 0.10625
6 0.77578125 0.428125 0.215625 0.2640625
6 0.0796875 0.2671875 0.159375 0.23125
6 0.1 0.6703125 0.2 0.25234375
6 0.90078125 0.94296875 0.1984375 0.1140625
6 0.82890625 0.171875 0.24140625 0.2296875
6 0.61875 0.1328125 0.20546875 0.24140625
6 0.1109375 0.91171875 0.221875 0.1765625
6 0.2828125 0.7625 0.259375 0.25234375
6 0.521875 0.8390625 0.25390625 0.259375
5 0.9609375 0.25625 0.078125 0.09921875