6 0.0953125 0.01484375 0.1875 0.0296875
4 0.50859375 0.5296875 0.4453125 0.403125
6 0.7359375 0.98515625 0.25078125 0.0296875
6 0.21328125 0.96640625 0.2234375 0.0671875
6 0.0484375 0.42890625 0.096875 0.2671875
6 0.05390625 0.78515625 0.1078125 0.25546875
6 0.53125 0.075 0.23515625 0.14921875
6 0.39765625 0.825 0.23515625 0.23125
6 0.93125 0.2171875 0.1375 0.23984375
6 0.2171875 0.34921875 0.22578125 0.24375
6 0.67734375 0.75703125 0.24140625 0.21015625
6 0.84296875 0.39921875 0.25234375 0.24140625
6 0.753125 0.11328125 0.22578125 0.22578125
6 0.525 0.91015625 0.2296875 0.17890625
6 0.90078125 0.75546875 0.1984375 0.24140625
6 0.20546875 0.70859375 0.215625 0.2484375