6 0.9796875 0.9546875 0.03984375 0.090625
6 0.98046875 0.29453125 0.0390625 0.2578125
4 0.52890625 0.5078125 0.45234375 0.459375
6 0.0453125 0.503125 0.090625 0.2765625
6 0.3390625 0.97734375 0.25078125 0.0453125
6 0.584375 0.9578125 0.225 0.084375
6 0.84609375 0.83203125 0.24140625 0.2484375
6 0.87265625 0.90703125 0.21875 0.1828125
6 0.953125 0.66171875 0.09375 0.27265625
6 0.11953125 0.94296875 0.2390625 0.1140625
6 0.21328125 0.55234375 0.23125 0.259375
6 0.24140625 0.2984375 0.24375 0.23515625
6 0.87265625 0.07421875 0.25390625 0.14765625
6 0.10078125 0.77421875 0.2015625 0.26796875
6 0.10546875 0.12890625 0.21015625 0.25703125
6 0.46796875 0.853125 0.2640625 0.228125
6 0.29375 0.70703125 0.246875 0.23125
6 0.6015625 0.125 0.253125 0.25
6 0.83125 0.58359375 0.23671875 0.26953125
6 0.8203125 0.26796875 0.259375 0.26796875