6 0.3875 0.01328125 0.23671875 0.02578125
6 0.6546875 0.0109375 0.23125 0.021875
6 0.97421875 0.55078125 0.0515625 0.2484375
6 0.028125 0.525 0.05546875 0.246875
6 0.95859375 0.16328125 0.0828125 0.2609375
6 0.2359375 0.671875 0.30078125 0.28359375
2 0.50625 0.45390625 0.4296875 0.45859375
6 0.64140625 0.96171875 0.2609375 0.0765625
6 0.0703125 0.9171875 0.140625 0.16484375
6 0.81875 0.51328125 0.23984375 0.22265625
6 0.86015625 0.9359375 0.2234375 0.128125
6 0.32578125 0.24921875 0.27265625 0.228125
6 0.278125 0.07109375 0.265625 0.1421875
6 0.4171875 0.8921875 0.23671875 0.2125
6 0.59921875 0.18515625 0.26640625 0.259375
6 0.8828125 0.32109375 0.23125 0.2625
6 0.6515625 0.72421875 0.22109375 0.23515625
6 0.1046875 0.7390625 0.20859375 0.246875
6 0.08203125 0.2890625 0.16328125 0.2609375