6 0.03828125 0.94921875 0.0765625 0.10078125
3 0.4546875 0.5171875 0.715625 0.56328125
6 0.03828125 0.3203125 0.0765625 0.30625
6 0.79375 0.3484375 0.22109375 0.32890625
6 0.0890625 0.81015625 0.17734375 0.27109375
6 0.178125 0.67265625 0.25546875 0.3203125
6 0.796875 0.059375 0.25703125 0.11796875
6 0.9359375 0.34765625 0.128125 0.2671875
6 0.93125 0.10859375 0.1375 0.2171875
6 0.20703125 0.9359375 0.2890625 0.128125
6 0.609375 0.14375 0.2484375 0.228125
6 0.90234375 0.62421875 0.19453125 0.30234375
6 0.93203125 0.8671875 0.1359375 0.25234375
6 0.09140625 0.11328125 0.1828125 0.22578125
6 0.57265625 0.92421875 0.3078125 0.1515625
6 0.3453125 0.17734375 0.290625 0.246875
6 0.703125 0.81328125 0.2765625 0.23125