6 0.03984375 0.103125 0.0796875 0.20625
6 0.69375 0.04921875 0.315625 0.0984375
6 0.9171875 0.04140625 0.1625 0.0828125
6 0.9578125 0.91015625 0.084375 0.1765625
6 0.4125 0.053125 0.28515625 0.10625
2 0.53984375 0.5359375 0.471875 0.55625
6 0.0671875 0.42265625 0.13359375 0.3375
6 0.73203125 0.19296875 0.31328125 0.25390625
6 0.415625 0.7890625 0.2890625 0.259375
6 0.36953125 0.25234375 0.28359375 0.30234375
6 0.74296875 0.70703125 0.23984375 0.3078125
6 0.62734375 0.915625 0.31796875 0.16875
6 0.15546875 0.15234375 0.2765625 0.28359375
6 0.890625 0.5875 0.21875 0.2953125
6 0.2203125 0.5890625 0.25546875 0.28671875