6 0.11015625 0.009375 0.21015625 0.01875
4 0.4953125 0.53984375 0.34296875 0.3515625
6 0.946875 0.51484375 0.10625 0.25703125
6 0.896875 0.08125 0.20625 0.1625
6 0.50703125 0.04296875 0.203125 0.08515625
6 0.29921875 0.95703125 0.25390625 0.08515625
6 0.91640625 0.57578125 0.1671875 0.28515625
6 0.0421875 0.928125 0.084375 0.14375
6 0.175 0.503125 0.31796875 0.3078125
6 0.54609375 0.14375 0.25390625 0.23515625
6 0.0328125 0.76796875 0.065625 0.2578125
6 0.3109375 0.04609375 0.23671875 0.0921875
6 0.96953125 0.89375 0.0609375 0.2125
6 0.5234375 0.27734375 0.21875 0.2171875
6 0.0625 0.10703125 0.125 0.2140625
6 0.93046875 0.2171875 0.1390625 0.25078125
6 0.70234375 0.93828125 0.24375 0.1234375
6 0.1890625 0.90703125 0.23828125 0.1859375
6 0.67578125 0.74453125 0.28671875 0.28203125
6 0.7484375 0.1859375 0.2484375 0.246875
6 0.77109375 0.42734375 0.25234375 0.2484375
6 0.4375 0.82890625 0.228125 0.2453125
6 0.2140625 0.203125 0.246875 0.21875