6 0.184375 0.78671875 0.2921875 0.18984375
6 0.25546875 0.02109375 0.2921875 0.04140625
6 0.87265625 0.03671875 0.25078125 0.07265625
6 0.86875 0.9703125 0.259375 0.059375
6 0.934375 0.4140625 0.13125 0.240625
2 0.4953125 0.50859375 0.4 0.4328125
6 0.1203125 0.928125 0.240625 0.14375
6 0.11015625 0.1484375 0.2203125 0.296875
6 0.7390625 0.33828125 0.26796875 0.23828125
6 0.8734375 0.1953125 0.253125 0.2625
6 0.7375 0.884375 0.28515625 0.228125
6 0.6125 0.14609375 0.28203125 0.2921875
6 0.34296875 0.16015625 0.2921875 0.2890625
6 0.884375 0.721875 0.23125 0.2609375