3 0.5078125 0.48359375 0.64765625 0.65078125
6 0.36328125 0.85859375 0.27109375 0.23828125
6 0.775 0.7703125 0.203125 0.1984375
6 0.02265625 0.51796875 0.0453125 0.26796875
6 0.5046875 0.97421875 0.26875 0.0515625
6 0.04609375 0.08359375 0.0921875 0.16015625
6 0.05546875 0.83671875 0.1109375 0.31640625
6 0.19765625 0.82734375 0.29375 0.325
6 0.04609375 0.2640625 0.0921875 0.2640625
6 0.340625 0.03203125 0.30625 0.0640625
6 0.21484375 0.2015625 0.2484375 0.26796875
6 0.9234375 0.73203125 0.153125 0.2953125
6 0.91171875 0.4328125 0.1765625 0.296875
6 0.72578125 0.91796875 0.26953125 0.16015625
6 0.94140625 0.10703125 0.11640625 0.2140625