5 0.621875 0.425 0.11328125 0.10234375
1 0.475 0.4296875 0.3984375 0.45546875
6 0.97734375 0.23828125 0.0453125 0.2953125
6 0.93828125 0.55078125 0.1234375 0.2625
6 0.06015625 0.62890625 0.1203125 0.29375
6 0.26796875 0.9359375 0.3078125 0.128125
6 0.9015625 0.79765625 0.196875 0.25546875
6 0.21015625 0.5859375 0.24375 0.25703125
6 0.2875 0.08984375 0.26640625 0.17890625
6 0.45703125 0.77734375 0.31328125 0.27109375
6 0.81015625 0.246875 0.25390625 0.2296875
6 0.76875 0.64140625 0.2609375 0.27109375
6 0.18984375 0.28125 0.25390625 0.2484375
6 0.90234375 0.07890625 0.1921875 0.1578125