6 0.4921875 0.9765625 0.33046875 0.046875
6 0.27109375 0.02734375 0.28203125 0.05390625
3 0.54140625 0.44921875 0.5328125 0.59765625
6 0.15234375 0.9640625 0.28671875 0.07109375
6 0.8703125 0.965625 0.24375 0.06875
6 0.04609375 0.5703125 0.0921875 0.2921875
6 0.93359375 0.18984375 0.13203125 0.37890625
6 0.9328125 0.803125 0.13359375 0.2609375
6 0.30703125 0.86953125 0.27265625 0.25078125
6 0.21796875 0.29765625 0.25234375 0.3234375
6 0.77890625 0.09296875 0.31328125 0.1859375
6 0.68203125 0.8734375 0.2765625 0.253125