6 0.03984375 0.37265625 0.0796875 0.3390625
1 0.4921875 0.4078125 0.4765625 0.47265625
6 0.24609375 0.95078125 0.2484375 0.0984375
6 0.95546875 0.28984375 0.0890625 0.290625
6 0.11875 0.21015625 0.2375 0.2546875
6 0.77578125 0.27734375 0.2890625 0.2765625
6 0.93984375 0.82421875 0.1203125 0.27109375
6 0.5671875 0.73984375 0.28203125 0.25546875
6 0.103125 0.82421875 0.20625 0.2515625
6 0.33046875 0.7953125 0.275 0.25546875
6 0.625 0.921875 0.2484375 0.15625
6 0.81796875 0.59921875 0.26953125 0.27265625