6 0.98828125 0.51015625 0.0234375 0.2515625
1 0.46875 0.4421875 0.4296875 0.42265625
6 0.0203125 0.05859375 0.03984375 0.11328125
6 0.66015625 0.97890625 0.23515625 0.04140625
6 0.36328125 0.87890625 0.24375 0.203125
6 0.3015625 0.9296875 0.24140625 0.140625
6 0.52421875 0.04296875 0.24140625 0.08515625
6 0.94765625 0.871875 0.1046875 0.25546875
6 0.09375 0.16171875 0.1875 0.22578125
6 0.04296875 0.3671875 0.08515625 0.25078125
6 0.1703125 0.50234375 0.19140625 0.21875
6 0.803125 0.80703125 0.25703125 0.30625
6 0.9140625 0.63828125 0.171875 0.2890625
6 0.78671875 0.071875 0.3109375 0.14375
6 0.92421875 0.30234375 0.1515625 0.278125
6 0.196875 0.31640625 0.2609375 0.2921875
6 0.9265625 0.1546875 0.146875 0.221875
6 0.31484375 0.09453125 0.2296875 0.1890625
6 0.58515625 0.7203125 0.28359375 0.25390625
6 0.77265625 0.51484375 0.23125 0.2640625
6 0.58515625 0.16328125 0.23515625 0.21875
6 0.26640625 0.70859375 0.2328125 0.23515625
6 0.0890625 0.78203125 0.17734375 0.26953125