4 0.51875 0.51015625 0.4296875 0.44140625
6 0.190625 0.17734375 0.17890625 0.2328125
6 0.253125 0.6859375 0.23125 0.2171875
6 0.5078125 0.9234375 0.2953125 0.14921875
6 0.04453125 0.9484375 0.0890625 0.10234375
6 0.88515625 0.4796875 0.22578125 0.23671875
6 0.79765625 0.0234375 0.2171875 0.046875
6 0.9640625 0.32890625 0.07109375 0.2609375
6 0.93359375 0.04609375 0.13203125 0.0921875
6 0.0625 0.1125 0.125 0.2
6 0.31875 0.0375 0.25234375 0.075
6 0.603125 0.93203125 0.23984375 0.1359375
6 0.1609375 0.02265625 0.22421875 0.0453125
6 0.390625 0.95625 0.23125 0.08671875
6 0.6078125 0.05625 0.203125 0.1125
6 0.94609375 0.703125 0.1078125 0.26640625
6 0.821875 0.9703125 0.25234375 0.059375
6 0.04765625 0.89375 0.0953125 0.2015625
6 0.91484375 0.15859375 0.1703125 0.246875
6 0.22421875 0.54453125 0.20546875 0.24375
6 0.0640625 0.2484375 0.128125 0.225
6 0.309375 0.8171875 0.2609375 0.246875
6 0.95703125 0.921875 0.08515625 0.15625
6 0.1515625 0.8703125 0.25390625 0.22109375
6 0.29921875 0.16796875 0.25078125 0.23828125
6 0.77890625 0.09140625 0.2015625 0.1828125
6 0.06015625 0.609375 0.1203125 0.25234375
6 0.2328125 0.4 0.24375 0.23671875
6 0.52265625 0.1859375 0.23828125 0.23984375
6 0.675 0.7828125 0.27109375 0.2328125
6 0.82734375 0.43359375 0.23359375 0.22109375