6 0.36484375 0.29921875 0.13203125 0.121875
6 0.03359375 0.21953125 0.0671875 0.2984375
6 0.02734375 0.471875 0.05390625 0.2484375
6 0.78359375 0.02734375 0.26953125 0.05390625
6 0.934375 0.1109375 0.13125 0.21875
6 0.49765625 0.090625 0.2921875 0.18125
4 0.4890625 0.509375 0.5046875 0.403125
6 0.409375 0.80625 0.2765625 0.2484375
6 0.61484375 0.95078125 0.2640625 0.0984375
6 0.9296875 0.51640625 0.140625 0.25703125
6 0.15859375 0.06171875 0.2640625 0.1234375
6 0.07578125 0.7796875 0.1515625 0.29375
6 0.6625 0.76328125 0.2640625 0.28203125
6 0.75625 0.2390625 0.246875 0.26953125
6 0.8859375 0.73828125 0.228125 0.25546875