6 0.01484375 0.45625 0.0296875 0.28359375
4 0.47265625 0.84765625 0.5078125 0.3046875
1 0.534375 0.4671875 0.43828125 0.4875
6 0.97421875 0.56640625 0.0515625 0.2859375
6 0.80078125 0.06640625 0.325 0.13203125
6 0.090625 0.19921875 0.18125 0.3390625
6 0.80859375 0.95078125 0.2859375 0.0984375
6 0.0625 0.95859375 0.125 0.0828125
6 0.3875 0.1140625 0.24375 0.228125
6 0.31875 0.08359375 0.22734375 0.16484375
6 0.7015625 0.19765625 0.29765625 0.27265625
6 0.88828125 0.75234375 0.2234375 0.2671875
6 0.0953125 0.70703125 0.190625 0.2640625
6 0.16953125 0.0859375 0.259375 0.16640625