4 0.50859375 0.48828125 0.45546875 0.51640625
6 0.0140625 0.20859375 0.028125 0.215625
6 0.95234375 0.0375 0.0953125 0.075
6 0.97890625 0.22265625 0.04140625 0.2640625
6 0.8421875 0.07109375 0.23125 0.1421875
6 0.59375 0.10390625 0.30078125 0.20390625
6 0.1109375 0.971875 0.221875 0.053125
6 0.9140625 0.39453125 0.171875 0.23984375
6 0.10625 0.04765625 0.2125 0.0953125
6 0.81015625 0.503125 0.23984375 0.25234375
6 0.33046875 0.07578125 0.25703125 0.1515625
6 0.17265625 0.53671875 0.26640625 0.21015625
6 0.090625 0.7703125 0.18125 0.24375
6 0.121875 0.32109375 0.23671875 0.23125
6 0.2859375 0.8328125 0.25546875 0.2609375
6 0.57421875 0.88671875 0.246875 0.22578125