6 0.04296875 0.01796875 0.0859375 0.0359375
6 0.96953125 0.90234375 0.0609375 0.1953125
6 0.0984375 0.04375 0.096875 0.0828125
6 0.2765625 0.7296875 0.20859375 0.2203125
6 0.30859375 0.97109375 0.2109375 0.0578125
6 0.9171875 0.01484375 0.159375 0.0296875
6 0.84296875 0.046875 0.203125 0.09375
5 0.09609375 0.04140625 0.096875 0.0828125
6 0.95 0.14765625 0.09453125 0.2234375
6 0.6609375 0.16796875 0.2390625 0.21484375
6 0.15859375 0.96015625 0.21640625 0.0796875
6 0.85703125 0.94453125 0.253125 0.11015625
6 0.9625 0.37890625 0.075 0.2453125
6 0.83203125 0.3953125 0.203125 0.21796875
0 0.49140625 0.51796875 0.621875 0.5234375
6 0.25703125 0.0828125 0.2359375 0.165625
6 0.6515625 0.05234375 0.21953125 0.1046875
6 0.0875 0.2890625 0.175 0.253125
6 0.3359375 0.84609375 0.221875 0.20390625
6 0.103125 0.6296875 0.20546875 0.20625
6 0.65390625 0.903125 0.1859375 0.19375
6 0.0625 0.875 0.125 0.2234375
6 0.45859375 0.09609375 0.20546875 0.18203125
6 0.1859375 0.42734375 0.20546875 0.20390625
6 0.80546875 0.78203125 0.2390625 0.2203125
6 0.865625 0.52734375 0.2140625 0.22890625
6 0.05078125 0.59453125 0.10078125 0.21640625
6 0.9546875 0.696875 0.090625 0.246875