6 0.98984375 0.1765625 0.0203125 0.2
6 0.94453125 0.02578125 0.1109375 0.0515625
6 0.971875 0.83359375 0.05546875 0.2453125
0 0.503125 0.5359375 0.45546875 0.4875
6 0.35390625 0.0578125 0.23046875 0.115625
6 0.12890625 0.0703125 0.21953125 0.140625
6 0.60546875 0.92578125 0.228125 0.1484375
6 0.0875 0.57421875 0.175 0.234375
6 0.8875 0.5203125 0.21953125 0.24765625
6 0.828125 0.84609375 0.228125 0.253125
6 0.5859375 0.10625 0.221875 0.20625
6 0.0890625 0.2765625 0.178125 0.2671875
6 0.22109375 0.7109375 0.21953125 0.2421875
6 0.415625 0.8484375 0.246875 0.24765625
6 0.8765625 0.2875 0.2140625 0.20078125
6 0.340625 0.25078125 0.24140625 0.22578125
6 0.6984375 0.2390625 0.21953125 0.2453125
6 0.7609375 0.62578125 0.22890625 0.2703125