5 0.44140625 0.3046875 0.04453125 0.0359375
5 0.00859375 0.825 0.01640625 0.0796875
5 0.334375 0.26484375 0.04140625 0.04921875
6 0.50390625 0.98359375 0.225 0.0328125
6 0.21796875 0.0125 0.21953125 0.025
6 0.96796875 0.0796875 0.0640625 0.159375
6 0.0828125 0.96640625 0.165625 0.0671875
0 0.50546875 0.503125 0.4 0.41015625
6 0.0484375 0.61328125 0.096875 0.2453125
6 0.44609375 0.896875 0.253125 0.20078125
6 0.8484375 0.1984375 0.2140625 0.20390625
6 0.43984375 0.0796875 0.2296875 0.159375
6 0.6890625 0.0953125 0.20546875 0.18984375
6 0.2484375 0.43515625 0.2140625 0.21484375
6 0.6 0.26015625 0.21640625 0.17890625
6 0.8640625 0.6421875 0.2609375 0.23671875
6 0.93203125 0.43515625 0.13046875 0.2203125
6 0.2140625 0.23125 0.2109375 0.20390625
6 0.23046875 0.76484375 0.26640625 0.25078125
6 0.6125 0.7578125 0.2359375 0.21484375