5 0.59296875 0.69140625 0.0859375 0.07734375
5 0.6265625 0.303125 0.06953125 0.06640625
6 0.69296875 0.8171875 0.2140625 0.1953125
6 0.034375 0.22578125 0.06875 0.2203125
6 0.034375 0.6765625 0.06875 0.2125
6 0.96640625 0.63203125 0.0609375 0.20625
6 0.4546875 0.01484375 0.25 0.0296875
6 0.975 0.07734375 0.05 0.15390625
6 0.04453125 0.44609375 0.0890625 0.23125
6 0.959375 0.29453125 0.075 0.209375
5 0.15 0.32109375 0.0890625 0.08515625
6 0.0609375 0.91171875 0.121875 0.1765625
6 0.86953125 0.965625 0.25 0.06875
0 0.50703125 0.5234375 0.41953125 0.4625
6 0.6875 0.28515625 0.225 0.20625
6 0.5609375 0.9390625 0.23359375 0.12109375
6 0.1015625 0.090625 0.203125 0.18125
6 0.34140625 0.24921875 0.228125 0.2234375
6 0.715625 0.08671875 0.23046875 0.1734375
6 0.9109375 0.8234375 0.171875 0.22578125
6 0.871875 0.41875 0.1890625 0.19296875
6 0.20859375 0.5234375 0.20546875 0.2203125
6 0.75859375 0.7125 0.19453125 0.22890625
6 0.3015625 0.859375 0.24140625 0.2421875