6 0.009375 0.7421875 0.01875 0.184375
6 0.04140625 0.94921875 0.0828125 0.1015625
6 0.0265625 0.046875 0.053125 0.09375
6 0.1734375 0.665625 0.203125 0.17890625
6 0.059375 0.25 0.11875 0.1875
6 0.940625 0.85234375 0.1140625 0.21796875
6 0.26796875 0.0796875 0.1640625 0.15390625
6 0.28359375 0.01953125 0.178125 0.03828125
6 0.1890625 0.3171875 0.1609375 0.13203125
6 0.44140625 0.98046875 0.21640625 0.03828125
6 0.9125 0.975 0.1640625 0.04921875
0 0.4984375 0.49453125 0.34140625 0.3390625
6 0.24453125 0.39375 0.1890625 0.1484375
5 0.3015625 0.60859375 0.0640625 0.0609375
6 0.1265625 0.059375 0.15859375 0.11875
6 0.65546875 0.9625 0.2 0.07421875
6 0.4875 0.13671875 0.20859375 0.184375
6 0.23359375 0.74765625 0.19453125 0.1953125
5 0.9265625 0.28515625 0.1140625 0.12421875
6 0.80703125 0.93515625 0.13046875 0.1296875
6 0.1578125 0.95546875 0.178125 0.0890625
6 0.475 0.06328125 0.221875 0.1265625
6 0.53046875 0.7296875 0.1890625 0.18203125
6 0.084375 0.18203125 0.1640625 0.15390625
6 0.9234375 0.48515625 0.146875 0.18203125
6 0.25390625 0.51640625 0.1640625 0.14609375
6 0.9 0.7125 0.178125 0.17890625
6 0.078125 0.83046875 0.15546875 0.16796875
6 0.51953125 0.91484375 0.178125 0.16015625
6 0.6859375 0.0703125 0.21640625 0.140625
6 0.7265625 0.36953125 0.18046875 0.18203125
6 0.70703125 0.76484375 0.196875 0.184375