6 0.53125 0.98984375 0.21875 0.0203125
6 0.0140625 0.92265625 0.028125 0.15390625
6 0.959375 0.98046875 0.075 0.03828125
5 0.1125 0.8953125 0.0859375 0.08828125
5 0.9609375 0.675 0.071875 0.08828125
6 0.79921875 0.01484375 0.1953125 0.0296875
5 0.74296875 0.503125 0.096875 0.1015625
6 0.059375 0.0359375 0.11875 0.071875
6 0.253125 0.02890625 0.221875 0.0578125
0 0.525 0.49609375 0.4109375 0.4625
5 0.76953125 0.71640625 0.1390625 0.115625
5 0.8609375 0.115625 0.08359375 0.0828125
6 0.9515625 0.09921875 0.096875 0.1984375
6 0.15 0.15390625 0.24453125 0.24765625
6 0.071875 0.51875 0.14375 0.240625
6 0.225 0.7890625 0.24453125 0.2125
6 0.4890625 0.78671875 0.228125 0.1953125
6 0.6765625 0.88984375 0.225 0.1984375
6 0.90390625 0.8140625 0.1859375 0.21796875
6 0.25390625 0.5671875 0.21953125 0.209375
6 0.8125 0.35546875 0.20859375 0.20390625