6 0.10390625 0.7890625 0.203125 0.26171875
0 0.59609375 0.58515625 0.4359375 0.39375
6 0.0359375 0.4625 0.071875 0.303125
6 0.52421875 0.0203125 0.2390625 0.040625
6 0.02890625 0.17265625 0.0578125 0.2203125
5 0.675 0.91328125 0.1109375 0.1015625
6 0.4390625 0.89140625 0.1890625 0.184375
6 0.5265625 0.83203125 0.246875 0.1984375
6 0.890625 0.034375 0.2140625 0.06875
6 0.121875 0.0703125 0.21640625 0.140625
6 0.7125 0.08828125 0.196875 0.1765625
6 0.328125 0.44609375 0.2609375 0.26484375
6 0.86953125 0.375 0.25 0.17109375
6 0.2375 0.78203125 0.24140625 0.20390625
6 0.33359375 0.08125 0.21640625 0.1625
6 0.45859375 0.23828125 0.2 0.2234375