6 0.39609375 0.0109375 0.23046875 0.021875
6 0.93671875 0.009375 0.1203125 0.01875
6 0.7890625 0.97109375 0.321875 0.0578125
6 0.090625 0.9390625 0.18046875 0.12109375
6 0.88203125 0.7328125 0.23046875 0.29765625
6 0.69140625 0.03046875 0.228125 0.0609375
6 0.0734375 0.44453125 0.146875 0.30546875
6 0.1265625 0.8828125 0.24140625 0.22890625
0 0.50546875 0.5328125 0.39453125 0.415625
6 0.49296875 0.21875 0.31953125 0.25078125
6 0.24453125 0.496875 0.25 0.23984375
6 0.609375 0.8484375 0.275 0.29765625
6 0.24296875 0.20078125 0.21953125 0.209375
6 0.73203125 0.27578125 0.2140625 0.23671875
6 0.12890625 0.66640625 0.21953125 0.21484375
6 0.8375 0.46171875 0.21953125 0.234375
6 0.90859375 0.2765625 0.178125 0.21796875