6 0.6125 0.0125 0.2140625 0.025
6 0.9640625 0.67890625 0.06640625 0.25078125
6 0.2109375 0.44609375 0.2 0.19296875
6 0.44609375 0.0953125 0.24140625 0.18984375
0 0.50390625 0.5 0.39140625 0.39921875
6 0.7359375 0.4046875 0.2109375 0.21484375
6 0.7734375 0.81015625 0.2359375 0.21484375
6 0.42734375 0.9375 0.2328125 0.125
6 0.8140625 0.33359375 0.228125 0.23125
6 0.259375 0.34453125 0.20859375 0.19296875
6 0.0703125 0.06171875 0.140625 0.1234375
6 0.70546875 0.91328125 0.2109375 0.1734375
6 0.07109375 0.640625 0.14140625 0.2125
6 0.0984375 0.91953125 0.196875 0.1609375
6 0.321875 0.11015625 0.21640625 0.2203125
6 0.9359375 0.88984375 0.121875 0.21484375
6 0.92109375 0.21640625 0.153125 0.21796875
6 0.52890625 0.790625 0.253125 0.2203125
6 0.83046875 0.6015625 0.24453125 0.20078125
6 0.6375 0.18203125 0.2140625 0.23671875
6 0.246875 0.61953125 0.228125 0.209375
6 0.2640625 0.82890625 0.24453125 0.2203125
6 0.10390625 0.22109375 0.2078125 0.2234375