6 0.975 0.125 0.05 0.234375
6 0.5234375 0.8515625 0.303125 0.28125
5 0.9234375 0.9765625 0.0859375 0.046875
6 0.65390625 0.98203125 0.25859375 0.0359375
0 0.5015625 0.5015625 0.3640625 0.36953125
5 0.28203125 0.9546875 0.06953125 0.0796875
5 0.090625 0.75625 0.10859375 0.09609375
6 0.22109375 0.55078125 0.28046875 0.3140625
6 0.93984375 0.8109375 0.1203125 0.25625
6 0.925 0.33984375 0.14453125 0.25078125
6 0.0890625 0.371875 0.178125 0.2921875
6 0.78046875 0.85234375 0.21640625 0.28359375
6 0.715625 0.29921875 0.253125 0.25625
6 0.36640625 0.7796875 0.26640625 0.24765625
6 0.5375 0.11875 0.2859375 0.23671875
6 0.3125 0.26484375 0.28046875 0.2703125