5 0.0109375 0.63359375 0.021875 0.09375
6 0.4609375 0.9890625 0.24453125 0.021875
5 0.6515625 0.8265625 0.075 0.071875
6 0.971875 0.37890625 0.05546875 0.2234375
6 0.91640625 0.9765625 0.16640625 0.046875
5 0.9640625 0.24765625 0.06640625 0.08828125
6 0.5484375 0.021875 0.253125 0.04375
5 0.896875 0.5796875 0.08359375 0.08515625
5 0.884375 0.22890625 0.08046875 0.09375
6 0.9390625 0.10625 0.11640625 0.20625
6 0.2265625 0.0375 0.29140625 0.07421875
6 0.0609375 0.86328125 0.121875 0.27265625
0 0.503125 0.5203125 0.39453125 0.41875
6 0.78359375 0.05234375 0.221875 0.1046875
6 0.9328125 0.7953125 0.134375 0.253125
6 0.721875 0.28359375 0.25546875 0.26484375
6 0.76796875 0.66953125 0.24140625 0.30859375
6 0.21796875 0.41171875 0.253125 0.234375
6 0.19296875 0.66015625 0.3140625 0.25625
6 0.1140625 0.18046875 0.228125 0.30546875
6 0.30703125 0.8828125 0.303125 0.234375