6 0.04453125 0.1140625 0.0890625 0.228125
6 0.0375 0.96796875 0.075 0.06328125
6 0.58203125 0.01640625 0.26953125 0.0328125
6 0.678125 0.915625 0.26640625 0.16796875
6 0.9640625 0.765625 0.06640625 0.21484375
6 0.8609375 0.2109375 0.25546875 0.234375
6 0.7125 0.79921875 0.26953125 0.209375
0 0.4984375 0.5359375 0.446875 0.43828125
6 0.18203125 0.9546875 0.225 0.090625
6 0.9265625 0.32265625 0.14140625 0.2203125
6 0.89453125 0.05234375 0.20546875 0.1046875
6 0.89921875 0.92109375 0.1953125 0.1578125
6 0.2875 0.08984375 0.25859375 0.17890625
6 0.153125 0.2546875 0.25546875 0.22890625
6 0.7765625 0.40390625 0.225 0.22890625
6 0.375 0.82890625 0.25546875 0.253125
6 0.484375 0.1890625 0.23046875 0.23984375
6 0.0890625 0.815625 0.178125 0.22578125
6 0.17265625 0.3796875 0.26015625 0.19921875
6 0.6203125 0.74765625 0.215625 0.1828125