6 0.01640625 0.65625 0.0328125 0.21875
6 0.946875 0.975 0.10546875 0.04921875
6 0.30703125 0.98046875 0.2640625 0.03828125
6 0.47890625 0.01953125 0.25859375 0.03828125
0 0.42890625 0.57265625 0.425 0.44609375
6 0.9234375 0.03203125 0.153125 0.06328125
6 0.075 0.953125 0.15 0.09375
6 0.73515625 0.06171875 0.2671875 0.1234375
6 0.70859375 0.39921875 0.278125 0.27578125
6 0.06953125 0.26015625 0.1390625 0.27265625
6 0.090625 0.071875 0.18046875 0.14296875
6 0.1609375 0.4625 0.25546875 0.28671875
6 0.73046875 0.63671875 0.23359375 0.21484375
6 0.903125 0.54296875 0.1890625 0.25859375
6 0.53203125 0.14765625 0.26953125 0.23984375
6 0.8859375 0.8125 0.221875 0.2703125
6 0.90703125 0.2921875 0.18046875 0.24765625
6 0.23046875 0.17890625 0.2390625 0.2421875
6 0.209375 0.8109375 0.275 0.25625