6 0.065625 0.971875 0.125 0.05625
6 0.971875 0.47109375 0.05 0.18203125
6 0.971875 0.86953125 0.05546875 0.2234375
6 0.40390625 0.025 0.23046875 0.04921875
6 0.040625 0.4421875 0.08046875 0.2234375
6 0.10390625 0.91484375 0.2078125 0.1671875
6 0.05390625 0.0421875 0.1078125 0.084375
6 0.05859375 0.68984375 0.11640625 0.2453125
6 0.34296875 0.8265625 0.24140625 0.23125
6 0.515625 0.965625 0.2359375 0.06875
6 0.22109375 0.9515625 0.24140625 0.09609375
6 0.45703125 0.82109375 0.24140625 0.21484375
0 0.4609375 0.53046875 0.45546875 0.42734375
6 0.65703125 0.303125 0.23046875 0.21484375
6 0.9265625 0.3 0.14140625 0.2203125
6 0.8140625 0.38125 0.221875 0.234375
6 0.83359375 0.91875 0.25 0.1625
6 0.89453125 0.734375 0.20546875 0.2234375
6 0.54296875 0.1296875 0.203125 0.20390625
6 0.115625 0.1625 0.23046875 0.1984375
6 0.6859375 0.78515625 0.221875 0.22578125
6 0.7859375 0.584375 0.25 0.1875
6 0.74140625 0.12265625 0.2390625 0.2453125
6 0.190625 0.36484375 0.225 0.20078125