6 0.48046875 0.0375 0.14453125 0.07421875
6 0.04609375 0.03203125 0.09140625 0.06328125
6 0.890625 0.98984375 0.215625 0.0203125
6 0.98046875 0.88984375 0.0390625 0.2203125
6 0.18203125 0.70078125 0.2640625 0.23984375
6 0.41484375 0.04375 0.2640625 0.0875
6 0.309375 0.10078125 0.325 0.20078125
5 0.1125 0.34140625 0.125 0.12109375
5 0.828125 0.303125 0.121875 0.13203125
6 0.15859375 0.0328125 0.2609375 0.065625
6 0.1375 0.50390625 0.2640625 0.25859375
6 0.9484375 0.58984375 0.103125 0.253125
6 0.93046875 0.078125 0.1390625 0.15625
6 0.553125 0.846875 0.29453125 0.278125
6 0.78515625 0.634375 0.2515625 0.228125
6 0.29140625 0.29375 0.228125 0.22890625
0 0.4734375 0.55546875 0.45859375 0.4046875
6 0.7265625 0.11953125 0.253125 0.22890625
6 0.10859375 0.81953125 0.21640625 0.2671875
6 0.7734375 0.7390625 0.29921875 0.18125