6 0.9890625 0.55078125 0.021875 0.21484375
6 0.034375 0.9671875 0.06875 0.0625
6 0.1640625 0.0140625 0.24453125 0.02734375
6 0.97890625 0.91875 0.04140625 0.1625
6 0.040625 0.42421875 0.08046875 0.21484375
0 0.49453125 0.49609375 0.4109375 0.4078125
6 0.75390625 0.96953125 0.246875 0.0609375
6 0.8484375 0.9265625 0.225 0.146875
6 0.959375 0.18203125 0.08046875 0.253125
6 0.765625 0.5828125 0.21953125 0.2234375
6 0.05 0.21484375 0.1 0.21484375
6 0.70390625 0.07265625 0.3140625 0.1453125
6 0.871875 0.61328125 0.221875 0.2125
6 0.61796875 0.23828125 0.24140625 0.21796875
6 0.85390625 0.3109375 0.21953125 0.1875
6 0.44453125 0.103125 0.221875 0.20625
6 0.56953125 0.72578125 0.2390625 0.20078125
6 0.1515625 0.91171875 0.225 0.1765625
6 0.1984375 0.1390625 0.2640625 0.21796875
6 0.34609375 0.78125 0.246875 0.2234375
6 0.13046875 0.60625 0.2609375 0.2421875