6 0.99140625 0.8921875 0.01640625 0.1984375
6 0.98984375 0.6359375 0.0203125 0.209375
6 0.0234375 0.23828125 0.046875 0.2125
6 0.30390625 0.01640625 0.253125 0.0328125
6 0.5890625 0.9421875 0.221875 0.11015625
6 0.959375 0.3265625 0.075 0.20625
6 0.803125 0.01953125 0.221875 0.03828125
6 0.4859375 0.94921875 0.178125 0.1015625
6 0.75 0.45078125 0.19453125 0.22890625
6 0.715625 0.29921875 0.20859375 0.20078125
5 0.19296875 0.4640625 0.06953125 0.07421875
6 0.87109375 0.67890625 0.20859375 0.234375
0 0.50390625 0.496875 0.38046875 0.38828125
6 0.07890625 0.04765625 0.1578125 0.0953125
6 0.896875 0.4046875 0.19453125 0.2421875
6 0.75859375 0.65390625 0.228125 0.20625
6 0.19453125 0.9296875 0.20546875 0.140625
6 0.65859375 0.79765625 0.221875 0.20078125
6 0.14609375 0.3375 0.2140625 0.1953125
6 0.0890625 0.79765625 0.178125 0.21796875
6 0.359375 0.7421875 0.2140625 0.2125
6 0.184375 0.61953125 0.23046875 0.2203125