6 0.96796875 0.56875 0.0640625 0.2234375
6 0.67109375 0.9875 0.21953125 0.025
6 0.1859375 0.4203125 0.2390625 0.23984375
6 0.9515625 0.971875 0.096875 0.05625
6 0.025 0.43515625 0.05 0.2203125
6 0.415625 0.03046875 0.24140625 0.0609375
6 0.2609375 0.39140625 0.178125 0.20390625
0 0.503125 0.496875 0.43359375 0.44921875
6 0.5234375 0.790625 0.25859375 0.22578125
6 0.0984375 0.9625 0.196875 0.07421875
6 0.06953125 0.046875 0.1390625 0.09375
6 0.94609375 0.79375 0.103125 0.253125
6 0.928125 0.4171875 0.1390625 0.2125
6 0.89921875 0.03828125 0.1953125 0.0765625
6 0.46640625 0.090625 0.2109375 0.1765625
6 0.29375 0.94296875 0.221875 0.1140625
6 0.22109375 0.1078125 0.23046875 0.21484375
6 0.5109375 0.89921875 0.228125 0.20078125
6 0.8359375 0.91875 0.21640625 0.1625
6 0.0875 0.82890625 0.175 0.20390625
6 0.3109375 0.20234375 0.23359375 0.20625
6 0.878125 0.171875 0.221875 0.21796875
6 0.83359375 0.6625 0.221875 0.21796875
6 0.66953125 0.1375 0.21640625 0.22578125
6 0.75703125 0.34453125 0.2359375 0.22578125
6 0.075 0.21484375 0.15 0.23671875
6 0.27890625 0.765625 0.24140625 0.23125
6 0.0984375 0.6171875 0.196875 0.209375