5 0.978125 0.95859375 0.0390625 0.04921875
6 0.8765625 0.025 0.2359375 0.04921875
6 0.88359375 0.98984375 0.2109375 0.0203125
6 0.98203125 0.53046875 0.0359375 0.184375
6 0.87890625 0.059375 0.24140625 0.11875
6 0.7140625 0.3125 0.23359375 0.22890625
6 0.19296875 0.36640625 0.225 0.2921875
6 0.01953125 0.90859375 0.0390625 0.1828125
0 0.5015625 0.50390625 0.33046875 0.36328125
6 0.096875 0.71015625 0.19375 0.2046875
6 0.88046875 0.66640625 0.228125 0.22578125
6 0.25859375 0.62265625 0.20546875 0.21484375
6 0.078125 0.14765625 0.15546875 0.29453125
6 0.75390625 0.7125 0.253125 0.22890625
6 0.52890625 0.92578125 0.253125 0.1484375
6 0.75703125 0.91171875 0.24140625 0.1765625
6 0.8984375 0.23515625 0.196875 0.22890625
6 0.428125 0.140625 0.228125 0.209375
6 0.1515625 0.91015625 0.246875 0.17890625
6 0.64921875 0.1953125 0.23203125 0.215625