6 0.08046875 0.01796875 0.1609375 0.0359375
6 0.0484375 0.9625 0.096875 0.07421875
6 0.9609375 0.14765625 0.071875 0.2234375
6 0.04140625 0.28125 0.0828125 0.23125
6 0.0390625 0.5140625 0.078125 0.25078125
6 0.9015625 0.96796875 0.19140625 0.06328125
0 0.5109375 0.49609375 0.421875 0.4078125
6 0.0859375 0.73515625 0.171875 0.209375
6 0.178125 0.91015625 0.221875 0.17890625
6 0.24609375 0.60859375 0.19140625 0.25859375
6 0.48046875 0.11015625 0.20546875 0.2203125
6 0.615625 0.88125 0.203125 0.1875
6 0.2875 0.12421875 0.20859375 0.2203125
6 0.8109375 0.546875 0.2 0.20625
6 0.865625 0.7421875 0.253125 0.18984375
6 0.17109375 0.38828125 0.23046875 0.21484375
6 0.921875 0.36640625 0.15 0.2203125