6 0.9890625 0.30546875 0.021875 0.1765625
6 0.0234375 0.221875 0.046875 0.21796875
6 0.1015625 0.790625 0.196875 0.18203125
6 0.06953125 0.70390625 0.1390625 0.2234375
6 0.153125 0.9875 0.21640625 0.025
6 0.05 0.9140625 0.1 0.171875
6 0.51640625 0.83359375 0.2390625 0.28359375
5 0.85390625 0.44609375 0.04140625 0.03828125
6 0.5734375 0.98203125 0.19140625 0.0359375
0 0.5 0.4984375 0.41640625 0.396875
6 0.0359375 0.50859375 0.071875 0.2125
6 0.584375 0.0453125 0.21953125 0.090625
6 0.1390625 0.025 0.25546875 0.04921875
5 0.97734375 0.45625 0.0453125 0.090625
6 0.2 0.35390625 0.221875 0.26171875
6 0.60390625 0.09921875 0.225 0.1875
5 0.95546875 0.36484375 0.0890625 0.0796875
6 0.92734375 0.9140625 0.1390625 0.171875
6 0.74453125 0.9421875 0.19453125 0.115625
6 0.36796875 0.06640625 0.203125 0.13203125
6 0.2765625 0.88984375 0.23046875 0.2203125
6 0.90390625 0.59375 0.1859375 0.22890625
6 0.80859375 0.7875 0.221875 0.1984375
6 0.8734375 0.11953125 0.2140625 0.2125
6 0.80390625 0.315625 0.20859375 0.184375
6 0.25 0.6375 0.25 0.22890625
6 0.70390625 0.63359375 0.253125 0.23125
6 0.3 0.21875 0.2109375 0.20625