6 0.059375 0.525 0.1140625 0.2890625
6 0.034375 0.2859375 0.06875 0.246875
6 0.97734375 0.22109375 0.0453125 0.2234375
6 0.01796875 0.8359375 0.0359375 0.25078125
6 0.95546875 0.47421875 0.0890625 0.27578125
6 0.1 0.478125 0.2 0.22890625
6 0.909375 0.02890625 0.18046875 0.0578125
6 0.0515625 0.08984375 0.103125 0.17890625
5 0.10546875 0.24765625 0.078125 0.07734375
0 0.5 0.50703125 0.3890625 0.41875
6 0.36953125 0.94765625 0.19453125 0.1046875
6 0.228125 0.50546875 0.221875 0.25625
6 0.1390625 0.92265625 0.278125 0.15390625
6 0.6484375 0.74921875 0.24140625 0.22578125
6 0.5265625 0.0671875 0.225 0.134375
6 0.45703125 0.8859375 0.21953125 0.2125
6 0.79609375 0.4671875 0.23046875 0.21796875
6 0.81640625 0.59765625 0.25 0.23671875
6 0.715625 0.91171875 0.24140625 0.1765625
6 0.221875 0.08671875 0.26640625 0.1734375
6 0.3390625 0.24375 0.2390625 0.23984375
6 0.590625 0.23984375 0.23046875 0.209375