6 0.034375 0.29296875 0.06875 0.2015625
6 0.03359375 0.440625 0.06640625 0.21484375
6 0.0765625 0.01953125 0.153125 0.03828125
5 0.97890625 0.22421875 0.04140625 0.0796875
0 0.49609375 0.49609375 0.44140625 0.39140625
6 0.95546875 0.58984375 0.08359375 0.23125
6 0.50859375 0.046875 0.228125 0.09375
6 0.925 0.9421875 0.14453125 0.115625
6 0.72890625 0.07734375 0.2140625 0.15390625
6 0.27734375 0.91953125 0.2328125 0.1609375
6 0.9234375 0.090625 0.146875 0.18125
6 0.48046875 0.8390625 0.221875 0.21796875
6 0.203125 0.40234375 0.221875 0.22578125
6 0.2984375 0.6953125 0.2359375 0.2234375
6 0.2984375 0.10625 0.225 0.2125
6 0.91796875 0.36953125 0.15859375 0.19296875
6 0.0875 0.72421875 0.175 0.22578125
6 0.75078125 0.90859375 0.2421875 0.1828125
6 0.7765625 0.54140625 0.20859375 0.234375