6 0.6984375 0.6421875 0.2359375 0.253125
6 0.05703125 0.55546875 0.1140625 0.21796875
6 0.61953125 0.9890625 0.23359375 0.021875
6 0.98046875 0.54140625 0.0390625 0.20625
6 0.015625 0.78203125 0.03046875 0.2421875
6 0.025 0.140625 0.05 0.23125
6 0.9828125 0.328125 0.034375 0.2125
6 0.49765625 0.0203125 0.2921875 0.040625
0 0.5015625 0.509375 0.41953125 0.440625
5 0.2875 0.3375 0.075 0.06328125
6 0.2421875 0.0328125 0.240625 0.065625
6 0.21953125 0.9546875 0.24453125 0.090625
6 0.73203125 0.14453125 0.21953125 0.2234375
6 0.890625 0.05546875 0.2140625 0.11015625
6 0.43125 0.93203125 0.21875 0.1359375
6 0.83203125 0.384375 0.28046875 0.1734375
6 0.834375 0.915625 0.253125 0.16796875
6 0.8984375 0.6890625 0.196875 0.2421875
6 0.8484375 0.21640625 0.20859375 0.20625
6 0.0890625 0.34453125 0.178125 0.2421875
6 0.271875 0.79375 0.2609375 0.23671875
6 0.3125 0.221875 0.26953125 0.2234375
6 0.2234375 0.52890625 0.20859375 0.23125
6 0.50703125 0.1390625 0.23046875 0.2125
6 0.76015625 0.55859375 0.1921875 0.20546875