6 0.009375 0.22109375 0.01875 0.1953125
6 0.9765625 0.3484375 0.04140625 0.17890625
5 0.5640625 0.984375 0.128125 0.03125
6 0.56796875 0.9859375 0.13046875 0.02734375
4 0.8484375 0.15546875 0.303125 0.3109375
0 0.5015625 0.5015625 0.375 0.40234375
5 0.02890625 0.8640625 0.0578125 0.065625
5 0.4609375 0.90390625 0.06640625 0.0609375
5 0.87890625 0.4984375 0.0640625 0.071875
6 0.36328125 0.02734375 0.2453125 0.0546875
6 0.8640625 0.96953125 0.2109375 0.0609375
5 0.290625 0.34609375 0.075 0.06875
5 0.92109375 0.39375 0.08046875 0.07734375
6 0.928125 0.72890625 0.1390625 0.1953125
6 0.30703125 0.93125 0.21953125 0.1375
6 0.57109375 0.7890625 0.21953125 0.2125
6 0.09609375 0.584375 0.19140625 0.2203125
6 0.1984375 0.11953125 0.225 0.21796875
6 0.20859375 0.7671875 0.2109375 0.20078125
5 0.05703125 0.175 0.08046875 0.08515625