6 0.80546875 0.70546875 0.278125 0.2421875
6 0.2875 0.265625 0.196875 0.2453125
6 0.96953125 0.684375 0.0609375 0.26171875
6 0.9484375 0.9421875 0.096875 0.115625
6 0.0265625 0.87734375 0.053125 0.22890625
6 0.0609375 0.3359375 0.121875 0.36328125
5 0.0984375 0.48359375 0.096875 0.09609375
5 0.5109375 0.17734375 0.06640625 0.06328125
0 0.503125 0.50703125 0.44453125 0.43515625
6 0.93046875 0.071875 0.1390625 0.14296875
6 0.775 0.94453125 0.2609375 0.11015625
6 0.715625 0.0578125 0.24140625 0.115625
6 0.3671875 0.92109375 0.259375 0.1578125
6 0.484375 0.06640625 0.24140625 0.13203125
6 0.7109375 0.721875 0.221875 0.22578125
6 0.43203125 0.22734375 0.24140625 0.1953125
6 0.14609375 0.8921875 0.20859375 0.21484375
6 0.12109375 0.63359375 0.24140625 0.23125
6 0.20859375 0.1390625 0.25 0.23984375
6 0.28359375 0.75234375 0.228125 0.21484375
6 0.8859375 0.47109375 0.221875 0.24765625
6 0.56640625 0.8703125 0.25546875 0.253125