6 0.9828125 0.11640625 0.034375 0.2234375
6 0.11953125 0.0125 0.2390625 0.025
6 0.82109375 0.04921875 0.2671875 0.0984375
6 0.1015625 0.97890625 0.203125 0.0421875
0 0.4984375 0.503125 0.39140625 0.421875
6 0.57109375 0.21875 0.2859375 0.2234375
6 0.88046875 0.1140625 0.221875 0.2234375
6 0.553125 0.0703125 0.2390625 0.140625
6 0.06640625 0.3671875 0.1328125 0.25625
6 0.87421875 0.92109375 0.2453125 0.1578125
6 0.11640625 0.55859375 0.2328125 0.2203125
6 0.61796875 0.92421875 0.28046875 0.1515625
6 0.70390625 0.7890625 0.2640625 0.2234375
6 0.91953125 0.3625 0.15546875 0.22890625
6 0.321875 0.19140625 0.25546875 0.25625
6 0.28046875 0.91171875 0.26640625 0.1765625
6 0.740625 0.571875 0.246875 0.23984375
6 0.228125 0.4078125 0.24453125 0.2203125
6 0.09453125 0.8125 0.1890625 0.26484375
6 0.446875 0.78515625 0.23359375 0.2203125
6 0.740625 0.35546875 0.23046875 0.23125