6 0.046875 0.9671875 0.09375 0.0625
6 0.08359375 0.09375 0.16640625 0.1875
6 0.0234375 0.7421875 0.046875 0.22890625
0 0.496875 0.50390625 0.44453125 0.50703125
6 0.05546875 0.371875 0.1109375 0.20390625
6 0.2984375 0.96640625 0.225 0.0671875
6 0.34453125 0.2125 0.23359375 0.20390625
6 0.80703125 0.81953125 0.225 0.21796875
6 0.54921875 0.9375 0.2671875 0.125
6 0.09453125 0.19453125 0.1890625 0.21796875
6 0.2765625 0.3125 0.20859375 0.2125
6 0.11640625 0.87890625 0.228125 0.209375
6 0.6484375 0.23125 0.20859375 0.21484375
6 0.846875 0.1375 0.228125 0.26484375
6 0.890625 0.34609375 0.2140625 0.1953125
6 0.884375 0.90234375 0.2140625 0.1953125
6 0.8015625 0.5328125 0.23046875 0.2125
6 0.303125 0.77109375 0.24453125 0.209375