6 0.3609375 0.2125 0.21640625 0.2421875
6 0.10859375 0.0109375 0.21640625 0.021875
6 0.40546875 0.3171875 0.24453125 0.1984375
5 0.68203125 0.1640625 0.01953125 0.0359375
6 0.571875 0.01640625 0.20546875 0.0328125
5 0.87890625 0.47421875 0.096875 0.08828125
6 0.9578125 0.509375 0.084375 0.253125
6 0.02890625 0.53828125 0.0578125 0.2453125
6 0.02890625 0.23046875 0.0578125 0.2578125
0 0.5 0.56171875 0.4 0.440625
6 0.1640625 0.9421875 0.25546875 0.115625
6 0.7 0.31796875 0.228125 0.2671875
6 0.175 0.14609375 0.26640625 0.28125
6 0.16953125 0.5359375 0.228125 0.1953125
6 0.57890625 0.15703125 0.21953125 0.21484375
6 0.84140625 0.21328125 0.23359375 0.23984375
6 0.4015625 0.8375 0.25859375 0.20390625
6 0.91484375 0.078125 0.1640625 0.15625
6 0.78046875 0.640625 0.25 0.2453125
6 0.65 0.890625 0.25 0.21875