6 0.9859375 0.953125 0.028125 0.09375
6 0.8109375 0.9875 0.228125 0.025
0 0.49609375 0.5234375 0.5359375 0.50703125
6 0.178125 0.03203125 0.24453125 0.06328125
6 0.1484375 0.965625 0.246875 0.06875
6 0.9609375 0.55546875 0.078125 0.2671875
6 0.32890625 0.196875 0.2640625 0.2671875
6 0.59609375 0.928125 0.2640625 0.14296875
6 0.621875 0.23984375 0.2390625 0.2421875
6 0.71640625 0.6859375 0.2390625 0.2703125
6 0.471875 0.0953125 0.2609375 0.18984375
6 0.1765625 0.4171875 0.26953125 0.278125
6 0.3671875 0.87421875 0.253125 0.2515625
6 0.25546875 0.671875 0.26640625 0.209375
6 0.81796875 0.4078125 0.2640625 0.2203125