6 0.953125 0.01484375 0.090625 0.0296875
5 0.02890625 0.4375 0.0578125 0.109375
6 0.0484375 0.72734375 0.096875 0.22578125
0 0.50390625 0.4984375 0.425 0.440625
6 0.94609375 0.34296875 0.103125 0.23984375
6 0.725 0.0453125 0.23359375 0.090625
6 0.9515625 0.9078125 0.09140625 0.184375
6 0.46953125 0.79375 0.23359375 0.2203125
6 0.1734375 0.953125 0.24140625 0.09375
6 0.06953125 0.09921875 0.1390625 0.1984375
6 0.865625 0.571875 0.2640625 0.27265625
6 0.328125 0.0828125 0.25546875 0.165625
6 0.55546875 0.91015625 0.24453125 0.17890625
6 0.34453125 0.27421875 0.2890625 0.2125
6 0.70859375 0.7453125 0.23359375 0.2453125
6 0.884375 0.128125 0.225 0.23984375
6 0.19140625 0.48359375 0.2609375 0.28359375
6 0.653125 0.23515625 0.2609375 0.23984375