6 0.69140625 0.03828125 0.1640625 0.05390625
6 0.9890625 0.5421875 0.021875 0.2171875
6 0.96953125 0.909375 0.0609375 0.18125
5 0.6515625 0.05 0.05703125 0.05703125
6 0.7203125 0.021875 0.25390625 0.04375
5 0.76484375 0.51875 0.109375 0.09453125
0 0.478125 0.52421875 0.4703125 0.49609375
6 0.8953125 0.965625 0.190625 0.06875
6 0.10234375 0.05 0.2046875 0.1
6 0.44375 0.878125 0.27578125 0.23828125
6 0.3015625 0.03671875 0.2375 0.0734375
6 0.0421875 0.5609375 0.084375 0.2171875
6 0.5734375 0.13828125 0.3171875 0.22734375
6 0.12265625 0.19296875 0.2453125 0.2515625
6 0.35234375 0.8140625 0.2078125 0.18125
6 0.709375 0.721875 0.24296875 0.24140625
6 0.2828125 0.3078125 0.22109375 0.27890625
6 0.1640625 0.7140625 0.23515625 0.246875