6 0.9734375 0.971875 0.046875 0.05625
6 0.01640625 0.07265625 0.0328125 0.1453125
6 0.08203125 0.9734375 0.1640625 0.053125
6 0.2234375 0.0328125 0.203125 0.065625
5 0.70546875 0.69140625 0.078125 0.071875
0 0.5015625 0.52734375 0.39140625 0.415625
6 0.05546875 0.48203125 0.1109375 0.22578125
6 0.34609375 0.24921875 0.2140625 0.20078125
6 0.09296875 0.828125 0.1859375 0.21796875
6 0.93046875 0.209375 0.13359375 0.26484375
6 0.6125 0.08125 0.25859375 0.1625
6 0.63046875 0.27421875 0.21640625 0.18984375
6 0.159375 0.64765625 0.225 0.21484375
6 0.128125 0.1640625 0.228125 0.2453125
6 0.90703125 0.6265625 0.18046875 0.2125
6 0.790625 0.44375 0.23046875 0.23671875
6 0.8140625 0.875 0.2109375 0.2125
6 0.2125 0.41875 0.225 0.23125