6 0.846875 0.9171875 0.29453125 0.165625
6 0.496875 0.95859375 0.2109375 0.07734375
6 0.3265625 0.9890625 0.20859375 0.021875
6 0.1390625 0.67734375 0.21640625 0.1875
5 0.71953125 0.9875 0.071875 0.025
5 0.540625 0.0140625 0.096875 0.02734375
0 0.4984375 0.50390625 0.396875 0.4078125
6 0.04140625 0.5640625 0.0828125 0.1875
6 0.8265625 0.78515625 0.2140625 0.23671875
5 0.73359375 0.46015625 0.09453125 0.08828125
6 0.9359375 0.234375 0.121875 0.24765625
6 0.16796875 0.35 0.225 0.23671875
6 0.90859375 0.76875 0.178125 0.22578125
6 0.1015625 0.05390625 0.196875 0.1078125
6 0.13203125 0.7765625 0.21953125 0.19296875
6 0.878125 0.41484375 0.21640625 0.20078125
6 0.378125 0.09375 0.21640625 0.1875
6 0.634375 0.23671875 0.21953125 0.22578125
6 0.25703125 0.9046875 0.2140625 0.18984375
6 0.0578125 0.3640625 0.115625 0.1875