6 0.95703125 0.36640625 0.08046875 0.26484375
6 0.95546875 0.93359375 0.08359375 0.13203125
5 0.809375 0.0125 0.09140625 0.025
6 0.06953125 0.83046875 0.1390625 0.27265625
6 0.33203125 0.9765625 0.2640625 0.046875
0 0.5015625 0.509375 0.353125 0.5953125
6 0.0734375 0.11953125 0.146875 0.21796875
5 0.94140625 0.25859375 0.078125 0.071875
5 0.84453125 0.234375 0.0890625 0.08828125
6 0.05546875 0.47265625 0.1109375 0.23984375
5 0.203125 0.4296875 0.078125 0.071875
6 0.90859375 0.9078125 0.171875 0.184375
6 0.121875 0.91484375 0.24375 0.1671875
6 0.83359375 0.63671875 0.23359375 0.28671875
6 0.10703125 0.24921875 0.2140625 0.2234375
6 0.2359375 0.59375 0.221875 0.27265625
6 0.5 0.91953125 0.278125 0.1609375
6 0.67109375 0.20390625 0.2359375 0.23125
6 0.7171875 0.67734375 0.1921875 0.24296875