6 0.70625 0.009375 0.23125 0.01875
6 0.9828125 0.31328125 0.034375 0.2046875
6 0.025 0.09765625 0.05 0.1953125
6 0.74921875 0.903125 0.2609375 0.19375
6 0.48671875 0.9734375 0.2140625 0.053125
5 0.646875 0.83359375 0.09453125 0.09609375
0 0.5015625 0.496875 0.36953125 0.371875
6 0.94296875 0.88515625 0.1140625 0.2296875
6 0.115625 0.0453125 0.225 0.090625
6 0.21796875 0.9546875 0.2359375 0.090625
5 0.6609375 0.20625 0.071875 0.071875
6 0.7234375 0.33046875 0.246875 0.2203125
6 0.0890625 0.7890625 0.178125 0.278125
6 0.465625 0.79609375 0.24140625 0.26484375
6 0.75546875 0.603125 0.23359375 0.23125
6 0.91640625 0.47109375 0.1609375 0.21484375
6 0.24296875 0.60859375 0.225 0.209375
6 0.7640625 0.11875 0.228125 0.20390625
6 0.30703125 0.11328125 0.2359375 0.22578125
6 0.115625 0.36484375 0.23046875 0.22890625
6 0.7375 0.82109375 0.15390625 0.175