5 0.609375 0.921875 0.0640625 0.0578125
6 0.9640625 0.72890625 0.06640625 0.21796875
6 0.7359375 0.97109375 0.16640625 0.0578125
5 0.08203125 0.9296875 0.11953125 0.09609375
0 0.50390625 0.49609375 0.36953125 0.3859375
6 0.10390625 0.0453125 0.2078125 0.090625
6 0.49140625 0.05234375 0.2109375 0.1046875
6 0.853125 0.1765625 0.1890625 0.17109375
6 0.290625 0.93125 0.275 0.1375
6 0.1765625 0.67734375 0.225 0.209375
6 0.38203125 0.75859375 0.20859375 0.1953125
6 0.1234375 0.47109375 0.20859375 0.1984375
6 0.54140625 0.21328125 0.21640625 0.20078125
6 0.690625 0.721875 0.21953125 0.20390625
6 0.796875 0.51953125 0.23359375 0.2234375