6 0.053125 0.675 0.10546875 0.1984375
6 0.384375 0.0234375 0.25859375 0.046875
0 0.5015625 0.4984375 0.403125 0.46796875
6 0.05234375 0.05625 0.1046875 0.1125
6 0.0625 0.93515625 0.125 0.1296875
6 0.39609375 0.95703125 0.25859375 0.08515625
6 0.875 0.9140625 0.221875 0.171875
6 0.796875 0.4625 0.2609375 0.303125
6 0.86796875 0.30546875 0.25859375 0.28125
6 0.86953125 0.07421875 0.25 0.1484375
6 0.2765625 0.7421875 0.2640625 0.25625
6 0.1640625 0.2109375 0.278125 0.26171875
6 0.7 0.84140625 0.25 0.28359375