6 0.328125 0.009375 0.259375 0.01875
6 0.1015625 0.08828125 0.203125 0.1765625
6 0.953125 0.7296875 0.0890625 0.26484375
6 0.9609375 0.10625 0.071875 0.2125
6 0.48125 0.0671875 0.23125 0.134375
6 0.075 0.953125 0.15 0.09375
0 0.5 0.496875 0.4 0.4046875
6 0.63046875 0.9625 0.23359375 0.07421875
5 0.684375 0.175 0.08046875 0.08515625
6 0.865625 0.05234375 0.2140625 0.1046875
6 0.91796875 0.440625 0.1640625 0.23671875
6 0.759375 0.67890625 0.23046875 0.21796875
6 0.18046875 0.103125 0.23359375 0.20625
6 0.059375 0.4359375 0.11875 0.240625
6 0.46953125 0.1640625 0.23359375 0.23984375
6 0.225 0.52890625 0.2109375 0.24765625
6 0.55546875 0.7796875 0.24453125 0.25859375
6 0.7359375 0.3171875 0.23359375 0.2203125
6 0.215625 0.890625 0.25 0.21875
6 0.33203125 0.72578125 0.253125 0.234375
6 0.7609375 0.83359375 0.2390625 0.2453125
6 0.2125 0.3046875 0.253125 0.234375
6 0.8796875 0.87734375 0.21328125 0.21171875
6 0.80078125 0.3875 0.2234375 0.19375
6 0.046875 0.890625 0.09375 0.19921875