6 0.73359375 0.61875 0.20546875 0.20625
6 0.72890625 0.98203125 0.16953125 0.0359375
6 0.95859375 0.41875 0.078125 0.21484375
6 0.65703125 0.94765625 0.175 0.1046875
6 0.70390625 0.2 0.196875 0.22890625
6 0.0640625 0.26875 0.128125 0.184375
6 0.70625 0.03828125 0.209375 0.0765625
6 0.78359375 0.5375 0.2 0.19296875
0 0.5015625 0.490625 0.375 0.396875
6 0.878125 0.92265625 0.228125 0.15390625
6 0.075 0.5484375 0.15 0.209375
6 0.47109375 0.93125 0.196875 0.1375
6 0.43046875 0.76015625 0.20546875 0.1765625
6 0.63359375 0.80546875 0.23359375 0.18984375
6 0.2390625 0.17890625 0.2109375 0.1984375
6 0.89140625 0.72734375 0.2109375 0.23671875
6 0.89140625 0.26171875 0.2109375 0.209375
6 0.08203125 0.08671875 0.1640625 0.1734375
6 0.103125 0.76015625 0.20546875 0.2421875
6 0.246875 0.61953125 0.21640625 0.209375