6 0.0125 0.465625 0.025 0.19296875
6 0.9375 0.0703125 0.125 0.13515625
6 0.16953125 0.89921875 0.2 0.20078125
6 0.971875 0.34140625 0.05546875 0.26484375
6 0.9515625 0.11953125 0.09140625 0.20625
6 0.959375 0.5703125 0.075 0.23671875
6 0.60859375 0.93203125 0.2390625 0.1359375
6 0.39296875 0.9765625 0.18046875 0.046875
6 0.1140625 0.0234375 0.221875 0.046875
6 0.39609375 0.834375 0.25859375 0.23671875
6 0.1015625 0.91953125 0.196875 0.1609375
6 0.9078125 0.02578125 0.184375 0.0515625
6 0.7515625 0.6640625 0.23046875 0.20390625
0 0.5 0.5109375 0.29453125 0.42734375
6 0.928125 0.83203125 0.1390625 0.1765625
6 0.40859375 0.04140625 0.25 0.0828125
5 0.67109375 0.48359375 0.075 0.06875
6 0.07109375 0.13359375 0.14140625 0.20078125
6 0.2640625 0.3703125 0.20546875 0.1953125
6 0.80703125 0.93125 0.2140625 0.1375
6 0.3984375 0.28359375 0.196875 0.19296875
6 0.84140625 0.32109375 0.23359375 0.21796875
6 0.1265625 0.615625 0.253125 0.234375
6 0.23046875 0.13046875 0.21640625 0.234375