6 0.465625 0.9890625 0.23046875 0.021875
6 0.984375 0.1953125 0.03046875 0.19296875
6 0.89609375 0.953125 0.203125 0.09375
0 0.5015625 0.50546875 0.3640625 0.3828125
6 0.10703125 0.04296875 0.2140625 0.08515625
6 0.19296875 0.9421875 0.246875 0.115625
6 0.6984375 0.93515625 0.246875 0.1296875
6 0.925 0.375 0.14453125 0.21484375
6 0.29453125 0.79609375 0.25546875 0.1875
6 0.2265625 0.3953125 0.296875 0.1953125
6 0.91328125 0.0796875 0.1671875 0.159375
6 0.68203125 0.13359375 0.24140625 0.234375
6 0.234375 0.5921875 0.24140625 0.23125
6 0.078125 0.71484375 0.15546875 0.3
6 0.89453125 0.81953125 0.20546875 0.22890625
6 0.7390625 0.3609375 0.23359375 0.22578125
6 0.82109375 0.58515625 0.2140625 0.2234375
6 0.546875 0.80859375 0.2609375 0.26171875
6 0.315625 0.13515625 0.253125 0.2703125
6 0.10703125 0.21796875 0.2140625 0.24765625