6 0.25 0.58671875 0.2390625 0.2421875
6 0.775 0.37578125 0.25546875 0.23984375
6 0.9625 0.64609375 0.06953125 0.22890625
5 0.0109375 0.2421875 0.021875 0.06640625
6 0.92890625 0.98046875 0.1359375 0.03828125
6 0.5140625 0.97109375 0.2109375 0.0578125
6 0.71953125 0.9875 0.20546875 0.025
6 0.18046875 0.05234375 0.25546875 0.1046875
5 0.0234375 0.1515625 0.046875 0.1046875
6 0.09453125 0.0609375 0.1890625 0.12109375
0 0.5 0.503125 0.3890625 0.41015625
6 0.36015625 0.9609375 0.2171875 0.078125
6 0.46640625 0.0828125 0.25 0.165625
6 0.0640625 0.3859375 0.128125 0.253125
5 0.95546875 0.31796875 0.078125 0.07421875
6 0.928125 0.48515625 0.13359375 0.2203125
6 0.82109375 0.08984375 0.2640625 0.17890625
6 0.41796875 0.171875 0.24140625 0.20078125
6 0.06953125 0.51484375 0.1390625 0.20390625
6 0.084375 0.8859375 0.16875 0.215625
6 0.73359375 0.746875 0.24453125 0.25859375
6 0.4984375 0.77421875 0.203125 0.19296875
6 0.20703125 0.290625 0.225 0.2234375
6 0.1765625 0.71640625 0.21953125 0.2203125
6 0.77109375 0.5203125 0.21953125 0.23125
6 0.64296875 0.215625 0.2296875 0.2015625
6 0.6390625 0.10859375 0.22734375 0.19140625
6 0.25078125 0.18125 0.22890625 0.203125
6 0.54765625 0.871875 0.22109375 0.20625
6 0.81171875 0.890625 0.225 0.2078125
6 0.90234375 0.85 0.1953125 0.228125
6 0.94453125 0.11796875 0.1078125 0.2359375
6 0.29375 0.7484375 0.1984375 0.23046875