6 0.9859375 0.0484375 0.028125 0.09609375
6 0.034375 0.88359375 0.06875 0.2203125
6 0.0609375 0.0203125 0.121875 0.040625
6 0.1234375 0.96953125 0.21953125 0.0609375
6 0.0390625 0.4859375 0.078125 0.26171875
0 0.5 0.49453125 0.4390625 0.46015625
5 0.15703125 0.9328125 0.075 0.06875
6 0.40390625 0.059375 0.2359375 0.11875
6 0.934375 0.72578125 0.125 0.234375
6 0.1859375 0.09375 0.20546875 0.1875
6 0.571875 0.778125 0.278125 0.1734375
6 0.4453125 0.91953125 0.253125 0.1609375
6 0.80859375 0.59375 0.26640625 0.234375
6 0.6890625 0.18046875 0.2 0.28359375
6 0.171875 0.56171875 0.21640625 0.28125
6 0.875 0.37578125 0.228125 0.2671875
6 0.903125 0.1390625 0.1890625 0.2125
6 0.30703125 0.71484375 0.175 0.26171875
6 0.10703125 0.2921875 0.2140625 0.24765625
6 0.7890625 0.88984375 0.2890625 0.2203125
6 0.3109375 0.23125 0.228125 0.209375