6 0.77890625 0.12421875 0.25859375 0.2421875
6 0.75390625 0.9890625 0.2640625 0.021875
5 0.321875 0.984375 0.078125 0.03125
6 0.8125 0.05078125 0.253125 0.1015625
6 0.94140625 0.16640625 0.11640625 0.278125
5 0.68359375 0.05078125 0.08359375 0.09609375
0 0.4984375 0.25625 0.43046875 0.440625
0 0.8 0.47265625 0.4 0.50390625
5 0.515625 0.5359375 0.0640625 0.06328125
6 0.05234375 0.13046875 0.1046875 0.2609375
6 0.93359375 0.940625 0.128125 0.11875
6 0.05859375 0.3953125 0.11640625 0.3
6 0.1890625 0.28671875 0.26640625 0.2921875
0 0.15546875 0.790625 0.3109375 0.41875
6 0.80546875 0.84140625 0.3 0.2671875
6 0.6015625 0.7078125 0.253125 0.2703125
6 0.2546875 0.078125 0.278125 0.15625
6 0.4265625 0.8515625 0.275 0.28125
6 0.2015625 0.5234375 0.25859375 0.19296875