6 0.9875 0.36640625 0.025 0.209375
5 0.59609375 0.0109375 0.0859375 0.021875
5 0.490625 0.01484375 0.1 0.0296875
0 0.496875 0.49609375 0.371875 0.38046875
6 0.1984375 0.40078125 0.253125 0.3
6 0.0375 0.44453125 0.075 0.28359375
5 0.6390625 0.0796875 0.15546875 0.1265625
6 0.375 0.95703125 0.2390625 0.08515625
6 0.05546875 0.75859375 0.1109375 0.2671875
4 0.7765625 0.2875 0.403125 0.415625
6 0.12890625 0.92578125 0.2578125 0.1484375
6 0.6203125 0.9265625 0.259375 0.146875
6 0.39296875 0.24140625 0.24140625 0.2125
6 0.2625 0.6953125 0.25859375 0.2671875
6 0.88203125 0.85390625 0.23046875 0.25859375
6 0.8875 0.56640625 0.21953125 0.2453125
6 0.65546875 0.7125 0.2890625 0.25078125