6 0.96484375 0.26484375 0.0703125 0.2453125
6 0.65703125 0.98046875 0.24140625 0.03828125
6 0.70546875 0.653125 0.24453125 0.25859375
6 0.95703125 0.9515625 0.08046875 0.09609375
6 0.028125 0.87734375 0.05546875 0.234375
6 0.415625 0.96796875 0.253125 0.06328125
6 0.15703125 0.94765625 0.296875 0.1046875
0 0.415625 0.58984375 0.44140625 0.41328125
6 0.6859375 0.05546875 0.24453125 0.11015625
6 0.925 0.72734375 0.14453125 0.22578125
6 0.79140625 0.56484375 0.24453125 0.23125
6 0.87109375 0.3859375 0.253125 0.21484375
6 0.8984375 0.06640625 0.196875 0.13203125
6 0.25546875 0.06328125 0.24453125 0.1265625
6 0.12109375 0.7296875 0.24140625 0.2421875
6 0.82890625 0.89765625 0.2140625 0.2046875
6 0.47109375 0.0828125 0.2359375 0.165625
6 0.128125 0.48046875 0.25546875 0.25625
6 0.65 0.2296875 0.25 0.23984375
6 0.30703125 0.23515625 0.225 0.2234375
6 0.08203125 0.1140625 0.1640625 0.228125