6 0.38125 0.009375 0.246875 0.01875
6 0.95859375 0.97890625 0.0796875 0.0421875
6 0.01953125 0.3828125 0.0390625 0.2421875
5 0.05859375 0.62109375 0.08359375 0.06328125
5 0.9734375 0.5328125 0.053125 0.090625
5 0.5375 0.28125 0.06953125 0.0609375
6 0.9046875 0.0328125 0.184375 0.065625
6 0.31640625 0.28203125 0.228125 0.23984375
6 0.30859375 0.940625 0.221875 0.11875
0 0.50859375 0.503125 0.428125 0.4046875
6 0.8375 0.915625 0.23046875 0.16796875
6 0.17890625 0.08671875 0.246875 0.1734375
6 0.109375 0.91875 0.21875 0.1625
6 0.49453125 0.79609375 0.25 0.23671875
6 0.1640625 0.30703125 0.24453125 0.23984375
6 0.86640625 0.39921875 0.228125 0.21484375
6 0.92109375 0.1890625 0.153125 0.21796875
6 0.73359375 0.70625 0.24453125 0.23984375
6 0.14296875 0.71875 0.24140625 0.2203125
5 0.11875 0.9296875 0.0859375 0.08671875
5 0.33125 0.33828125 0.06171875 0.06015625