6 0.97109375 0.9140625 0.0546875 0.171875
6 0.9484375 0.44765625 0.103125 0.22890625
0 0.509375 0.5015625 0.50859375 0.47421875
6 0.93046875 0.69296875 0.13359375 0.25625
6 0.590625 0.05390625 0.253125 0.1078125
6 0.20546875 0.525 0.2109375 0.2453125
6 0.403125 0.93125 0.24453125 0.1375
6 0.065625 0.0921875 0.13046875 0.184375
6 0.071875 0.30703125 0.14375 0.2234375
6 0.2421875 0.090625 0.225 0.18125
6 0.68046875 0.9046875 0.29453125 0.18984375
6 0.2859375 0.696875 0.25546875 0.26484375
6 0.890625 0.1046875 0.2140625 0.209375
6 0.740625 0.69140625 0.24140625 0.22578125
6 0.07890625 0.703125 0.1578125 0.240625