6 0.9703125 0.178125 0.059375 0.2375
6 0.021875 0.7375 0.04375 0.215625
6 0.775 0.0125 0.24453125 0.025
6 0.05390625 0.94921875 0.1078125 0.1015625
0 0.5015625 0.50390625 0.396875 0.41328125
6 0.40703125 0.96953125 0.2640625 0.0609375
5 0.765625 0.2703125 0.06953125 0.07734375
6 0.2859375 0.3140625 0.228125 0.21484375
6 0.071875 0.1546875 0.14375 0.240625
6 0.921875 0.64765625 0.15 0.28125
6 0.228125 0.07421875 0.26640625 0.1484375
6 0.771875 0.928125 0.24453125 0.14296875
6 0.08359375 0.803125 0.16640625 0.234375
6 0.575 0.20078125 0.2390625 0.23671875
6 0.225 0.5921875 0.221875 0.1984375
6 0.903125 0.3234375 0.1890625 0.2453125
6 0.796875 0.478125 0.23359375 0.18984375
6 0.5375 0.80703125 0.24140625 0.23671875
6 0.27421875 0.88515625 0.2546875 0.2296875
6 0.7625 0.75859375 0.2640625 0.22890625