5 0.88359375 0.8484375 0.10546875 0.08828125
6 0.509375 0.0109375 0.246875 0.021875
5 0.87890625 0.509375 0.053125 0.05546875
6 0.02109375 0.8390625 0.04140625 0.22890625
5 0.1265625 0.171875 0.096875 0.090625
6 0.85 0.978125 0.25546875 0.04375
5 0.95859375 0.44609375 0.0609375 0.071875
6 0.796875 0.1765625 0.20546875 0.20390625
0 0.4859375 0.5140625 0.528125 0.43828125
6 0.784375 0.03984375 0.296875 0.0796875
6 0.9484375 0.15859375 0.103125 0.234375
6 0.28203125 0.265625 0.196875 0.21796875
6 0.69453125 0.18984375 0.16640625 0.20390625
6 0.10859375 0.346875 0.21640625 0.253125
6 0.61171875 0.90859375 0.2359375 0.1828125
6 0.13046875 0.58125 0.2609375 0.20390625
6 0.284375 0.74765625 0.25859375 0.25625
5 0.31640625 0.42734375 0.1328125 0.13671875