6 0.0140625 0.89140625 0.028125 0.20078125
5 0.984375 0.1875 0.03046875 0.07734375
5 0.75703125 0.98203125 0.09140625 0.0359375
0 0.4984375 0.503125 0.35859375 0.509375
6 0.90546875 0.978125 0.18359375 0.04375
6 0.96953125 0.6015625 0.0609375 0.2453125
6 0.9375 0.05390625 0.125 0.1078125
6 0.05390625 0.4140625 0.1078125 0.278125
6 0.1515625 0.25234375 0.225 0.22890625
6 0.06953125 0.084375 0.1390625 0.16796875
6 0.13203125 0.68984375 0.23046875 0.21796875
6 0.68046875 0.084375 0.2109375 0.16796875
6 0.871875 0.44765625 0.2390625 0.21796875
6 0.596875 0.91015625 0.228125 0.17890625
6 0.403125 0.84296875 0.221875 0.23125
6 0.73046875 0.6875 0.228125 0.2234375
6 0.3515625 0.23828125 0.20859375 0.22890625
6 0.23359375 0.5015625 0.23359375 0.23671875
6 0.79296875 0.2453125 0.225 0.22578125