6 0.49453125 0.99296875 0.171875 0.0140625
6 0.071875 0.9890625 0.1390625 0.021875
6 0.96171875 0.9375 0.0703125 0.125
6 0.9703125 0.728125 0.059375 0.234375
6 0.81640625 0.74375 0.228125 0.19296875
0 0.50703125 0.4984375 0.396875 0.48515625
6 0.8859375 0.05078125 0.221875 0.1015625
6 0.33359375 0.07734375 0.228125 0.15390625
6 0.834375 0.85 0.23046875 0.20078125
6 0.60546875 0.18984375 0.2 0.1984375
6 0.8109375 0.2 0.20546875 0.20078125
6 0.3359375 0.69140625 0.20546875 0.20390625
6 0.2640625 0.346875 0.19453125 0.1984375
6 0.10390625 0.746875 0.2078125 0.21875
6 0.28359375 0.90625 0.23359375 0.1875
6 0.0859375 0.42578125 0.171875 0.20625
6 0.49453125 0.8375 0.21640625 0.21484375