6 0.65390625 0.0109375 0.23046875 0.021875
6 0.15546875 0.9875 0.25546875 0.025
6 0.9375 0.96640625 0.125 0.0671875
6 0.0265625 0.77578125 0.053125 0.22890625
0 0.5 0.49453125 0.35546875 0.35
5 0.7640625 0.84140625 0.0890625 0.08515625
6 0.68359375 0.68046875 0.28359375 0.24765625
6 0.87109375 0.8921875 0.225 0.1984375
6 0.07890625 0.12421875 0.1578125 0.2234375
6 0.121875 0.28515625 0.20546875 0.1953125
6 0.51484375 0.09609375 0.2203125 0.1921875
6 0.32890625 0.25234375 0.2140625 0.20078125
6 0.44140625 0.7796875 0.221875 0.23125