6 0.0203125 0.04921875 0.040625 0.0984375
6 0.02109375 0.2421875 0.04140625 0.20390625
6 0.9234375 0.975 0.146875 0.04921875
6 0.6703125 0.0203125 0.225 0.040625
6 0.05703125 0.8703125 0.1140625 0.253125
6 0.084375 0.39765625 0.16875 0.1796875
0 0.50390625 0.49296875 0.43046875 0.396875
6 0.675 0.75625 0.2390625 0.17890625
6 0.26640625 0.59609375 0.23359375 0.234375
6 0.09453125 0.6609375 0.1890625 0.23125
6 0.8765625 0.60078125 0.2359375 0.209375
6 0.3984375 0.91328125 0.2640625 0.1734375
6 0.30859375 0.2578125 0.2390625 0.23984375
6 0.90546875 0.13359375 0.18359375 0.23984375
6 0.59765625 0.69921875 0.26875 0.2015625