6 0.13359375 0.01484375 0.25703125 0.0296875
6 0.065625 0.92421875 0.13125 0.140625
6 0.11484375 0.97421875 0.22421875 0.0515625
6 0.975 0.5640625 0.05 0.221875
6 0.01796875 0.1515625 0.03515625 0.18984375
5 0.83359375 0.12734375 0.08203125 0.08125
0 0.51484375 0.4984375 0.46171875 0.4875
6 0.13671875 0.153125 0.25703125 0.28984375
6 0.69296875 0.909375 0.23203125 0.18125
6 0.31796875 0.2375 0.26484375 0.23046875
6 0.121875 0.6453125 0.24296875 0.265625
6 0.82734375 0.9046875 0.2140625 0.190625
6 0.88828125 0.05703125 0.21875 0.1140625
6 0.7296875 0.246875 0.240625 0.23828125
6 0.434375 0.89296875 0.2625 0.2140625
6 0.20078125 0.43515625 0.25390625 0.246875
6 0.7921875 0.5625 0.2734375 0.2625