6 0.975 0.9546875 0.04453125 0.090625
6 0.046875 0.90234375 0.09375 0.1953125
6 0.8484375 0.975 0.21953125 0.04921875
0 0.5 0.49140625 0.41640625 0.39375
6 0.0625 0.0484375 0.125 0.09609375
6 0.4421875 0.92109375 0.203125 0.1578125
6 0.86953125 0.06875 0.21640625 0.1375
6 0.075 0.69140625 0.15 0.2421875
6 0.89296875 0.47265625 0.20859375 0.184375
6 0.3140625 0.09921875 0.2390625 0.1984375
6 0.92109375 0.2578125 0.153125 0.2234375
6 0.734375 0.278125 0.2140625 0.2203125
6 0.74453125 0.6296875 0.2390625 0.21796875
6 0.6890625 0.84296875 0.228125 0.209375
6 0.19453125 0.28515625 0.21640625 0.2234375
6 0.92109375 0.7078125 0.153125 0.22578125
6 0.25546875 0.66640625 0.221875 0.209375