6 0.9890625 0.9265625 0.021875 0.146875
6 0.0234375 0.36328125 0.046875 0.1484375
6 0.371875 0.02578125 0.25 0.0515625
6 0.05390625 0.9734375 0.1078125 0.053125
0 0.496875 0.496875 0.39453125 0.4765625
5 0.64609375 0.06640625 0.103125 0.1046875
6 0.55546875 0.16015625 0.26640625 0.209375
6 0.93203125 0.2203125 0.13046875 0.2203125
6 0.88359375 0.3953125 0.221875 0.20078125
6 0.69609375 0.28515625 0.2140625 0.20625
6 0.62890625 0.72890625 0.20859375 0.234375
6 0.89453125 0.603125 0.2 0.21484375
6 0.865625 0.83046875 0.253125 0.22890625
6 0.12890625 0.7703125 0.2359375 0.21796875
6 0.35390625 0.7703125 0.21953125 0.22890625