0 0.496875 0.4671875 0.44453125 0.47109375
6 0.034375 0.9265625 0.06875 0.146875
6 0.528125 0.0328125 0.2 0.065625
6 0.034375 0.575 0.06875 0.265625
6 0.240625 0.40625 0.21953125 0.22890625
5 0.05390625 0.10078125 0.096875 0.09609375
6 0.61953125 0.94921875 0.23359375 0.1015625
6 0.53046875 0.91015625 0.221875 0.17890625
6 0.95 0.28125 0.09453125 0.2203125
6 0.9125 0.96796875 0.16953125 0.06328125
6 0.9390625 0.49453125 0.11640625 0.22890625
6 0.7515625 0.06640625 0.2359375 0.13203125
6 0.3859375 0.73828125 0.221875 0.2421875
6 0.0734375 0.35703125 0.146875 0.20078125
6 0.14140625 0.73671875 0.25 0.1953125
6 0.646875 0.73828125 0.23359375 0.21484375
6 0.85859375 0.83359375 0.221875 0.20625
6 0.209375 0.53046875 0.203125 0.2234375
6 0.434375 0.08671875 0.25859375 0.1734375
6 0.93359375 0.0828125 0.128125 0.165625
6 0.78359375 0.5671875 0.2109375 0.20390625
6 0.79140625 0.3625 0.21640625 0.20625
6 0.2109375 0.1828125 0.24453125 0.20625