6 0.68046875 0.078125 0.2 0.1515625
6 0.878125 0.66953125 0.23359375 0.2703125
6 0.63046875 0.0234375 0.25546875 0.046875
6 0.10546875 0.0328125 0.2109375 0.065625
6 0.0375 0.4296875 0.075 0.253125
6 0.940625 0.5953125 0.1140625 0.2203125
5 0.76640625 0.51953125 0.11640625 0.12421875
0 0.503125 0.4984375 0.378125 0.396875
6 0.046875 0.165625 0.09375 0.209375
6 0.75859375 0.971875 0.2203125 0.05625
5 0.7515625 0.746875 0.0859375 0.08828125
6 0.58125 0.903125 0.246875 0.19375
6 0.64296875 0.26171875 0.225 0.23125
6 0.30703125 0.940625 0.246875 0.11875
6 0.59296875 0.7875 0.24140625 0.21484375
6 0.75546875 0.28515625 0.2109375 0.2125
6 0.2328125 0.08515625 0.24375 0.1703125
6 0.10546875 0.890625 0.2109375 0.21875
6 0.14453125 0.6859375 0.2390625 0.24765625
6 0.365625 0.75625 0.24140625 0.22890625
6 0.1890625 0.475 0.25546875 0.2234375
6 0.240625 0.26875 0.275 0.21796875
6 0.45703125 0.13359375 0.24140625 0.2453125
6 0.921875 0.33359375 0.15 0.23125