6 0.52578125 0.66796875 0.18828125 0.14375
6 0.64453125 0.0125 0.21875 0.02421875
0 0.50234375 0.51484375 0.41015625 0.428125
6 0.121875 0.203125 0.2265625 0.221875
6 0.9453125 0.63046875 0.109375 0.24140625
6 0.5078125 0.92421875 0.21875 0.1515625
6 0.80078125 0.7734375 0.2625 0.20859375
6 0.2375 0.46875 0.1859375 0.20078125
6 0.89453125 0.40546875 0.19921875 0.2359375
6 0.11484375 0.6640625 0.22421875 0.2328125
6 0.31953125 0.7734375 0.240625 0.20859375
6 0.0765625 0.4375 0.153125 0.25234375
6 0.08828125 0.1359375 0.17109375 0.228125