6 0.34453125 0.059375 0.221875 0.11875
6 0.96796875 0.5015625 0.0640625 0.25859375
6 0.9734375 0.7703125 0.053125 0.22890625
6 0.9515625 0.046875 0.09140625 0.09375
6 0.959375 0.2203125 0.08046875 0.26484375
0 0.503125 0.50390625 0.48359375 0.4625
6 0.6515625 0.74921875 0.2359375 0.21484375
6 0.459375 0.02734375 0.225 0.0546875
5 0.30859375 0.9515625 0.06640625 0.06875
6 0.04609375 0.06875 0.09140625 0.1375
6 0.19140625 0.9546875 0.25 0.090625
6 0.053125 0.86640625 0.10546875 0.20625
6 0.70390625 0.35234375 0.246875 0.26484375
6 0.73359375 0.92421875 0.25546875 0.1515625
6 0.7265625 0.0609375 0.23046875 0.12109375
6 0.22109375 0.38984375 0.2140625 0.21796875
6 0.81953125 0.19453125 0.2109375 0.20078125
6 0.465625 0.884375 0.246875 0.23125
6 0.825 0.58125 0.25 0.23125
6 0.403125 0.2234375 0.23359375 0.23125
6 0.1484375 0.171875 0.23046875 0.23984375
6 0.13203125 0.6953125 0.246875 0.22890625
6 0.065625 0.4890625 0.13046875 0.23984375