6 0.5109375 0.790625 0.3 0.253125
6 0.6015625 0.08671875 0.2359375 0.1734375
6 0.68046875 0.7296875 0.271875 0.3140625
0 0.4984375 0.51640625 0.43046875 0.5203125
6 0.94140625 0.39375 0.11640625 0.28671875
0 0.16953125 0.23671875 0.3390625 0.30859375
6 0.82890625 0.05234375 0.25859375 0.1046875
6 0.05546875 0.50703125 0.1109375 0.24765625
6 0.6140625 0.93515625 0.2390625 0.1296875
6 0.65390625 0.16015625 0.253125 0.22578125
6 0.89453125 0.77421875 0.20546875 0.30859375
6 0.3140625 0.91015625 0.278125 0.17890625
6 0.0875 0.72421875 0.175 0.23671875
6 0.39609375 0.1265625 0.225 0.2421875