6 0.3859375 0.009375 0.228125 0.01875
6 0.96953125 0.509375 0.0609375 0.23125
6 0.0234375 0.06484375 0.046875 0.1296875
0 0.49296875 0.496875 0.525 0.371875
5 0.896875 0.9421875 0.11640625 0.115625
5 0.53359375 0.75625 0.10546875 0.090625
6 0.040625 0.83359375 0.08046875 0.2453125
6 0.0484375 0.3703125 0.096875 0.2453125
6 0.3890625 0.9515625 0.228125 0.09609375
6 0.878125 0.07265625 0.2 0.1453125
6 0.56796875 0.89375 0.2140625 0.20625
6 0.165625 0.9078125 0.225 0.184375
6 0.2234375 0.38125 0.24140625 0.25078125
6 0.2375 0.6171875 0.23046875 0.2203125
6 0.8609375 0.44765625 0.21640625 0.22890625
6 0.7 0.69140625 0.228125 0.2203125
6 0.7375 0.2453125 0.24140625 0.23671875
6 0.190625 0.1171875 0.246875 0.234375