6 0.91015625 0.0078125 0.1765625 0.015625
6 0.93984375 0.98359375 0.11484375 0.0328125
6 0.95859375 0.0984375 0.0828125 0.18125
0 0.5078125 0.50390625 0.37734375 0.47734375
6 0.0828125 0.05390625 0.165625 0.1078125
6 0.9375 0.85625 0.1203125 0.24375
6 0.621875 0.090625 0.2265625 0.18125
6 0.62734375 0.67109375 0.17734375 0.2140625
6 0.18984375 0.91328125 0.21015625 0.1734375
6 0.3125 0.0828125 0.2921875 0.165625
6 0.9125 0.49609375 0.16953125 0.20625
6 0.08984375 0.36796875 0.1796875 0.2109375
6 0.81171875 0.72890625 0.2296875 0.221875