6 0.20390625 0.3015625 0.246875 0.2453125
6 0.9859375 0.93671875 0.028125 0.1265625
6 0.98203125 0.36484375 0.0359375 0.17890625
6 0.4640625 0.7203125 0.36640625 0.17890625
6 0.0484375 0.234375 0.096875 0.209375
6 0.35859375 0.97890625 0.2203125 0.0421875
0 0.503125 0.4984375 0.48359375 0.49609375
6 0.56640625 0.80859375 0.328125 0.184375
6 0.0640625 0.94609375 0.128125 0.1078125
6 0.071875 0.07578125 0.14375 0.1515625
6 0.5734375 0.12421875 0.24140625 0.24765625
6 0.15703125 0.7453125 0.28046875 0.20078125
6 0.571875 0.94453125 0.24453125 0.11015625
6 0.859375 0.94453125 0.225 0.11015625
6 0.40703125 0.0828125 0.21953125 0.165625
6 0.2359375 0.1140625 0.221875 0.228125
6 0.8234375 0.59375 0.24140625 0.20078125
6 0.2140625 0.915625 0.228125 0.16796875
6 0.87890625 0.21640625 0.23046875 0.25625
6 0.825 0.42578125 0.24609375 0.23515625
6 0.69140625 0.25546875 0.1953125 0.26015625
6 0.1578125 0.515625 0.209375 0.27890625
6 0.05703125 0.57578125 0.11328125 0.30546875