6 0.65390625 0.9890625 0.23046875 0.021875
6 0.965625 0.1140625 0.0640625 0.1953125
6 0.87890625 0.08671875 0.225 0.1734375
6 0.2921875 0.01484375 0.240625 0.0296875
6 0.30234375 0.9609375 0.2171875 0.078125
5 0.971875 0.4046875 0.05 0.11015625
5 0.059375 0.9296875 0.11875 0.140625
0 0.50390625 0.49609375 0.41953125 0.35234375
6 0.43203125 0.953125 0.225 0.09375
6 0.76953125 0.48515625 0.20546875 0.2203125
6 0.1015625 0.071875 0.203125 0.14296875
6 0.06953125 0.55234375 0.1390625 0.22890625
6 0.93046875 0.55390625 0.13359375 0.2203125
6 0.3734375 0.290625 0.20859375 0.20625
6 0.178125 0.23984375 0.24453125 0.23125
6 0.60859375 0.115625 0.228125 0.22578125
6 0.69453125 0.24375 0.228125 0.21796875
6 0.359375 0.746875 0.2359375 0.209375
6 0.128125 0.75859375 0.228125 0.21796875
6 0.79140625 0.859375 0.221875 0.22578125
6 0.765625 0.6265625 0.2140625 0.21796875
6 0.24609375 0.56328125 0.21953125 0.22890625