6 0.9875 0.21875 0.025 0.2234375
6 0.3859375 0.0921875 0.18359375 0.184375
6 0.984375 0.45859375 0.03046875 0.20078125
6 0.95859375 0.9625 0.078125 0.07421875
6 0.31953125 0.02890625 0.221875 0.0578125
6 0.6109375 0.79453125 0.21640625 0.20625
6 0.53359375 0.9765625 0.221875 0.046875
0 0.503125 0.4984375 0.471875 0.4796875
6 0.79296875 0.02890625 0.2140625 0.0578125
6 0.2015625 0.89921875 0.253125 0.18984375
6 0.10703125 0.0375 0.2140625 0.07421875
6 0.771875 0.94921875 0.25 0.1015625
6 0.05703125 0.56875 0.1140625 0.25625
6 0.79140625 0.34609375 0.20546875 0.21796875
6 0.73046875 0.7703125 0.19453125 0.2890625
6 0.44453125 0.896875 0.2390625 0.20078125
6 0.1890625 0.196875 0.25546875 0.25625
6 0.2875 0.70546875 0.203125 0.23671875
6 0.62890625 0.21796875 0.20859375 0.2203125
6 0.88359375 0.5828125 0.221875 0.22890625
6 0.903125 0.82265625 0.1890625 0.22890625
6 0.18359375 0.465625 0.228125 0.2421875
6 0.85859375 0.16953125 0.25 0.23984375