6 0.0453125 0.9609375 0.090625 0.078125
5 0.0375 0.35234375 0.075 0.11015625
0 0.5 0.496875 0.39453125 0.39921875
5 0.13984375 0.95546875 0.1140625 0.0890625
5 0.15859375 0.384375 0.10546875 0.09609375
6 0.43203125 0.86640625 0.225 0.2234375
6 0.93203125 0.83359375 0.13046875 0.278125
6 0.746875 0.0703125 0.23359375 0.140625
6 0.121875 0.17421875 0.24375 0.2890625
6 0.925 0.1421875 0.14453125 0.2453125
6 0.09296875 0.734375 0.1859375 0.20625
6 0.1875 0.534375 0.253125 0.253125
6 0.64609375 0.884375 0.26953125 0.23125
6 0.725 0.28125 0.21640625 0.2203125
6 0.8 0.534375 0.25 0.2921875
6 0.30703125 0.76171875 0.225 0.21796875