6 0.9890625 0.08125 0.021875 0.1625
5 0.6828125 0.009375 0.134375 0.01875
6 0.103125 0.1015625 0.2 0.1984375
6 0.025 0.5140625 0.05 0.2234375
6 0.025 0.72578125 0.05 0.22890625
6 0.95546875 0.28671875 0.0890625 0.253125
5 0.87109375 0.059375 0.08046875 0.0796875
6 0.95390625 0.73125 0.09140625 0.22890625
0 0.50546875 0.5015625 0.421875 0.4296875
6 0.2125 0.47421875 0.225 0.2203125
6 0.253125 0.59921875 0.228125 0.23984375
6 0.190625 0.14453125 0.2359375 0.21796875
6 0.53359375 0.91171875 0.19453125 0.1765625
6 0.38203125 0.27421875 0.2859375 0.234375
6 0.115625 0.90625 0.23046875 0.1875
6 0.46796875 0.09921875 0.246875 0.1984375
6 0.73828125 0.903125 0.2390625 0.19375
6 0.75390625 0.33359375 0.24140625 0.2203125
6 0.7 0.13671875 0.24453125 0.2234375
6 0.3390625 0.8734375 0.228125 0.2421875