6 0.103125 0.8578125 0.20546875 0.18984375
6 0.821875 0.7875 0.31640625 0.253125
6 0.9890625 0.63671875 0.021875 0.20390625
6 0.02890625 0.5140625 0.0578125 0.20625
6 0.909375 0.98984375 0.175 0.0203125
6 0.403125 0.02890625 0.18359375 0.0578125
5 0.85703125 0.04296875 0.046875 0.04140625
6 0.034375 0.265625 0.06875 0.25625
6 0.8 0.0140625 0.23359375 0.02734375
6 0.08203125 0.51484375 0.1640625 0.21484375
0 0.48203125 0.5109375 0.396875 0.44921875
6 0.103125 0.928125 0.20546875 0.14296875
6 0.5984375 0.90625 0.246875 0.1875
6 0.2234375 0.3515625 0.203125 0.26171875
6 0.60390625 0.07578125 0.2359375 0.1515625
6 0.73359375 0.5921875 0.23359375 0.1875
6 0.14296875 0.10625 0.21953125 0.2125
6 0.890625 0.1734375 0.2140625 0.22578125
6 0.3234375 0.88671875 0.23046875 0.22578125
6 0.2265625 0.684375 0.225 0.21796875
6 0.690625 0.253125 0.2359375 0.23125
6 0.84296875 0.41328125 0.21953125 0.21484375
6 0.271875 0.05703125 0.24140625 0.1140625