6 0.69453125 0.0109375 0.178125 0.021875
6 0.30625 0.0203125 0.240625 0.040625
6 0.05 0.1609375 0.1 0.3
6 0.94296875 0.6046875 0.10859375 0.2453125
0 0.5 0.4984375 0.371875 0.36953125
6 0.77890625 0.6375 0.246875 0.2671875
5 0.2375 0.571875 0.06953125 0.07421875
5 0.57890625 0.7703125 0.09140625 0.0796875
6 0.19453125 0.09921875 0.221875 0.1984375
6 0.403125 0.1078125 0.2109375 0.21484375
6 0.64609375 0.10859375 0.2359375 0.18984375
6 0.28203125 0.75078125 0.21953125 0.22890625
6 0.784375 0.278125 0.21953125 0.20390625
6 0.10546875 0.86796875 0.2109375 0.23125
6 0.9546875 0.125 0.090625 0.1953125
6 0.88671875 0.06875 0.1984375 0.1375