6 0.72109375 0.009375 0.2359375 0.01875
6 0.0109375 0.14453125 0.021875 0.20625
6 0.946875 0.41328125 0.10546875 0.3140625
6 0.03046875 0.76015625 0.0609375 0.22578125
6 0.90703125 0.0484375 0.1859375 0.09609375
6 0.5265625 0.7765625 0.2140625 0.1875
0 0.503125 0.49609375 0.4 0.41875
6 0.928125 0.94609375 0.1390625 0.1078125
6 0.05390625 0.359375 0.1078125 0.20625
6 0.159375 0.0578125 0.2140625 0.115625
6 0.840625 0.69453125 0.2359375 0.22578125
6 0.56796875 0.92578125 0.2359375 0.1484375
6 0.790625 0.56171875 0.203125 0.1984375
6 0.353125 0.1953125 0.2109375 0.209375
6 0.1140625 0.90625 0.228125 0.1875
6 0.79140625 0.28125 0.221875 0.23125
6 0.209375 0.590625 0.2359375 0.2234375
6 0.20703125 0.371875 0.20859375 0.209375