5 0.4609375 0.01796875 0.11640625 0.0359375
6 0.9765625 0.45703125 0.046875 0.21484375
6 0.7 0.74921875 0.2390625 0.24765625
6 0.7 0.95703125 0.2109375 0.08515625
0 0.50859375 0.5015625 0.45546875 0.43515625
6 0.64453125 0.15546875 0.19453125 0.2125
6 0.34140625 0.103125 0.228125 0.20625
6 0.884375 0.90234375 0.21953125 0.1953125
6 0.1125 0.54921875 0.225 0.23984375
6 0.253125 0.38828125 0.2 0.22578125
6 0.9125 0.1890625 0.16953125 0.234375
6 0.85546875 0.53203125 0.23359375 0.209375
6 0.3609375 0.80859375 0.228125 0.25078125