6 0.025 0.06328125 0.05 0.12109375
6 0.0109375 0.29453125 0.021875 0.21484375
6 0.98203125 0.43671875 0.0359375 0.2125
6 0.98046875 0.734375 0.0390625 0.2125
5 0.2265625 0.79375 0.06953125 0.07734375
6 0.9484375 0.04296875 0.103125 0.08515625
6 0.38515625 0.9734375 0.2453125 0.053125
5 0.64453125 0.04921875 0.071875 0.07734375
5 0.0984375 0.4875 0.08046875 0.0828125
0 0.50546875 0.50703125 0.421875 0.440625
6 0.8046875 0.09609375 0.25 0.1921875
6 0.59609375 0.896875 0.26953125 0.20625
6 0.80390625 0.734375 0.30859375 0.23984375
6 0.20390625 0.303125 0.23046875 0.22578125
6 0.0875 0.11015625 0.175 0.21484375
6 0.82109375 0.50546875 0.23046875 0.2453125
6 0.18203125 0.62421875 0.275 0.23984375