5 0.01640625 0.51796875 0.0328125 0.0828125
6 0.74296875 0.9859375 0.253125 0.02734375
6 0.02890625 0.89765625 0.0578125 0.2046875
6 0.953125 0.4625 0.0890625 0.2421875
0 0.5 0.51953125 0.428125 0.48203125
6 0.51640625 0.965625 0.2390625 0.06875
6 0.93046875 0.6984375 0.1390625 0.2453125
6 0.90703125 0.196875 0.175 0.22890625
6 0.115625 0.1484375 0.225 0.23671875
6 0.11953125 0.67734375 0.2390625 0.25859375
6 0.75 0.84140625 0.278125 0.2234375
6 0.6859375 0.23125 0.2390625 0.2203125
6 0.3609375 0.10625 0.2609375 0.2125
6 0.32890625 0.86640625 0.2640625 0.25078125
6 0.18359375 0.4203125 0.24453125 0.26171875