6 0.9890625 0.43515625 0.021875 0.23125
6 0.9578125 0.02578125 0.084375 0.0515625
6 0.0234375 0.084375 0.046875 0.16796875
6 0.9734375 0.671875 0.053125 0.2203125
6 0.03046875 0.890625 0.0609375 0.21875
6 0.975 0.209375 0.05 0.23671875
6 0.146875 0.05546875 0.24453125 0.11015625
0 0.5015625 0.525 0.475 0.55390625
6 0.85546875 0.09921875 0.24453125 0.1984375
6 0.79453125 0.95546875 0.2609375 0.0890625
6 0.94296875 0.91171875 0.1140625 0.1765625
6 0.54140625 0.94453125 0.2390625 0.11015625
6 0.684375 0.25078125 0.26953125 0.25859375
6 0.34453125 0.08984375 0.228125 0.17890625
6 0.175 0.8515625 0.24453125 0.23671875
6 0.5671875 0.090625 0.21875 0.18125
6 0.78046875 0.56171875 0.2109375 0.253125
6 0.89140625 0.35546875 0.19453125 0.24765625
6 0.26796875 0.3140625 0.23046875 0.24765625
6 0.36640625 0.765625 0.2390625 0.2421875
6 0.73046875 0.79609375 0.28359375 0.22578125
6 0.08203125 0.25859375 0.1640625 0.23671875