6 0.90546875 0.75625 0.178125 0.1953125
6 0.0359375 0.975 0.071875 0.04921875
6 0.603125 0.76015625 0.29453125 0.29765625
6 0.8859375 0.975 0.20546875 0.04921875
6 0.14140625 0.0484375 0.2390625 0.09609375
5 0.3890625 0.0140625 0.071875 0.02734375
6 0.61484375 0.97890625 0.2140625 0.0421875
5 0.8125 0.20546875 0.096875 0.090625
0 0.49296875 0.49609375 0.446875 0.48515625
6 0.6890625 0.05390625 0.228125 0.1078125
6 0.2671875 0.08515625 0.240625 0.1703125
5 0.20546875 0.19140625 0.06640625 0.06328125
6 0.559375 0.1984375 0.225 0.20390625
6 0.3515625 0.80546875 0.24140625 0.2453125
6 0.14453125 0.91015625 0.2390625 0.17890625
6 0.821875 0.58984375 0.25546875 0.23125
6 0.7390625 0.86640625 0.2390625 0.23984375
6 0.7640625 0.35390625 0.25546875 0.22890625
6 0.36171875 0.21328125 0.23828125 0.21171875