6 0.97890625 0.5796875 0.04140625 0.23984375
0 0.5015625 0.50390625 0.396875 0.42421875
6 0.0609375 0.8625 0.121875 0.22578125
6 0.19140625 0.978125 0.20546875 0.04375
6 0.9609375 0.22890625 0.078125 0.253125
6 0.04140625 0.58203125 0.0828125 0.2296875
6 0.4625 0.9515625 0.25859375 0.09609375
6 0.221875 0.3609375 0.23359375 0.2203125
6 0.0625 0.253125 0.125 0.2703125
6 0.92109375 0.92578125 0.153125 0.1484375
6 0.8375 0.56484375 0.23046875 0.28125
6 0.2609375 0.8 0.221875 0.20078125
6 0.72890625 0.3046875 0.225 0.2234375
6 0.825 0.11171875 0.228125 0.2125
6 0.225 0.51953125 0.2109375 0.21796875
6 0.6015625 0.8109375 0.21953125 0.2125