6 0.975 0.128125 0.05 0.2234375
6 0.01953125 0.83359375 0.0390625 0.23984375
6 0.02109375 0.60859375 0.04140625 0.253125
6 0.1875 0.78203125 0.2140625 0.25859375
6 0.45546875 0.0140625 0.23359375 0.02734375
6 0.08046875 0.2453125 0.1609375 0.20390625
6 0.140625 0.72578125 0.28046875 0.20078125
6 0.090625 0.1171875 0.18046875 0.22890625
6 0.409375 0.95859375 0.26953125 0.0828125
0 0.48359375 0.51796875 0.471875 0.5015625
6 0.23203125 0.31015625 0.21953125 0.18984375
6 0.2359375 0.04296875 0.2609375 0.08515625
6 0.16640625 0.4203125 0.228125 0.2234375
6 0.0984375 0.93125 0.196875 0.1375
6 0.8109375 0.8953125 0.271875 0.209375
6 0.7875 0.4796875 0.25859375 0.25859375
6 0.878125 0.253125 0.23359375 0.23125
6 0.5625 0.22578125 0.225 0.209375
6 0.7109375 0.09765625 0.2390625 0.1953125
6 0.86953125 0.6859375 0.2390625 0.2421875