6 0.23125 0.98984375 0.225 0.0203125
6 0.9859375 0.56328125 0.028125 0.20625
6 0.04609375 0.80546875 0.09140625 0.21796875
6 0.5171875 0.97890625 0.209375 0.0421875
5 0.7140625 0.76015625 0.1 0.1046875
6 0.23203125 0.42734375 0.24140625 0.253125
6 0.10546875 0.53046875 0.20546875 0.20078125
0 0.50390625 0.49453125 0.35859375 0.36640625
6 0.08046875 0.9078125 0.1609375 0.184375
6 0.33203125 0.24375 0.19140625 0.21796875
6 0.09453125 0.3046875 0.1890625 0.2453125
6 0.090625 0.0484375 0.18046875 0.09609375
6 0.32109375 0.6984375 0.253125 0.2453125
6 0.3515625 0.11328125 0.203125 0.21484375
6 0.88359375 0.6609375 0.21640625 0.253125
6 0.68125 0.903125 0.246875 0.19375
6 0.66796875 0.23515625 0.23046875 0.234375
6 0.953125 0.853125 0.09375 0.27421875