6 0.22890625 0.0109375 0.24140625 0.021875
6 0.97734375 0.93125 0.0453125 0.1375
5 0.346875 0.33046875 0.071875 0.06640625
6 0.94453125 0.2453125 0.1109375 0.2703125
6 0.03203125 0.48359375 0.0640625 0.21796875
6 0.59296875 0.07734375 0.25859375 0.15390625
4 0.5015625 0.5109375 0.446875 0.42734375
6 0.4640625 0.05546875 0.26640625 0.11015625
6 0.93984375 0.68125 0.1203125 0.271875
6 0.06484375 0.08515625 0.1296875 0.1703125
6 0.0609375 0.28203125 0.121875 0.23984375
6 0.82890625 0.58984375 0.20859375 0.28671875
6 0.528125 0.93203125 0.253125 0.1359375
6 0.290625 0.92578125 0.25859375 0.1484375
6 0.178125 0.14765625 0.228125 0.2234375
6 0.17890625 0.44375 0.25859375 0.325
6 0.8484375 0.0953125 0.2859375 0.18984375
6 0.77890625 0.31953125 0.26953125 0.26484375
6 0.75703125 0.84140625 0.2359375 0.234375
6 0.4859375 0.20078125 0.28359375 0.2203125
6 0.25859375 0.72890625 0.25546875 0.25078125