6 0.95703125 0.31953125 0.08046875 0.25859375
4 0.50703125 0.5015625 0.39140625 0.4296875
6 0.02890625 0.2390625 0.0578125 0.2375
6 0.371875 0.6984375 0.221875 0.184375
6 0.85390625 0.9765625 0.246875 0.046875
5 0.253125 0.5578125 0.1 0.08515625
6 0.38359375 0.94765625 0.271875 0.1046875
6 0.096875 0.58671875 0.1890625 0.22578125
6 0.1109375 0.95703125 0.221875 0.08515625
6 0.0640625 0.825 0.128125 0.234375
6 0.12890625 0.2453125 0.1640625 0.20390625
6 0.075 0.06875 0.15 0.1375
6 0.33515625 0.090625 0.2109375 0.18125
6 0.771875 0.39375 0.178125 0.20390625
6 0.92109375 0.54140625 0.153125 0.25078125
6 0.87109375 0.1875 0.246875 0.25859375
6 0.71875 0.08515625 0.271875 0.1703125
6 0.915625 0.79609375 0.1640625 0.253125
6 0.253125 0.3578125 0.221875 0.2203125
6 0.24140625 0.85546875 0.26640625 0.2453125
6 0.575 0.8828125 0.26640625 0.234375