6 0.0734375 0.01796875 0.146875 0.0359375
4 0.5015625 0.50390625 0.4640625 0.4515625
5 0.9625 0.03046875 0.075 0.0609375
6 0.725 0.0484375 0.25 0.09609375
6 0.2734375 0.04296875 0.225 0.08515625
6 0.93984375 0.16171875 0.1203125 0.2265625
6 0.57890625 0.15390625 0.20859375 0.1875
6 0.7765625 0.2328125 0.225 0.26171875
6 0.721875 0.82265625 0.2 0.27265625
6 0.21171875 0.9140625 0.2203125 0.171875
6 0.3359375 0.2125 0.271875 0.23671875
6 0.084375 0.14921875 0.16875 0.2234375
6 0.26953125 0.721875 0.228125 0.2203125
6 0.496875 0.82265625 0.25546875 0.23984375
6 0.9109375 0.83203125 0.171875 0.21484375
6 0.1625 0.48046875 0.24140625 0.25625
6 0.86953125 0.615625 0.25546875 0.2234375