6 0.009375 0.78046875 0.01875 0.2015625
5 0.95546875 0.9890625 0.078125 0.021875
6 0.05390625 0.03828125 0.1078125 0.0765625
5 0.9734375 0.95703125 0.053125 0.0796875
4 0.50546875 0.5015625 0.46640625 0.46796875
6 0.8984375 0.7328125 0.19140625 0.28125
6 0.034375 0.45234375 0.06875 0.2390625
5 0.30390625 0.31796875 0.1359375 0.13515625
6 0.028125 0.234375 0.05546875 0.2421875
6 0.146875 0.05546875 0.2109375 0.11015625
6 0.94609375 0.15546875 0.103125 0.23984375
6 0.8734375 0.03984375 0.24140625 0.0796875
6 0.06640625 0.9265625 0.1328125 0.146875
6 0.5359375 0.9421875 0.23359375 0.115625
6 0.8390625 0.940625 0.2109375 0.11875
6 0.2734375 0.93671875 0.275 0.1265625
6 0.35546875 0.0703125 0.2109375 0.140625
6 0.16640625 0.2421875 0.228125 0.23671875
6 0.825 0.51484375 0.2390625 0.19296875
6 0.52890625 0.834375 0.21953125 0.20390625
6 0.909375 0.3828125 0.175 0.2421875
6 0.584375 0.18984375 0.2359375 0.1984375
6 0.18359375 0.45703125 0.228125 0.22578125
6 0.753125 0.7875 0.23359375 0.23125
6 0.290625 0.75859375 0.225 0.21796875
6 0.0984375 0.66015625 0.196875 0.2234375