6 0.009375 0.7046875 0.01875 0.209375
4 0.49609375 0.50546875 0.475 0.49296875
6 0.5109375 0.0109375 0.221875 0.021875
6 0.9640625 0.94453125 0.071875 0.11015625
6 0.01953125 0.334375 0.0390625 0.22890625
6 0.18203125 0.70625 0.24140625 0.184375
6 0.94453125 0.38046875 0.1109375 0.23671875
6 0.834375 0.965625 0.203125 0.06875
6 0.65 0.94609375 0.2 0.1078125
6 0.05859375 0.90625 0.11640625 0.1875
6 0.3875 0.80703125 0.23046875 0.209375
6 0.51953125 0.12109375 0.25 0.209375
6 0.90390625 0.07734375 0.19140625 0.15390625
6 0.371875 0.91171875 0.2109375 0.1765625
6 0.153125 0.3625 0.21640625 0.21796875
6 0.178125 0.8234375 0.20546875 0.22578125
6 0.684375 0.20390625 0.203125 0.19296875
6 0.2890625 0.175 0.228125 0.20078125
6 0.825 0.521875 0.228125 0.2234375
6 0.090625 0.1640625 0.18046875 0.184375
6 0.146875 0.5140625 0.221875 0.20625
6 0.91640625 0.78203125 0.1609375 0.21484375
6 0.81953125 0.32109375 0.228125 0.2125