6 0.4390625 0.9890625 0.221875 0.021875
6 0.0359375 0.7234375 0.071875 0.23984375
6 0.921875 0.07109375 0.15625 0.13984375
4 0.503125 0.503125 0.39453125 0.43828125
6 0.95546875 0.334375 0.08359375 0.25625
6 0.2109375 0.74921875 0.23359375 0.24765625
6 0.26484375 0.9609375 0.2296875 0.078125
6 0.1609375 0.09609375 0.278125 0.1921875
6 0.4484375 0.88984375 0.24140625 0.2203125
6 0.1234375 0.96640625 0.246875 0.0671875
6 0.43203125 0.790625 0.24140625 0.20390625
6 0.79140625 0.14453125 0.20546875 0.2234375
6 0.73046875 0.73671875 0.221875 0.20078125
6 0.2625 0.65390625 0.21953125 0.20625
6 0.678125 0.09609375 0.228125 0.1921875
6 0.878125 0.91875 0.2390625 0.1625
6 0.0734375 0.42421875 0.146875 0.2203125
6 0.6765625 0.86640625 0.24140625 0.25078125
6 0.78359375 0.59375 0.228125 0.2234375
6 0.2640625 0.33984375 0.21640625 0.2234375
6 0.1125 0.1859375 0.225 0.2234375
6 0.38203125 0.16640625 0.2640625 0.23984375
6 0.796875 0.36953125 0.20546875 0.23125
6 0.06328125 0.83046875 0.1265625 0.20390625