6 0.97578125 0.95546875 0.0421875 0.0890625
4 0.50546875 0.503125 0.54453125 0.5484375
6 0.0265625 0.31796875 0.053125 0.234375
6 0.490625 0.95859375 0.20859375 0.0828125
6 0.3359375 0.0671875 0.25 0.134375
6 0.34296875 0.1984375 0.253125 0.1984375
6 0.5765625 0.83359375 0.25859375 0.20625
6 0.13125 0.93203125 0.240625 0.1359375
6 0.16953125 0.3234375 0.228125 0.25078125
6 0.79296875 0.9078125 0.23046875 0.184375
6 0.078125 0.74765625 0.15546875 0.2453125
6 0.8765625 0.18984375 0.2359375 0.2421875
6 0.221875 0.63671875 0.21640625 0.22578125
6 0.0890625 0.50546875 0.178125 0.20625
6 0.84140625 0.671875 0.2390625 0.22578125
6 0.65390625 0.12265625 0.23046875 0.2125