6 0.1984375 0.0125 0.2359375 0.025
4 0.5015625 0.525 0.4859375 0.4875
6 0.9265625 0.8703125 0.146875 0.253125
5 0.45390625 0.14609375 0.046875 0.04375
6 0.115625 0.96953125 0.20859375 0.0609375
6 0.9203125 0.07109375 0.159375 0.1421875
5 0.3125 0.09921875 0.08046875 0.07734375
6 0.08359375 0.0828125 0.16640625 0.165625
6 0.628125 0.071875 0.25 0.14296875
6 0.37890625 0.94609375 0.225 0.1078125
6 0.05703125 0.33359375 0.1140625 0.23671875
6 0.0640625 0.85703125 0.128125 0.253125
6 0.7125 0.9421875 0.28046875 0.115625
6 0.18203125 0.4625 0.2140625 0.209375
6 0.34296875 0.803125 0.26953125 0.20078125
6 0.115625 0.58671875 0.21953125 0.25859375
6 0.62109375 0.803125 0.2359375 0.18984375
6 0.25859375 0.2421875 0.24453125 0.2421875
6 0.8875 0.46796875 0.2140625 0.22578125