6 0.9734375 0.03046875 0.053125 0.0609375
6 0.93203125 0.22578125 0.1359375 0.24765625
6 0.24609375 0.9765625 0.24140625 0.046875
6 0.56640625 0.20234375 0.2109375 0.14609375
4 0.4984375 0.51953125 0.48046875 0.465625
6 0.14296875 0.034375 0.2859375 0.06875
6 0.90390625 0.91328125 0.1859375 0.1734375
6 0.7046875 0.9609375 0.221875 0.078125
6 0.646875 0.04140625 0.2609375 0.0828125
6 0.74296875 0.20546875 0.203125 0.2234375
6 0.390625 0.8359375 0.325 0.25078125
6 0.703125 0.7796875 0.25546875 0.24765625
6 0.1109375 0.8703125 0.221875 0.25859375
6 0.9578125 0.35 0.084375 0.225