6 0.14453125 0.49296875 0.24453125 0.25859375
6 0.96953125 0.440625 0.0609375 0.23125
5 0.371875 0.22421875 0.1 0.09609375
4 0.4984375 0.5234375 0.4359375 0.4515625
6 0.78046875 0.975 0.25 0.04921875
6 0.046875 0.87109375 0.09375 0.2515625
6 0.9484375 0.640625 0.096875 0.2125
5 0.45859375 0.803125 0.078125 0.06875
6 0.0984375 0.5609375 0.196875 0.20625
6 0.5875 0.0921875 0.21953125 0.184375
6 0.31171875 0.07265625 0.2359375 0.1453125
6 0.890625 0.0953125 0.2140625 0.18984375
6 0.35234375 0.91953125 0.2109375 0.1609375
6 0.2359375 0.7578125 0.2109375 0.22578125
6 0.81640625 0.42578125 0.23359375 0.22890625
6 0.10390625 0.23046875 0.2078125 0.2484375