6 0.25859375 0.08671875 0.3609375 0.1734375
6 0.95234375 0.98359375 0.0953125 0.0328125
4 0.5015625 0.50390625 0.39140625 0.4296875
6 0.2109375 0.059375 0.23359375 0.11875
6 0.715625 0.9859375 0.246875 0.02734375
5 0.940625 0.546875 0.06953125 0.06328125
6 0.0359375 0.91875 0.071875 0.15703125
6 0.60859375 0.17734375 0.228125 0.2453125
6 0.93203125 0.3921875 0.13046875 0.27265625
6 0.690625 0.02734375 0.234375 0.0546875
6 0.325 0.05546875 0.2109375 0.11015625
6 0.525 0.1265625 0.24453125 0.21484375
6 0.90390625 0.89765625 0.1859375 0.2046875
6 0.94140625 0.70546875 0.1109375 0.2421875
6 0.21796875 0.3953125 0.23046875 0.20078125
6 0.165625 0.9375 0.25 0.125
6 0.1875 0.5109375 0.225 0.2234375
6 0.11796875 0.7875 0.23046875 0.23671875
6 0.078125 0.2875 0.15546875 0.25078125
6 0.9015625 0.1734375 0.19140625 0.23125
6 0.340625 0.7890625 0.246875 0.234375
6 0.759375 0.3125 0.2640625 0.26171875