4 0.50390625 0.50390625 0.446875 0.45703125
6 0.025 0.625 0.05 0.22578125
6 0.2140625 0.49453125 0.18359375 0.3109375
6 0.30625 0.0203125 0.246875 0.040625
6 0.94296875 0.09921875 0.10859375 0.1984375
6 0.5109375 0.953125 0.21640625 0.09375
6 0.071875 0.4046875 0.14375 0.28125
6 0.890625 0.69453125 0.203125 0.19296875
6 0.796875 0.91328125 0.2109375 0.1734375
6 0.375 0.2109375 0.25546875 0.234375
6 0.409375 0.79453125 0.25859375 0.25078125
6 0.68046875 0.13359375 0.228125 0.22890625
6 0.1375 0.171875 0.225 0.2125
6 0.6515625 0.77578125 0.2140625 0.1953125
6 0.8140625 0.41328125 0.228125 0.23671875