6 0.98203125 0.590625 0.0359375 0.20078125
4 0.4984375 0.50390625 0.4140625 0.43515625
6 0.01796875 0.3375 0.0359375 0.2234375
6 0.7234375 0.71796875 0.2640625 0.25625
6 0.92734375 0.09921875 0.1453125 0.1984375
6 0.29140625 0.05234375 0.221875 0.1046875
6 0.6765625 0.18046875 0.196875 0.20078125
6 0.9140625 0.37578125 0.1609375 0.26171875
6 0.090625 0.7078125 0.18046875 0.1984375
6 0.26953125 0.80703125 0.228125 0.26484375
6 0.76640625 0.87734375 0.271875 0.1953125
6 0.171875 0.2078125 0.24453125 0.23984375
6 0.490625 0.8953125 0.24140625 0.209375
6 0.16796875 0.4625 0.253125 0.2203125
6 0.45859375 0.165625 0.221875 0.26484375