6 0.3765625 0.01953125 0.196875 0.03828125
6 0.059375 0.503125 0.11875 0.265625
6 0.534375 0.171875 0.2140625 0.20078125
6 0.44140625 0.034375 0.19453125 0.06875
6 0.3234375 0.85 0.21953125 0.1625
6 0.09609375 0.9640625 0.19140625 0.071875
4 0.50859375 0.50859375 0.45 0.44921875
6 0.07890625 0.02578125 0.1578125 0.0515625
6 0.95 0.2109375 0.1 0.234375
6 0.7328125 0.0328125 0.25 0.065625
6 0.81953125 0.7890625 0.20546875 0.2125
6 0.465625 0.17890625 0.18046875 0.18203125
6 0.3140625 0.7546875 0.21640625 0.1984375
6 0.21953125 0.09609375 0.18359375 0.1875
6 0.1 0.2546875 0.2 0.20625
6 0.771875 0.184375 0.24453125 0.2421875
6 0.103125 0.75234375 0.20546875 0.23125
6 0.196875 0.57578125 0.2109375 0.21484375
6 0.90703125 0.61171875 0.18046875 0.209375
6 0.9125 0.39921875 0.16953125 0.20390625
5 0.80703125 0.79921875 0.08828125 0.08046875