6 0.59140625 0.17734375 0.20546875 0.1953125
6 0.234375 0.0109375 0.2359375 0.021875
6 0.015625 0.63203125 0.03046875 0.2234375
5 0.97734375 0.12421875 0.0453125 0.1078125
6 0.96640625 0.68984375 0.06640625 0.234375
6 0.95703125 0.30546875 0.08046875 0.253125
4 0.50546875 0.50390625 0.43359375 0.45703125
5 0.95546875 0.559375 0.078125 0.08828125
6 0.6984375 0.05234375 0.24140625 0.1046875
6 0.875 0.953125 0.24453125 0.09375
6 0.13359375 0.12421875 0.23359375 0.22578125
6 0.578125 0.91171875 0.271875 0.1765625
6 0.2765625 0.83984375 0.23046875 0.21484375
6 0.834375 0.665625 0.203125 0.25078125
6 0.5 0.1171875 0.21640625 0.21796875
6 0.2125 0.346875 0.24140625 0.2203125
6 0.171875 0.5328125 0.24453125 0.2453125
6 0.278125 0.12109375 0.20546875 0.1984375
6 0.6625 0.77109375 0.2359375 0.24765625
6 0.08203125 0.875 0.1640625 0.23984375