6 0.92421875 0.86171875 0.1453125 0.2765625
6 0.0515625 0.28203125 0.103125 0.25078125
6 0.59609375 0.8125 0.203125 0.21484375
4 0.50703125 0.51953125 0.45 0.4515625
6 0.92734375 0.38671875 0.1453125 0.2671875
6 0.053125 0.52890625 0.10546875 0.24765625
5 0.8140625 0.38828125 0.11640625 0.11015625
6 0.75546875 0.975 0.221875 0.04921875
6 0.34140625 0.77109375 0.321875 0.26484375
6 0.45 0.9421875 0.23359375 0.115625
6 0.175 0.45078125 0.2390625 0.2453125
6 0.26953125 0.29921875 0.221875 0.2125
6 0.72109375 0.8140625 0.25859375 0.2453125
6 0.90703125 0.12109375 0.18046875 0.2421875
6 0.09609375 0.871875 0.19140625 0.25625
6 0.81796875 0.56171875 0.24140625 0.23671875