4 0.4984375 0.50390625 0.4640625 0.440625
6 0.92734375 0.59609375 0.1453125 0.2890625
6 0.6234375 0.03046875 0.26953125 0.0609375
6 0.8109375 0.49609375 0.221875 0.28125
6 0.70859375 0.31015625 0.271875 0.25078125
6 0.33203125 0.0453125 0.275 0.090625
6 0.0765625 0.11015625 0.153125 0.2203125
6 0.1 0.72421875 0.2 0.253125
6 0.771875 0.08984375 0.2390625 0.17890625
6 0.16953125 0.90234375 0.2390625 0.1953125
6 0.309375 0.196875 0.2359375 0.23984375
6 0.80859375 0.93203125 0.2578125 0.1359375
6 0.13046875 0.4875 0.2609375 0.209375
6 0.14140625 0.28125 0.228125 0.23671875
6 0.6 0.76484375 0.2390625 0.2125
6 0.4125 0.8625 0.253125 0.24765625
6 0.9125 0.1765625 0.16953125 0.28671875