6 0.9875 0.0921875 0.025 0.184375
4 0.49453125 0.50546875 0.4890625 0.50390625
6 0.89140625 0.9890625 0.2109375 0.021875
5 0.89453125 0.6265625 0.11640625 0.090625
6 0.23359375 0.03984375 0.2109375 0.0796875
5 0.553125 0.7578125 0.078125 0.071875
6 0.97734375 0.346875 0.0453125 0.23125
6 0.040625 0.125 0.08046875 0.2453125
6 0.5890625 0.97109375 0.26640625 0.0578125
6 0.45859375 0.08984375 0.25546875 0.17890625
6 0.19375 0.1140625 0.24375 0.228125
6 0.83203125 0.37578125 0.246875 0.25625
6 0.20703125 0.93203125 0.2859375 0.1359375
6 0.89140625 0.79453125 0.2109375 0.25078125
6 0.6625 0.8375 0.24140625 0.23125
6 0.14296875 0.534375 0.25859375 0.253125
6 0.26796875 0.75859375 0.2640625 0.234375
6 0.76328125 0.11953125 0.2671875 0.2390625