6 0.975 0.08828125 0.05 0.1765625
6 0.9484375 0.0484375 0.103125 0.09609375
6 0.696875 0.0109375 0.228125 0.021875
6 0.01640625 0.3046875 0.0328125 0.234375
4 0.49453125 0.50546875 0.46640625 0.49296875
6 0.04609375 0.046875 0.09140625 0.09375
6 0.5984375 0.94765625 0.225 0.1046875
6 0.32890625 0.940625 0.21953125 0.11875
6 0.115625 0.940625 0.23046875 0.11875
6 0.1984375 0.07421875 0.225 0.1484375
6 0.91953125 0.26328125 0.15546875 0.18984375
6 0.4328125 0.090625 0.234375 0.18125
6 0.596875 0.1953125 0.19453125 0.1875
6 0.83515625 0.09609375 0.2328125 0.1921875
6 0.8578125 0.92109375 0.25625 0.1578125
6 0.7765625 0.36484375 0.203125 0.1953125
6 0.3015625 0.23671875 0.25859375 0.2203125
6 0.45703125 0.81953125 0.2640625 0.20078125
6 0.7625 0.765625 0.21953125 0.2203125
6 0.865625 0.56875 0.21953125 0.21796875