6 0.6859375 0.025 0.21640625 0.04921875
6 0.0203125 0.96640625 0.040625 0.0671875
6 0.97890625 0.11171875 0.04140625 0.21796875
6 0.8859375 0.44609375 0.21640625 0.2421875
4 0.496875 0.4984375 0.38359375 0.396875
6 0.94375 0.93203125 0.10625 0.1359375
6 0.9734375 0.63671875 0.053125 0.22578125
6 0.03046875 0.140625 0.0609375 0.22578125
6 0.678125 0.08125 0.2390625 0.1625
5 0.5125 0.10625 0.075 0.07421875
6 0.0625 0.3515625 0.125 0.2125
6 0.13203125 0.046875 0.23046875 0.09375
6 0.78203125 0.42265625 0.20859375 0.18984375
6 0.67265625 0.92109375 0.2203125 0.1578125
6 0.19296875 0.4859375 0.24140625 0.234375
6 0.2140625 0.253125 0.23359375 0.23125
6 0.3421875 0.93203125 0.253125 0.1359375
6 0.4859375 0.2203125 0.2609375 0.1984375
6 0.73359375 0.72578125 0.228125 0.234375
6 0.09453125 0.86796875 0.1890625 0.2203125
6 0.3515625 0.75859375 0.225 0.20625