6 0.971875 0.3171875 0.05546875 0.23125
4 0.503125 0.50703125 0.4109375 0.43515625
6 0.9578125 0.1015625 0.078125 0.203125
6 0.03046875 0.81796875 0.0609375 0.253125
6 0.04296875 0.5828125 0.0859375 0.22890625
6 0.6265625 0.96796875 0.203125 0.06328125
6 0.9390625 0.69296875 0.11640625 0.21796875
6 0.81796875 0.05390625 0.25859375 0.1078125
6 0.153125 0.0609375 0.25546875 0.12109375
6 0.30703125 0.92578125 0.23046875 0.1484375
6 0.371875 0.746875 0.2390625 0.23125
6 0.60546875 0.0828125 0.221875 0.165625
6 0.771875 0.64609375 0.24453125 0.23984375
6 0.73203125 0.290625 0.246875 0.23984375
6 0.19296875 0.53828125 0.253125 0.22890625
6 0.75 0.86796875 0.2390625 0.22578125
6 0.1609375 0.76328125 0.25 0.24765625
6 0.1125 0.32890625 0.225 0.23984375