6 0.1265625 0.78515625 0.246875 0.20390625
4 0.0515625 0.90625 0.103125 0.1875
6 0.459375 0.0578125 0.225 0.115625
6 0.75859375 0.34140625 0.2 0.20390625
6 0.46796875 0.125 0.2359375 0.21796875
4 0.5 0.50546875 0.4390625 0.44375
6 0.09453125 0.29921875 0.1890625 0.1953125
6 0.84140625 0.1265625 0.228125 0.19296875
6 0.1515625 0.6171875 0.175 0.1875
6 0.30546875 0.75078125 0.2390625 0.1953125
6 0.075 0.05390625 0.15 0.1078125
6 0.69453125 0.78359375 0.228125 0.20625
6 0.840625 0.28125 0.1859375 0.2265625
6 0.0609375 0.4109375 0.12109375 0.21015625
6 0.075 0.60546875 0.15 0.22421875
6 0.790625 0.06875 0.25 0.1375