4 0.49453125 0.50546875 0.471875 0.4765625
5 0.13046875 0.11953125 0.1 0.09609375
6 0.04140625 0.90390625 0.0828125 0.1890625
6 0.6015625 0.03046875 0.24140625 0.0609375
6 0.3734375 0.03984375 0.2359375 0.0796875
6 0.7125 0.9609375 0.246875 0.078125
6 0.92734375 0.5953125 0.1453125 0.253125
6 0.88671875 0.07265625 0.2203125 0.1453125
6 0.0765625 0.4515625 0.153125 0.22578125
6 0.68046875 0.77109375 0.21640625 0.209375
6 0.284375 0.2078125 0.253125 0.22890625
6 0.07890625 0.69140625 0.1578125 0.2421875
6 0.53046875 0.16640625 0.24453125 0.22890625
6 0.8 0.2296875 0.25546875 0.22890625
6 0.81953125 0.45859375 0.21640625 0.234375