6 0.83046875 0.5609375 0.2109375 0.2234375
6 0.0875 0.696875 0.175 0.22578125
6 0.98046875 0.48359375 0.0390625 0.18984375
6 0.9828125 0.06328125 0.034375 0.1265625
4 0.49609375 0.509375 0.34140625 0.41875
6 0.109375 0.46640625 0.21875 0.2609375
6 0.79453125 0.9296875 0.2109375 0.140625
6 0.66796875 0.70546875 0.253125 0.2921875
6 0.95 0.871875 0.1 0.21796875
6 0.690625 0.103125 0.21953125 0.20625
6 0.08359375 0.96953125 0.16640625 0.0609375
6 0.3234375 0.93359375 0.21953125 0.13203125
6 0.175 0.85546875 0.228125 0.234375
6 0.70390625 0.928125 0.21953125 0.14296875
6 0.509375 0.21484375 0.23046875 0.20390625
6 0.43359375 0.06484375 0.278125 0.1296875
6 0.1859375 0.090625 0.25 0.18125
6 0.91640625 0.753125 0.1609375 0.21796875
6 0.509375 0.97109375 0.21953125 0.0578125
6 0.40703125 0.85234375 0.21953125 0.20078125
6 0.765625 0.06171875 0.221875 0.1234375
6 0.88359375 0.52578125 0.18359375 0.165625
6 0.89140625 0.1953125 0.2109375 0.21484375
6 0.24453125 0.64296875 0.2109375 0.21796875
6 0.76796875 0.35390625 0.21953125 0.21796875
6 0.353125 0.23671875 0.2515625 0.203125
6 0.88828125 0.32421875 0.20078125 0.228125
6 0.246875 0.29921875 0.2515625 0.1703125