6 0.97890625 0.03046875 0.04140625 0.0609375
6 0.9890625 0.2 0.021875 0.2125
6 0.40859375 0.0109375 0.21640625 0.021875
4 0.5015625 0.50546875 0.446875 0.52578125
6 0.634375 0.0140625 0.20859375 0.02734375
6 0.0265625 0.421875 0.053125 0.22578125
6 0.18828125 0.02734375 0.2109375 0.0546875
6 0.7703125 0.971875 0.225 0.05625
6 0.33203125 0.95 0.2359375 0.1
6 0.16796875 0.40390625 0.20859375 0.20078125
6 0.56328125 0.94296875 0.2109375 0.1140625
6 0.934375 0.91875 0.125 0.1625
6 0.8765625 0.496875 0.2359375 0.22890625
6 0.6765625 0.8046875 0.23046875 0.20390625
6 0.1890625 0.5234375 0.2109375 0.209375
6 0.10859375 0.91875 0.21640625 0.1625
6 0.275 0.7671875 0.221875 0.23984375
6 0.634375 0.15 0.246875 0.2234375
6 0.8859375 0.71796875 0.221875 0.20625
6 0.8109375 0.265625 0.19453125 0.20625
6 0.10859375 0.1828125 0.21640625 0.2125