6 0.96953125 0.10859375 0.0609375 0.2171875
4 0.50390625 0.4984375 0.48046875 0.5234375
6 0.0390625 0.23515625 0.078125 0.234375
6 0.834375 0.046875 0.253125 0.09375
6 0.9625 0.34140625 0.075 0.2421875
6 0.74609375 0.1421875 0.246875 0.25078125
6 0.13359375 0.98203125 0.2390625 0.0359375
6 0.52109375 0.8921875 0.21953125 0.21484375
6 0.04609375 0.58671875 0.09140625 0.24765625
6 0.375 0.9765625 0.25 0.046875
6 0.059375 0.06875 0.11875 0.1375
6 0.60078125 0.0328125 0.2640625 0.065625
6 0.9359375 0.5609375 0.121875 0.234375
6 0.425 0.83984375 0.25 0.23671875
6 0.8734375 0.9296875 0.246875 0.140625
6 0.87109375 0.1640625 0.2359375 0.22890625
6 0.19453125 0.2421875 0.2609375 0.23125
6 0.1375 0.80703125 0.24140625 0.253125
6 0.121875 0.38828125 0.2390625 0.2421875
6 0.86796875 0.74140625 0.225 0.253125
6 0.19140625 0.584375 0.24453125 0.2421875
6 0.834375 0.41484375 0.253125 0.23984375
6 0.40546875 0.1296875 0.24453125 0.23125
6 0.66796875 0.76171875 0.2359375 0.22890625