6 0.971875 0.56484375 0.05546875 0.22578125
4 0.5015625 0.465625 0.43046875 0.5953125
6 0.03203125 0.05546875 0.0640625 0.11015625
6 0.0265625 0.84140625 0.053125 0.21796875
6 0.1234375 0.11171875 0.21953125 0.21796875
6 0.803125 0.046875 0.26640625 0.09375
5 0.684375 0.071875 0.05859375 0.0609375
6 0.096875 0.9546875 0.19375 0.090625
6 0.06640625 0.1921875 0.1328125 0.209375
6 0.93046875 0.9296875 0.13359375 0.140625
6 0.45390625 0.90078125 0.225 0.1984375
6 0.9 0.196875 0.19453125 0.21796875
6 0.74453125 0.18984375 0.23359375 0.19296875
6 0.25546875 0.825 0.19453125 0.20078125
6 0.1734375 0.52890625 0.253125 0.23125
6 0.3375 0.08671875 0.2140625 0.1734375
6 0.9015625 0.71484375 0.19140625 0.21796875
6 0.7140625 0.75859375 0.21640625 0.22890625
6 0.8140625 0.51953125 0.228125 0.21796875