6 0.4359375 0.80078125 0.428125 0.22890625
6 0.9828125 0.25546875 0.034375 0.1765625
6 0.20859375 0.62265625 0.2390625 0.20390625
4 0.503125 0.5 0.49453125 0.4984375
6 0.03203125 0.91328125 0.0640625 0.1734375
6 0.5515625 0.14765625 0.253125 0.23984375
6 0.65859375 0.7890625 0.2890625 0.18984375
6 0.7515625 0.046875 0.375 0.09375
6 0.94453125 0.45703125 0.1109375 0.23671875
6 0.09609375 0.24375 0.19140625 0.2671875
6 0.853125 0.19453125 0.2609375 0.25625
6 0.18046875 0.4625 0.21640625 0.23125
6 0.096875 0.77578125 0.19375 0.2859375
6 0.89609375 0.61953125 0.203125 0.24765625
6 0.3609375 0.13671875 0.2109375 0.26171875
6 0.12890625 0.10078125 0.24140625 0.20078125
6 0.79921875 0.56015625 0.1796875 0.30390625