6 0.975 0.6890625 0.05 0.20390625
6 0.01796875 0.33984375 0.0359375 0.20625
4 0.50703125 0.50703125 0.453125 0.49609375
6 0.04609375 0.9078125 0.09140625 0.184375
6 0.10390625 0.0234375 0.203125 0.046875
6 0.93046875 0.07578125 0.13359375 0.1515625
6 0.71328125 0.03828125 0.2171875 0.0765625
6 0.2265625 0.59921875 0.2640625 0.20078125
6 0.2765625 0.94609375 0.2140625 0.1078125
6 0.490625 0.10078125 0.303125 0.20078125
6 0.5921875 0.9375 0.253125 0.125
6 0.0765625 0.14765625 0.153125 0.2125
6 0.778125 0.346875 0.271875 0.19296875
6 0.628125 0.78671875 0.23359375 0.18984375
6 0.68046875 0.1890625 0.25 0.1953125
6 0.88359375 0.86796875 0.221875 0.23125
6 0.32109375 0.23671875 0.225 0.1984375
6 0.103125 0.4875 0.20546875 0.253125
6 0.115625 0.76875 0.225 0.21484375