6 0.46171875 0.98984375 0.2296875 0.0203125
6 0.021875 0.53828125 0.04375 0.2453125
6 0.97734375 0.81328125 0.0453125 0.2390625
4 0.4609375 0.50859375 0.5 0.4875
6 0.09609375 0.29375 0.19140625 0.2234375
6 0.07109375 0.790625 0.14140625 0.2203125
6 0.065625 0.896875 0.13046875 0.20625
6 0.671875 0.978125 0.25 0.04375
5 0.825 0.0234375 0.078125 0.046875
6 0.88359375 0.96796875 0.228125 0.06328125
6 0.36953125 0.03828125 0.2609375 0.0765625
6 0.0765625 0.0796875 0.153125 0.159375
6 0.925 0.08984375 0.15 0.17890625
6 0.109375 0.40625 0.2140625 0.234375
6 0.76953125 0.26875 0.278125 0.2125
6 0.88359375 0.45859375 0.221875 0.25625
6 0.36640625 0.175 0.25546875 0.21796875
6 0.2359375 0.74140625 0.2609375 0.2421875
6 0.3015625 0.9140625 0.246875 0.171875
6 0.7875 0.65859375 0.24140625 0.2203125
6 0.503125 0.8265625 0.2609375 0.23125
6 0.80390625 0.86484375 0.275 0.23125
6 0.77421875 0.1984375 0.290625 0.2015625