6 0.0625 0.0109375 0.125 0.021875
6 0.97734375 0.3125 0.0453125 0.20625
4 0.5 0.50390625 0.4609375 0.47421875
6 0.8984375 0.01484375 0.203125 0.0296875
6 0.525 0.92265625 0.26640625 0.15390625
6 0.0984375 0.1515625 0.196875 0.2203125
6 0.3 0.9390625 0.23359375 0.12109375
6 0.225 0.06328125 0.2390625 0.1265625
6 0.075 0.92265625 0.15 0.15390625
6 0.065625 0.346875 0.13046875 0.21484375
6 0.29140625 0.24765625 0.228125 0.23125
6 0.19609375 0.57734375 0.24140625 0.2453125
6 0.75859375 0.3015625 0.25 0.23984375
6 0.4609375 0.790625 0.28359375 0.1875
6 0.19140625 0.79609375 0.25 0.21484375
6 0.4859375 0.15703125 0.25 0.24765625
6 0.915625 0.490625 0.1640625 0.2421875
6 0.79140625 0.884375 0.278125 0.23125
6 0.796875 0.61328125 0.23359375 0.2453125