6 0.45859375 0.04296875 0.2109375 0.08515625
6 0.95546875 0.0453125 0.0890625 0.090625
4 0.4984375 0.4984375 0.425 0.396875
6 0.81796875 0.10859375 0.2140625 0.20078125
6 0.784375 0.74921875 0.23046875 0.21484375
6 0.77890625 0.03984375 0.2140625 0.0796875
6 0.54140625 0.96640625 0.2609375 0.0671875
6 0.0984375 0.94609375 0.196875 0.1078125
6 0.671875 0.71484375 0.228125 0.2671875
6 0.4 0.09765625 0.2390625 0.1953125
6 0.05546875 0.56875 0.1109375 0.2453125
6 0.928125 0.7 0.1390625 0.25859375
6 0.0640625 0.33203125 0.128125 0.18984375
6 0.86796875 0.92578125 0.24140625 0.1484375
6 0.15390625 0.0921875 0.253125 0.184375
6 0.1859375 0.46171875 0.2609375 0.2234375
6 0.3015625 0.67890625 0.26953125 0.2234375
6 0.903125 0.4625 0.1890625 0.23125
6 0.25390625 0.2765625 0.253125 0.20625
6 0.2640625 0.88828125 0.271875 0.2234375
6 0.66953125 0.23515625 0.2390625 0.2234375