6 0.4 0.7765625 0.29453125 0.2203125
6 0.046875 0.0328125 0.09375 0.065625
4 0.5015625 0.5109375 0.44140625 0.44375
6 0.971875 0.56328125 0.05546875 0.22890625
6 0.0265625 0.22734375 0.053125 0.278125
6 0.9609375 0.2296875 0.071875 0.30546875
6 0.0484375 0.6953125 0.096875 0.2453125
6 0.94296875 0.94453125 0.1140625 0.11015625
6 0.55859375 0.09375 0.228125 0.18203125
6 0.2 0.65703125 0.24453125 0.25078125
6 0.55625 0.89765625 0.203125 0.2046875
6 0.77109375 0.084375 0.23046875 0.16796875
6 0.28203125 0.91171875 0.23046875 0.1765625
6 0.18359375 0.08828125 0.221875 0.1765625
6 0.3234375 0.22890625 0.24140625 0.21484375
6 0.6859375 0.2671875 0.26640625 0.22578125
6 0.721875 0.70625 0.25 0.2453125
6 0.85 0.43359375 0.28359375 0.22890625
6 0.203125 0.4171875 0.24453125 0.234375