6 0.0234375 0.65703125 0.046875 0.2453125
5 0.971875 0.01640625 0.05546875 0.0328125
4 0.5015625 0.50546875 0.3640625 0.39921875
6 0.94609375 0.97109375 0.103125 0.0578125
4 0.1515625 0.125 0.303125 0.25
5 0.93359375 0.31796875 0.06640625 0.07421875
5 0.15703125 0.25234375 0.075 0.06875
6 0.26953125 0.70625 0.29453125 0.27265625
6 0.3984375 0.153125 0.253125 0.25625
6 0.45 0.9046875 0.2109375 0.184375
6 0.096875 0.8421875 0.19375 0.23125
6 0.74453125 0.6953125 0.278125 0.25625
6 0.840625 0.125 0.253125 0.2453125
6 0.10390625 0.434375 0.2078125 0.225