4 0.5 0.49609375 0.44453125 0.4296875
6 0.9609375 0.9421875 0.071875 0.115625
6 0.5765625 0.98046875 0.23046875 0.03828125
6 0.7359375 0.01953125 0.271875 0.03828125
6 0.04140625 0.71328125 0.0828125 0.2421875
6 0.375 0.2546875 0.25 0.18984375
6 0.925 0.07421875 0.15 0.1484375
6 0.059375 0.38359375 0.11875 0.2609375
6 0.928125 0.76328125 0.1390625 0.23671875
6 0.6890625 0.28203125 0.20546875 0.29453125
6 0.10390625 0.09375 0.2078125 0.1875
6 0.30859375 0.9296875 0.25546875 0.140625
6 0.93203125 0.3578125 0.13046875 0.23671875
6 0.90546875 0.55546875 0.18359375 0.21796875
6 0.75859375 0.615625 0.25 0.3
6 0.103125 0.89921875 0.20546875 0.20078125
6 0.29609375 0.1078125 0.24140625 0.21484375
6 0.1359375 0.584375 0.26640625 0.2703125
6 0.1984375 0.3609375 0.196875 0.25859375
6 0.82890625 0.175 0.225 0.23984375
6 0.534375 0.115625 0.25859375 0.23125
6 0.346875 0.7703125 0.278125 0.23984375