6 0.04453125 0.91171875 0.0890625 0.1765625
6 0.46953125 0.10078125 0.221875 0.20078125
6 0.9609375 0.68203125 0.071875 0.25625
6 0.0265625 0.7078125 0.053125 0.1984375
6 0.6984375 0.75234375 0.2640625 0.2421875
4 0.503125 0.509375 0.428125 0.47421875
6 0.08203125 0.0453125 0.1640625 0.090625
6 0.4765625 0.8578125 0.3140625 0.2234375
6 0.7234375 0.94609375 0.24140625 0.1078125
6 0.39140625 0.10625 0.20546875 0.20078125
6 0.275 0.3375 0.228125 0.25625
6 0.934375 0.2078125 0.125 0.23984375
6 0.16640625 0.57421875 0.2609375 0.20078125
6 0.1125 0.20078125 0.225 0.253125
6 0.803125 0.62109375 0.21640625 0.27265625
6 0.2015625 0.80546875 0.246875 0.234375