6 0.95390625 0.7 0.0859375 0.33046875
4 0.50390625 0.50703125 0.4359375 0.4515625
6 0.059375 0.50078125 0.11875 0.2765625
6 0.2375 0.021875 0.203125 0.04375
6 0.6046875 0.984375 0.228125 0.03125
6 0.8640625 0.95703125 0.24453125 0.08515625
6 0.403125 0.928125 0.24453125 0.14296875
6 0.23046875 0.3390625 0.1890625 0.24765625
6 0.05859375 0.165625 0.11640625 0.25859375
6 0.715625 0.88828125 0.225 0.21796875
6 0.115625 0.8015625 0.23046875 0.23125
6 0.215625 0.11875 0.23046875 0.23671875
6 0.921875 0.278125 0.15 0.2203125
6 0.21796875 0.59375 0.225 0.2453125
6 0.57109375 0.115625 0.253125 0.23125
6 0.559375 0.83203125 0.23046875 0.22578125
6 0.8140625 0.13203125 0.2390625 0.253125
6 0.7625 0.359375 0.253125 0.234375
6 0.928125 0.090625 0.14375 0.18125