4 0.503125 0.50390625 0.378125 0.35234375
6 0.875 0.9609375 0.228125 0.078125
6 0.9109375 0.06171875 0.178125 0.1234375
6 0.21796875 0.91875 0.23046875 0.15703125
6 0.353125 0.9640625 0.321875 0.071875
6 0.15390625 0.3046875 0.28046875 0.2234375
6 0.1015625 0.90859375 0.203125 0.1828125
6 0.67890625 0.196875 0.23046875 0.20625
6 0.1984375 0.11171875 0.24140625 0.2234375
6 0.7859375 0.55390625 0.20546875 0.1984375
6 0.19609375 0.7578125 0.296875 0.20390625
6 0.07890625 0.134375 0.1578125 0.21953125
6 0.83359375 0.71875 0.221875 0.15546875
6 0.859375 0.87109375 0.20859375 0.134375
6 0.9515625 0.5171875 0.096875 0.259375
6 0.78125 0.10546875 0.21484375 0.19140625