4 0.50546875 0.50703125 0.55546875 0.5453125
6 0.21640625 0.603125 0.2390625 0.3140625
6 0.7375 0.72421875 0.23046875 0.1984375
6 0.6140625 0.14296875 0.25 0.2859375
6 0.45390625 0.02890625 0.2359375 0.0578125
6 0.05703125 0.07734375 0.1140625 0.15390625
6 0.93203125 0.3921875 0.13046875 0.27265625
6 0.75 0.059375 0.26640625 0.11875
6 0.3953125 0.93203125 0.296875 0.1359375
6 0.928125 0.128125 0.1390625 0.25625
6 0.071875 0.853125 0.14375 0.28125
6 0.90390625 0.9046875 0.1859375 0.18984375
6 0.06796875 0.584375 0.1359375 0.2703125
6 0.66171875 0.903125 0.2578125 0.19375
6 0.8578125 0.5203125 0.23125 0.3296875