6 0.0375 0.9078125 0.075 0.184375
6 0.9203125 0.0109375 0.159375 0.021875
6 0.9703125 0.10859375 0.059375 0.2171875
6 0.34453125 0.74921875 0.19453125 0.21484375
4 0.503125 0.5015625 0.421875 0.38046875
6 0.1515625 0.37890625 0.246875 0.23984375
6 0.759375 0.70234375 0.2140625 0.2203125
6 0.9140625 0.61328125 0.171875 0.21796875
5 0.5140625 0.753125 0.0890625 0.1015625
5 0.65078125 0.97890625 0.0921875 0.0421875
6 0.05703125 0.21640625 0.1140625 0.26171875
5 0.53671875 0.9609375 0.0921875 0.078125
6 0.9484375 0.90234375 0.096875 0.1953125
6 0.20546875 0.91328125 0.24453125 0.1734375
6 0.84453125 0.734375 0.23359375 0.22890625
6 0.06796875 0.05234375 0.1359375 0.1046875
6 0.0890625 0.42265625 0.178125 0.22890625
6 0.78203125 0.1046875 0.2140625 0.209375
6 0.46796875 0.13671875 0.2359375 0.27265625
6 0.24453125 0.0703125 0.24453125 0.140625
6 0.4171875 0.90859375 0.23125 0.1828125
6 0.7453125 0.89765625 0.253125 0.2046875
6 0.19453125 0.58125 0.2390625 0.21484375
6 0.9015625 0.28671875 0.19140625 0.23671875
6 0.728125 0.29453125 0.21640625 0.21484375
6 0.090625 0.78359375 0.18046875 0.22890625