5 0.69140625 0.940625 0.06640625 0.06328125
4 0.496875 0.51640625 0.45546875 0.47109375
4 0.4984375 0.51796875 0.45859375 0.46796875
5 0.08359375 0.603125 0.071875 0.0609375
6 0.03203125 0.29921875 0.0640625 0.2453125
6 0.8875 0.03203125 0.225 0.06328125
6 0.93046875 0.95 0.1390625 0.1
6 0.14296875 0.95859375 0.24140625 0.0828125
6 0.94140625 0.7671875 0.11640625 0.2671875
6 0.92734375 0.496875 0.1453125 0.25625
6 0.6640625 0.07421875 0.25546875 0.1484375
6 0.12109375 0.25234375 0.2359375 0.22890625
6 0.68046875 0.8734375 0.25546875 0.24765625
6 0.359375 0.92265625 0.246875 0.15390625
6 0.2734375 0.74375 0.225 0.2421875
6 0.10390625 0.4734375 0.2078125 0.209375
6 0.89453125 0.12265625 0.20546875 0.234375
6 0.32890625 0.128125 0.25859375 0.23984375
6 0.8015625 0.61171875 0.23046875 0.23671875