6 0.06953125 0.90078125 0.1390625 0.18203125
6 0.9875 0.86328125 0.025 0.20625
6 0.9375 0.08515625 0.11953125 0.15390625
6 0.0265625 0.3609375 0.053125 0.23671875
6 0.65390625 0.77421875 0.2140625 0.21484375
4 0.5015625 0.50390625 0.4359375 0.4296875
6 0.79921875 0.02578125 0.2171875 0.0515625
6 0.578125 0.803125 0.21640625 0.2234375
6 0.90546875 0.25078125 0.18359375 0.22578125
6 0.575 0.95703125 0.23359375 0.08515625
6 0.1140625 0.9375 0.228125 0.125
6 0.5875 0.03046875 0.24140625 0.0609375
6 0.05390625 0.08359375 0.1078125 0.1671875
6 0.12109375 0.2421875 0.203125 0.2703125
6 0.790625 0.91875 0.23046875 0.1625
6 0.8859375 0.76015625 0.221875 0.20390625
6 0.16953125 0.72734375 0.25 0.2421875
6 0.35859375 0.85546875 0.23359375 0.21796875
6 0.71640625 0.2671875 0.221875 0.22578125