6 0.9515625 0.55390625 0.09140625 0.2421875
4 0.5015625 0.50703125 0.403125 0.40234375
6 0.9609375 0.0828125 0.078125 0.165625
6 0.753125 0.40078125 0.2109375 0.29453125
6 0.94296875 0.82890625 0.10859375 0.28125
6 0.92109375 0.41015625 0.153125 0.23125
6 0.05546875 0.37890625 0.1109375 0.28359375
6 0.528125 0.9546875 0.271875 0.090625
6 0.86640625 0.14296875 0.2390625 0.2859375
6 0.1984375 0.11328125 0.253125 0.21484375
6 0.665625 0.08671875 0.246875 0.1734375
6 0.22109375 0.26171875 0.253125 0.23671875
6 0.24140625 0.9078125 0.23359375 0.184375
6 0.803125 0.88125 0.2109375 0.23125
6 0.65859375 0.75234375 0.25546875 0.2421875
6 0.1859375 0.4765625 0.24453125 0.21484375
6 0.165625 0.7125 0.253125 0.21796875
6 0.4359375 0.8171875 0.25546875 0.25625
6 0.4421875 0.1140625 0.253125 0.228125