6 0.76953125 0.89921875 0.24453125 0.20078125
6 0.40859375 0.84453125 0.228125 0.20625
6 0.9859375 0.49296875 0.028125 0.22578125
6 0.021875 0.06484375 0.04375 0.1296875
4 0.50390625 0.50859375 0.4359375 0.49296875
6 0.96796875 0.734375 0.0640625 0.2453125
6 0.01953125 0.88125 0.0390625 0.22578125
6 0.303125 0.24140625 0.23359375 0.1953125
5 0.8875 0.84453125 0.09140625 0.090625
6 0.22265625 0.95 0.2859375 0.1
6 0.1359375 0.60859375 0.221875 0.209375
6 0.640625 0.07265625 0.265625 0.1453125
6 0.20703125 0.72734375 0.2359375 0.23671875
6 0.09453125 0.20390625 0.1890625 0.2203125
6 0.221875 0.39140625 0.21640625 0.23125
6 0.54453125 0.82890625 0.25 0.209375
6 0.875 0.11875 0.24453125 0.23671875
6 0.44453125 0.1734375 0.228125 0.2203125
6 0.82890625 0.36328125 0.2640625 0.22578125