6 0.015625 0.2328125 0.03046875 0.1953125
6 0.6140625 0.90078125 0.178125 0.1984375
6 0.01640625 0.62421875 0.0328125 0.1953125
4 0.496875 0.50859375 0.521875 0.46015625
6 0.95390625 0.0578125 0.0859375 0.115625
6 0.2140625 0.325 0.221875 0.24765625
6 0.76640625 0.653125 0.221875 0.2203125
6 0.59765625 0.03828125 0.2359375 0.0765625
6 0.4828125 0.95 0.221875 0.1
6 0.80546875 0.07734375 0.2109375 0.15390625
6 0.24609375 0.93203125 0.2171875 0.1359375
6 0.9375 0.665625 0.125 0.22890625
6 0.30390625 0.8390625 0.23046875 0.23984375
6 0.9125 0.92265625 0.16953125 0.15390625
6 0.2875 0.20625 0.246875 0.20390625
6 0.16953125 0.06328125 0.2390625 0.1265625
6 0.825 0.44921875 0.2109375 0.20390625
6 0.17890625 0.59921875 0.225 0.26171875
6 0.07109375 0.41015625 0.14140625 0.24765625
6 0.096875 0.79296875 0.19375 0.2265625
6 0.771875 0.22890625 0.26640625 0.22578125
6 0.809375 0.81796875 0.2359375 0.21484375
6 0.90859375 0.4390625 0.1828125 0.26875