6 0.47421875 0.98984375 0.2328125 0.0203125
6 0.5859375 0.15859375 0.26640625 0.23984375
5 0.128125 0.8859375 0.05 0.046875
6 0.9203125 0.0125 0.159375 0.025
6 0.9390625 0.12265625 0.11640625 0.22890625
6 0.03359375 0.92265625 0.06640625 0.15390625
6 0.04609375 0.7296875 0.09140625 0.26484375
6 0.121875 0.96015625 0.23359375 0.0796875
4 0.50546875 0.50859375 0.39453125 0.4046875
6 0.640625 0.0828125 0.253125 0.165625
6 0.671875 0.9546875 0.25 0.090625
6 0.76796875 0.50390625 0.225 0.303125
6 0.89609375 0.55234375 0.203125 0.23984375
6 0.928125 0.3375 0.1390625 0.22890625
6 0.83046875 0.84296875 0.228125 0.2421875
6 0.10234375 0.1015625 0.2046875 0.203125
6 0.628125 0.7765625 0.25546875 0.25859375
6 0.203125 0.40390625 0.25546875 0.2453125
6 0.284375 0.8796875 0.246875 0.240625
6 0.20546875 0.63515625 0.221875 0.2234375
6 0.8109375 0.1890625 0.23359375 0.2453125