6 0.040625 0.2296875 0.08046875 0.234375
6 0.97734375 0.75390625 0.0453125 0.2359375
6 0.028125 0.33203125 0.05546875 0.234375
6 0.0484375 0.978125 0.096875 0.04375
6 0.76640625 0.640625 0.221875 0.1953125
4 0.5 0.496875 0.428125 0.44921875
5 0.9359375 0.975 0.0890625 0.04921875
6 0.5734375 0.034375 0.225 0.06875
6 0.73359375 0.71875 0.25 0.1984375
6 0.04453125 0.6140625 0.0890625 0.2203125
6 0.15 0.05234375 0.271875 0.1046875
6 0.946875 0.29609375 0.1 0.20625
6 0.09453125 0.928125 0.1890625 0.14296875
6 0.1875 0.50390625 0.21953125 0.209375
6 0.33046875 0.75078125 0.23359375 0.2234375
6 0.784375 0.059375 0.23046875 0.11875
6 0.346875 0.22421875 0.21640625 0.21796875
6 0.925 0.10625 0.14453125 0.20625
6 0.50390625 0.90234375 0.2359375 0.1953125
6 0.91953125 0.49453125 0.15546875 0.21796875
6 0.784375 0.90234375 0.246875 0.1953125
6 0.559375 0.18203125 0.20859375 0.20390625
6 0.784375 0.2203125 0.2359375 0.209375
6 0.196875 0.2328125 0.221875 0.23984375
6 0.14453125 0.465625 0.2640625 0.190625