4 0.49453125 0.5 0.50546875 0.4984375
6 0.959375 0.0703125 0.08046875 0.140625
6 0.9640625 0.85390625 0.06640625 0.23125
6 0.3921875 0.03828125 0.225 0.0765625
6 0.60703125 0.953125 0.253125 0.09375
6 0.6125 0.23125 0.28046875 0.1984375
6 0.165625 0.546875 0.21953125 0.2125
6 0.72890625 0.6765625 0.20859375 0.234375
6 0.44140625 0.86328125 0.2 0.17890625
6 0.265625 0.7453125 0.21953125 0.2125
6 0.9125 0.2921875 0.16953125 0.21484375
6 0.6984375 0.090625 0.253125 0.18125
6 0.1484375 0.328125 0.25859375 0.23125
6 0.9125 0.62421875 0.16953125 0.2234375
6 0.81640625 0.46171875 0.2 0.20625