6 0.9703125 0.57109375 0.059375 0.2296875
6 0.25859375 0.3625 0.2 0.21796875
5 0.375 0.975 0.08359375 0.04921875
4 0.503125 0.50859375 0.39453125 0.41015625
6 0.59921875 0.94296875 0.2390625 0.1140625
6 0.05 0.790625 0.1 0.21484375
6 0.1765625 0.92265625 0.23046875 0.15390625
6 0.6796875 0.890625 0.221875 0.21875
6 0.64140625 0.07421875 0.25 0.1484375
6 0.290625 0.0828125 0.23046875 0.165625
6 0.89609375 0.90234375 0.203125 0.1953125
6 0.075 0.578125 0.15 0.22578125
6 0.078125 0.1859375 0.15546875 0.2234375
6 0.2484375 0.67890625 0.24140625 0.25625
6 0.153125 0.3703125 0.23359375 0.22890625
6 0.8015625 0.42578125 0.2359375 0.21796875