6 0.734375 0.54296875 0.196875 0.2703125
6 0.3984375 0.09375 0.18046875 0.1875
6 0.56953125 0.890625 0.2609375 0.21875
6 0.21796875 0.8015625 0.2359375 0.253125
6 0.79453125 0.04296875 0.24453125 0.08515625
6 0.02890625 0.503125 0.0578125 0.184375
6 0.01640625 0.17578125 0.0328125 0.1984375
6 0.39140625 0.9875 0.21640625 0.025
4 0.496875 0.503125 0.4 0.4765625
6 0.72578125 0.07265625 0.2359375 0.1453125
6 0.49140625 0.09765625 0.2390625 0.1953125
6 0.059375 0.86875 0.11875 0.2625
6 0.30390625 0.76875 0.175 0.1765625
6 0.1234375 0.1484375 0.21953125 0.22578125
6 0.575 0.24921875 0.2390625 0.184375
6 0.0890625 0.35 0.178125 0.21484375
6 0.8984375 0.9078125 0.196875 0.184375
6 0.89140625 0.1859375 0.2109375 0.22890625
6 0.265625 0.27421875 0.21953125 0.2125
6 0.9140625 0.68984375 0.16640625 0.26171875
6 0.82734375 0.45 0.24140625 0.29453125
6 0.746875 0.77578125 0.2515625 0.22890625
6 0.471875 0.8203125 0.26640625 0.2328125