6 0.8109375 0.25078125 0.18359375 0.209375
6 0.071875 0.87109375 0.14375 0.2453125
4 0.4984375 0.55546875 0.496875 0.52578125
6 0.971875 0.23515625 0.05546875 0.1953125
6 0.55703125 0.984375 0.2359375 0.03125
6 0.70859375 0.83984375 0.2 0.17109375
6 0.06953125 0.29609375 0.1390625 0.22890625
6 0.35703125 0.059375 0.30859375 0.11875
6 0.79609375 0.9140625 0.2328125 0.171875
6 0.24140625 0.32109375 0.19453125 0.28359375
6 0.3140625 0.85 0.24453125 0.2453125
6 0.8234375 0.603125 0.1859375 0.20390625
6 0.90859375 0.41015625 0.178125 0.2203125