6 0.028125 0.92578125 0.05546875 0.1484375
6 0.975 0.48359375 0.05 0.2234375
6 0.2484375 0.0125 0.2140625 0.025
4 0.5015625 0.50703125 0.43046875 0.44609375
6 0.35546875 0.9625 0.26640625 0.07421875
6 0.95703125 0.2671875 0.0859375 0.20390625
6 0.43046875 0.82109375 0.2109375 0.22578125
6 0.846875 0.928125 0.228125 0.14296875
6 0.9453125 0.08828125 0.109375 0.1765625
6 0.525 0.80546875 0.1890625 0.17890625
6 0.065625 0.0828125 0.13046875 0.165625
6 0.81953125 0.41328125 0.24453125 0.2203125
6 0.640625 0.9171875 0.2140625 0.165625
6 0.071875 0.271875 0.14375 0.2375
6 0.81640625 0.534375 0.221875 0.1984375
6 0.8859375 0.7890625 0.2109375 0.22890625
6 0.590625 0.1046875 0.2140625 0.209375
6 0.375 0.10625 0.21640625 0.2125
6 0.234375 0.26875 0.2140625 0.22890625
6 0.825 0.18984375 0.23359375 0.209375
6 0.1484375 0.48046875 0.2359375 0.22890625
6 0.2625 0.66640625 0.2140625 0.23125
6 0.10546875 0.7671875 0.2109375 0.2671875