6 0.04296875 0.01640625 0.0859375 0.0328125
6 0.03359375 0.0828125 0.06640625 0.165625
6 0.184375 0.0125 0.21953125 0.025
4 0.503125 0.503125 0.40546875 0.421875
6 0.7140625 0.9859375 0.2390625 0.02734375
6 0.95859375 0.5109375 0.078125 0.22890625
6 0.93359375 0.93203125 0.1296875 0.1359375
6 0.346875 0.0203125 0.228125 0.040625
5 0.04296875 0.2875 0.08046875 0.07421875
6 0.8859375 0.86484375 0.21640625 0.2203125
6 0.2734375 0.91015625 0.25859375 0.17890625
6 0.5640625 0.9078125 0.23359375 0.184375
6 0.103125 0.8046875 0.20546875 0.253125
6 0.165625 0.1375 0.25859375 0.23671875
6 0.228125 0.36640625 0.2390625 0.23671875
6 0.621875 0.1890625 0.25 0.234375
6 0.7625 0.6859375 0.2640625 0.2421875