6 0.95 0.94765625 0.09453125 0.1046875
6 0.94296875 0.3859375 0.10859375 0.23125
6 0.171875 0.49140625 0.228125 0.23984375
6 0.01953125 0.03984375 0.0390625 0.0796875
6 0.95546875 0.603125 0.08359375 0.2421875
6 0.01953125 0.5953125 0.0390625 0.19296875
6 0.9828125 0.078125 0.034375 0.15625
6 0.5625 0.0203125 0.196875 0.040625
3 0.5 0.50546875 0.43359375 0.44921875
6 0.05 0.88828125 0.1 0.2234375
6 0.10703125 0.46171875 0.203125 0.2671875
5 0.69609375 0.03984375 0.09140625 0.0796875
6 0.85546875 0.0453125 0.228125 0.090625
6 0.9265625 0.90078125 0.14140625 0.1984375
6 0.375 0.09765625 0.25546875 0.1953125
6 0.80390625 0.4296875 0.20859375 0.20390625
6 0.24140625 0.27421875 0.2390625 0.20625
6 0.803125 0.72578125 0.25 0.22890625
6 0.565625 0.815625 0.28046875 0.23671875