6 0.0140625 0.79609375 0.028125 0.209375
6 0.01796875 0.11015625 0.0359375 0.209375
4 0.5015625 0.50546875 0.41953125 0.4328125
6 0.946875 0.3609375 0.10546875 0.253125
6 0.703125 0.2671875 0.221875 0.2703125
6 0.3265625 0.746875 0.2359375 0.2421875
6 0.91171875 0.0328125 0.1703125 0.065625
6 0.225 0.71484375 0.20546875 0.21796875
6 0.165625 0.05546875 0.246875 0.11015625
6 0.60546875 0.1625 0.25546875 0.23125
6 0.415625 0.06875 0.25859375 0.1375
6 0.66640625 0.9375 0.2609375 0.125
6 0.13046875 0.9140625 0.2609375 0.171875
6 0.8234375 0.671875 0.253125 0.21484375
6 0.87890625 0.86796875 0.23046875 0.21484375
6 0.1734375 0.496875 0.25859375 0.234375
6 0.55546875 0.80703125 0.221875 0.19296875
6 0.8734375 0.15703125 0.2359375 0.2203125
6 0.20859375 0.21484375 0.2390625 0.22578125