6 0.06640625 0.03671875 0.1328125 0.0734375
4 0.503125 0.5125 0.478125 0.4796875
6 0.07890625 0.58203125 0.1578125 0.3171875
6 0.9 0.0109375 0.2 0.021875
6 0.95703125 0.53046875 0.08046875 0.2453125
6 0.9625 0.1046875 0.06953125 0.209375
6 0.715625 0.0140625 0.21953125 0.02734375
6 0.42734375 0.02734375 0.2671875 0.0546875
6 0.93203125 0.92578125 0.13046875 0.1484375
6 0.20703125 0.07734375 0.24140625 0.15390625
6 0.075 0.8515625 0.15 0.27578125
6 0.75546875 0.8921875 0.24453125 0.209375
6 0.5859375 0.1046875 0.228125 0.209375
6 0.53046875 0.8140625 0.2890625 0.21796875
6 0.184375 0.440625 0.23046875 0.253125
6 0.25859375 0.7546875 0.25 0.253125
6 0.8609375 0.6984375 0.26640625 0.2453125
6 0.81953125 0.4796875 0.221875 0.253125