6 0.275 0.8125 0.23359375 0.24765625
6 0.4984375 0.95859375 0.23046875 0.0828125
6 0.803125 0.0359375 0.228125 0.071875
6 0.9515625 0.034375 0.096875 0.06875
6 0.9578125 0.665625 0.084375 0.275
4 0.5 0.50390625 0.428125 0.4296875
6 0.35 0.76875 0.18359375 0.19296875
6 0.77421875 0.078125 0.2828125 0.15625
5 0.546875 0.25234375 0.078125 0.07421875
6 0.1078125 0.06171875 0.215625 0.1234375
6 0.1078125 0.95546875 0.215625 0.0890625
6 0.5015625 0.884375 0.23046875 0.20390625
6 0.17109375 0.4984375 0.24140625 0.2421875
6 0.9125 0.3734375 0.16953125 0.25078125
6 0.8125 0.521875 0.21953125 0.25078125