6 0.06796875 0.05546875 0.1359375 0.11015625
6 0.05 0.12109375 0.1 0.23671875
6 0.028125 0.5671875 0.05546875 0.2421875
4 0.5015625 0.52734375 0.58046875 0.509375
6 0.17109375 0.97109375 0.24140625 0.0578125
6 0.803125 0.95546875 0.275 0.0890625
6 0.94140625 0.85390625 0.1109375 0.24765625
6 0.38828125 0.9265625 0.2328125 0.146875
6 0.11796875 0.3375 0.2359375 0.2453125
6 0.7890625 0.3265625 0.25546875 0.22890625
6 0.13359375 0.8375 0.2609375 0.2203125
6 0.73203125 0.80703125 0.2640625 0.22578125
6 0.884375 0.11953125 0.21953125 0.21796875
6 0.89140625 0.51484375 0.2109375 0.21484375
6 0.61640625 0.1828125 0.23359375 0.234375
6 0.3109375 0.11171875 0.23359375 0.2234375
6 0.21953125 0.64765625 0.25234375 0.2640625