6 0.984375 0.42734375 0.03046875 0.21484375
6 0.78359375 0.4421875 0.2 0.2234375
6 0.03046875 0.55234375 0.0609375 0.25078125
6 0.925 0.32890625 0.14453125 0.22890625
6 0.0890625 0.0140625 0.178125 0.02734375
4 0.4984375 0.50390625 0.403125 0.4625
6 0.209375 0.421875 0.225 0.25859375
6 0.7875 0.01640625 0.20859375 0.0328125
6 0.3265625 0.1046875 0.21953125 0.209375
6 0.85546875 0.40234375 0.2390625 0.209375
6 0.51640625 0.978125 0.23359375 0.04375
6 0.93125 0.0671875 0.13125 0.134375
6 0.284375 0.20078125 0.246875 0.21484375
6 0.759375 0.11953125 0.28046875 0.184375
6 0.653125 0.8953125 0.228125 0.20390625
6 0.3515625 0.91171875 0.225 0.1765625
6 0.73203125 0.675 0.275 0.23671875