6 0.98359375 0.0796875 0.0296875 0.159375
6 0.95703125 0.23984375 0.08046875 0.2421875
4 0.503125 0.521875 0.4109375 0.4046875
6 0.059375 0.02890625 0.11875 0.0578125
6 0.8515625 0.03984375 0.253125 0.0796875
6 0.4484375 0.93359375 0.2359375 0.13203125
6 0.06640625 0.6734375 0.1328125 0.234375
6 0.446875 0.246875 0.2390625 0.184375
6 0.5953125 0.8796875 0.246875 0.240625
6 0.884375 0.84453125 0.225 0.21796875
6 0.396875 0.76484375 0.23359375 0.20078125
6 0.49140625 0.08125 0.25546875 0.1625
6 0.7390625 0.70390625 0.221875 0.1953125
6 0.196875 0.80859375 0.23359375 0.23984375
6 0.65546875 0.2296875 0.20546875 0.2125
6 0.1015625 0.28671875 0.203125 0.2203125
6 0.2015625 0.534375 0.23046875 0.22578125
6 0.8015625 0.46171875 0.2359375 0.21796875