6 0.96953125 0.16640625 0.05546875 0.2125
6 0.83359375 0.22890625 0.21640625 0.20390625
6 0.8875 0.8375 0.196875 0.23671875
6 0.5984375 0.9140625 0.246875 0.171875
6 0.0234375 0.9140625 0.046875 0.171875
4 0.5015625 0.52578125 0.43046875 0.4625
6 0.1625 0.0140625 0.2359375 0.02734375
6 0.075 0.23828125 0.15 0.22890625
6 0.95859375 0.68046875 0.078125 0.2421875
6 0.3359375 0.965625 0.21640625 0.06875
6 0.928125 0.03046875 0.1390625 0.0609375
6 0.80546875 0.9765625 0.2390625 0.046875
6 0.09453125 0.140625 0.1890625 0.20390625
6 0.93046875 0.896875 0.13359375 0.20078125
6 0.128125 0.95859375 0.221875 0.0828125
6 0.2015625 0.59375 0.20859375 0.2234375
6 0.58203125 0.8171875 0.2640625 0.21796875
6 0.89609375 0.315625 0.203125 0.21796875
6 0.0875 0.58828125 0.175 0.21796875
6 0.18203125 0.78359375 0.2140625 0.18984375
6 0.62890625 0.23125 0.2359375 0.2203125
6 0.3109375 0.871875 0.2109375 0.1953125
6 0.771875 0.421875 0.20546875 0.209375
6 0.21640625 0.33203125 0.1890625 0.20078125
6 0.803125 0.62265625 0.2109375 0.20390625
6 0.04296875 0.47578125 0.0859375 0.2203125