6 0.25546875 0.45703125 0.18359375 0.28671875
4 0.50390625 0.50859375 0.44140625 0.465625
6 0.9609375 0.93359375 0.071875 0.13203125
6 0.90390625 0.1984375 0.1859375 0.23125
6 0.85 0.04921875 0.221875 0.0984375
6 0.0875 0.9515625 0.175 0.09609375
6 0.1125 0.42734375 0.203125 0.27578125
6 0.9265625 0.4671875 0.14140625 0.22890625
6 0.940625 0.70546875 0.1140625 0.2203125
6 0.72109375 0.1953125 0.1859375 0.26484375
6 0.32890625 0.93359375 0.24140625 0.13203125
6 0.6125 0.90234375 0.2359375 0.1953125
6 0.34453125 0.1421875 0.2109375 0.2671875
6 0.5375 0.1640625 0.19140625 0.2453125
6 0.25859375 0.72578125 0.24453125 0.25625