6 0.0125 0.75859375 0.025 0.13515625
5 0.0109375 0.75859375 0.021875 0.1296875
4 0.503125 0.50546875 0.5109375 0.43828125
6 0.1 0.08671875 0.2 0.1734375
6 0.240625 0.9609375 0.234375 0.078125
6 0.1125 0.965625 0.21953125 0.06875
6 0.2875 0.01953125 0.25859375 0.03828125
6 0.65 0.7328125 0.271875 0.209375
6 0.0484375 0.89140625 0.096875 0.20078125
6 0.95 0.56640625 0.1 0.26171875
6 0.1734375 0.115625 0.23046875 0.22578125
6 0.94296875 0.24921875 0.1140625 0.25625
6 0.93046875 0.84609375 0.1390625 0.303125
6 0.18046875 0.76328125 0.2609375 0.253125
6 0.58828125 0.09609375 0.2828125 0.1921875
6 0.56953125 0.90625 0.2390625 0.1875
6 0.421875 0.77578125 0.24453125 0.2234375
6 0.82109375 0.39375 0.246875 0.23671875
6 0.09140625 0.3203125 0.1828125 0.21875
6 0.778125 0.884375 0.19453125 0.23125
6 0.234375 0.315625 0.24140625 0.2453125
6 0.7625 0.6140625 0.246875 0.1984375
6 0.8015625 0.13671875 0.246875 0.27265625