6 0.659375 0.05078125 0.296875 0.1015625
6 0.02109375 0.13203125 0.04140625 0.23671875
6 0.43828125 0.97890625 0.1953125 0.0421875
6 0.95 0.9046875 0.09453125 0.18984375
4 0.50703125 0.5125 0.3859375 0.50703125
5 0.24140625 0.96953125 0.11640625 0.0609375
6 0.76796875 0.85 0.33046875 0.28359375
6 0.4984375 0.8375 0.25859375 0.21484375
6 0.4109375 0.9296875 0.2390625 0.140625
6 0.80546875 0.54296875 0.271875 0.1984375
6 0.109375 0.70390625 0.2140625 0.21796875
6 0.8859375 0.0921875 0.21640625 0.184375
6 0.06796875 0.42421875 0.1359375 0.21484375
6 0.90390625 0.29453125 0.1859375 0.23671875
6 0.13359375 0.09921875 0.25546875 0.1984375
6 0.2265625 0.29921875 0.2859375 0.2453125
6 0.215625 0.51796875 0.246875 0.24765625
6 0.784375 0.47421875 0.21484375 0.23828125
6 0.14765625 0.771875 0.2296875 0.21640625