4 0.5109375 0.553125 0.44453125 0.48515625
6 0.70859375 0.0109375 0.2390625 0.021875
6 0.2125 0.0125 0.23046875 0.025
6 0.96484375 0.034375 0.0703125 0.06875
6 0.02890625 0.2984375 0.0578125 0.228125
6 0.1765625 0.98046875 0.225 0.03828125
5 0.265625 0.54921875 0.075 0.07421875
6 0.446875 0.94765625 0.228125 0.1046875
6 0.94296875 0.90859375 0.1140625 0.1828125
6 0.775 0.9046875 0.24453125 0.18984375
6 0.06796875 0.0828125 0.1359375 0.165625
6 0.19609375 0.246875 0.2140625 0.20625
6 0.8015625 0.4421875 0.2140625 0.2125
6 0.884375 0.590625 0.2140625 0.2234375
6 0.625 0.16796875 0.2109375 0.21484375
6 0.3375 0.825 0.20859375 0.20625
6 0.609375 0.8390625 0.225 0.20625
6 0.40703125 0.18984375 0.225 0.23125
6 0.84140625 0.10078125 0.2609375 0.20078125
6 0.07890625 0.503125 0.1578125 0.225
6 0.0765625 0.8828125 0.153125 0.22890625
6 0.1640625 0.68203125 0.2609375 0.234375
5 0.6796875 0.1609375 0.07578125 0.08671875