6 0.79296875 0.40234375 0.21953125 0.1984375
6 0.6671875 0.01484375 0.209375 0.0296875
6 0.0390625 0.9765625 0.078125 0.046875
6 0.9703125 0.5390625 0.059375 0.225
6 0.66953125 0.7671875 0.23359375 0.21796875
6 0.540625 0.02890625 0.225 0.0578125
4 0.49609375 0.49453125 0.44140625 0.44921875
6 0.10703125 0.85703125 0.2140625 0.2421875
6 0.92734375 0.984375 0.1390625 0.03125
6 0.86953125 0.0453125 0.21640625 0.090625
5 0.096875 0.303125 0.0609375 0.06640625
6 0.5609375 0.78515625 0.20546875 0.17109375
6 0.11953125 0.48359375 0.2 0.21796875
6 0.76640625 0.2890625 0.23359375 0.17109375
6 0.8390625 0.1015625 0.2109375 0.18203125
6 0.24140625 0.6859375 0.25 0.20390625
6 0.77890625 0.846875 0.21953125 0.2125
6 0.1609375 0.11171875 0.221875 0.2234375
6 0.346875 0.12109375 0.20546875 0.2203125
6 0.190625 0.78046875 0.25 0.2328125