5 0.54375 0.97890625 0.065625 0.0421875
6 0.9734375 0.59375 0.053125 0.21796875
6 0.86640625 0.9875 0.20546875 0.025
6 0.2984375 0.025 0.20859375 0.04921875
4 0.503125 0.5578125 0.45546875 0.43828125
6 0.07109375 0.4171875 0.14140625 0.25078125
6 0.1015625 0.0453125 0.203125 0.090625
6 0.55390625 0.85234375 0.25859375 0.20078125
6 0.940625 0.084375 0.1140625 0.16796875
6 0.94453125 0.89140625 0.10546875 0.2125
6 0.171875 0.4671875 0.228125 0.2125
6 0.71796875 0.9046875 0.225 0.18984375
6 0.73203125 0.3390625 0.23046875 0.22578125
6 0.1875 0.88125 0.2359375 0.20390625
6 0.121875 0.1953125 0.24375 0.209375
6 0.359375 0.1609375 0.25859375 0.20625
6 0.7984375 0.684375 0.2359375 0.2453125
6 0.109375 0.6765625 0.21875 0.2125
6 0.915625 0.27578125 0.1640625 0.2203125