5 0.0109375 0.2109375 0.021875 0.1015625
6 0.01640625 0.89140625 0.0328125 0.1921875
4 0.50390625 0.5015625 0.4640625 0.5015625
6 0.171875 0.5015625 0.1890625 0.2703125
6 0.7515625 0.09921875 0.1859375 0.1984375
5 0.96640625 0.41171875 0.0609375 0.090625
6 0.553125 0.8 0.2 0.18984375
6 0.5890625 0.0453125 0.1890625 0.090625
6 0.3015625 0.70234375 0.196875 0.1875
6 0.05546875 0.70234375 0.1109375 0.1765625
6 0.0734375 0.059375 0.146875 0.11875
6 0.0765625 0.50546875 0.153125 0.1734375
6 0.1859375 0.8265625 0.20546875 0.1875
6 0.4515625 0.18046875 0.23046875 0.1953125
6 0.815625 0.70390625 0.2359375 0.20625
6 0.81640625 0.534375 0.21640625 0.22578125