6 0.6359375 0.92578125 0.25546875 0.1484375
6 0.05859375 0.11015625 0.11640625 0.2203125
6 0.1390625 0.128125 0.21640625 0.25625
4 0.4984375 0.5109375 0.375 0.4328125
6 0.4125 0.221875 0.24140625 0.20625
6 0.10390625 0.975 0.203125 0.04921875
6 0.3140625 0.09921875 0.1890625 0.1875
6 0.915625 0.80859375 0.1640625 0.2890625
6 0.115625 0.7875 0.225 0.26484375
6 0.9484375 0.04921875 0.096875 0.0984375
6 0.225 0.465625 0.2 0.23125
6 0.89453125 0.4984375 0.2 0.209375
6 0.26640625 0.74140625 0.21640625 0.2421875
6 0.53828125 0.08515625 0.2546875 0.1703125
6 0.45546875 0.8921875 0.24453125 0.21484375
6 0.15703125 0.5578125 0.2640625 0.1953125
6 0.92890625 0.20078125 0.1359375 0.20390625
6 0.74140625 0.83046875 0.2 0.21796875
6 0.0859375 0.34609375 0.171875 0.1953125
6 0.7640625 0.1046875 0.21640625 0.20390625
6 0.79140625 0.31796875 0.221875 0.2234375