6 0.04609375 0.9875 0.09140625 0.025
6 0.37109375 0.0109375 0.225 0.021875
4 0.5 0.50390625 0.48359375 0.53984375
6 0.9078125 0.0109375 0.184375 0.021875
6 0.96953125 0.45703125 0.0609375 0.23671875
6 0.9625 0.13671875 0.06953125 0.2453125
5 0.728125 0.534375 0.06640625 0.07734375
5 0.9234375 0.5578125 0.103125 0.1078125
6 0.9578125 0.92109375 0.078125 0.1578125
6 0.571875 0.75859375 0.2109375 0.20078125
5 0.7875 0.1984375 0.096875 0.09921875
5 0.35703125 0.15546875 0.0859375 0.06875
6 0.30390625 0.96953125 0.225 0.0609375
6 0.525 0.92578125 0.23359375 0.1484375
6 0.0609375 0.875 0.121875 0.1953125
6 0.7140625 0.06328125 0.23359375 0.1265625
6 0.078125 0.3953125 0.15546875 0.234375
6 0.4859375 0.10859375 0.2390625 0.2125
6 0.26796875 0.83359375 0.203125 0.18984375
6 0.14609375 0.08515625 0.2546875 0.1703125
6 0.78046875 0.35 0.228125 0.1984375
6 0.765625 0.87890625 0.23046875 0.23125
6 0.10390625 0.62890625 0.2078125 0.2171875