6 0.25546875 0.34140625 0.221875 0.20390625
4 0.503125 0.5015625 0.40546875 0.40234375
6 0.04296875 0.2421875 0.0859375 0.23671875
6 0.6390625 0.72890625 0.23359375 0.23984375
6 0.68046875 0.928125 0.25546875 0.14296875
6 0.921875 0.07734375 0.15 0.15390625
6 0.43046875 0.90078125 0.23359375 0.1984375
6 0.9109375 0.88984375 0.171875 0.2203125
6 0.8515625 0.68984375 0.2140625 0.2125
6 0.2859375 0.1421875 0.23359375 0.20078125
6 0.221875 0.6375 0.2390625 0.234375
6 0.68203125 0.2421875 0.21953125 0.1984375
6 0.86796875 0.34296875 0.253125 0.2453125
6 0.1390625 0.87890625 0.25 0.23125