4 0.50390625 0.48515625 0.4859375 0.6171875
6 0.04140625 0.55546875 0.0828125 0.2640625
5 0.21796875 0.46015625 0.06953125 0.07734375
6 0.42890625 0.03203125 0.23046875 0.06328125
6 0.38046875 0.85546875 0.25 0.25625
6 0.32109375 0.16796875 0.2859375 0.22578125
6 0.115625 0.37890625 0.23046875 0.23984375
6 0.9359375 0.303125 0.128125 0.23125
6 0.828125 0.86328125 0.24453125 0.26171875
6 0.7515625 0.2796875 0.275 0.20625
6 0.115625 0.0609375 0.23046875 0.12109375
6 0.16640625 0.896875 0.21640625 0.20625
6 0.621875 0.825 0.228125 0.21796875
6 0.878125 0.625 0.221875 0.2203125
6 0.80703125 0.1046875 0.2640625 0.209375
6 0.1609375 0.66640625 0.2390625 0.2203125