6 0.9734375 0.7078125 0.046875 0.19296875
6 0.109375 0.39921875 0.1859375 0.2203125
6 0.0109375 0.3359375 0.021875 0.21484375
6 0.878125 0.1171875 0.2390625 0.234375
6 0.659375 0.2703125 0.225 0.25859375
6 0.3 0.9265625 0.3 0.146875
4 0.50546875 0.50859375 0.40546875 0.415625
6 0.28046875 0.684375 0.221875 0.2234375
6 0.87109375 0.22421875 0.246875 0.25078125
6 0.07890625 0.9140625 0.1578125 0.171875
6 0.89609375 0.95703125 0.196875 0.08515625
6 0.93984375 0.428125 0.1203125 0.2125
6 0.15546875 0.69140625 0.228125 0.21484375
6 0.140625 0.496875 0.2140625 0.1953125
6 0.88203125 0.60625 0.225 0.209375
6 0.7375 0.72734375 0.2359375 0.23671875
6 0.41875 0.1140625 0.228125 0.228125
6 0.63984375 0.16796875 0.209375 0.2