6 0.9859375 0.89765625 0.028125 0.2046875
6 0.86484375 0.90859375 0.2296875 0.1828125
6 0.92890625 0.01484375 0.1359375 0.0296875
6 0.36953125 0.0609375 0.2390625 0.12109375
4 0.4984375 0.50546875 0.475 0.4765625
6 0.82890625 0.80859375 0.246875 0.23984375
6 0.371875 0.8390625 0.24453125 0.2453125
6 0.028125 0.3609375 0.05546875 0.24765625
6 0.1609375 0.56640625 0.21640625 0.2234375
6 0.25703125 0.08671875 0.2359375 0.1734375
6 0.6359375 0.96015625 0.228125 0.0796875
6 0.08046875 0.05234375 0.1609375 0.1046875
6 0.29140625 0.77265625 0.2390625 0.22890625
6 0.17109375 0.93671875 0.225 0.1265625
6 0.0859375 0.76328125 0.171875 0.24765625
6 0.8625 0.13203125 0.2640625 0.24765625
6 0.40546875 0.2125 0.24453125 0.19296875
6 0.81640625 0.56484375 0.25546875 0.26484375
6 0.6015625 0.8109375 0.225 0.2125
6 0.9109375 0.3609375 0.171875 0.22578125
6 0.1453125 0.5 0.23515625 0.21796875