6 0.0234375 0.44375 0.046875 0.1984375
6 0.56640625 0.9765625 0.23359375 0.046875
6 0.21953125 0.67734375 0.2890625 0.22578125
6 0.9734375 0.4046875 0.053125 0.25859375
6 0.7921875 0.984375 0.225 0.03125
6 0.03046875 0.23984375 0.0609375 0.1984375
6 0.12890625 0.97109375 0.21953125 0.0578125
4 0.50546875 0.52890625 0.421875 0.43515625
6 0.70390625 0.0375 0.2140625 0.07421875
6 0.49765625 0.0671875 0.2296875 0.134375
6 0.92890625 0.83046875 0.1359375 0.2234375
6 0.36796875 0.9140625 0.2140625 0.171875
6 0.83046875 0.38984375 0.2 0.234375
6 0.15859375 0.44453125 0.20546875 0.20625
6 0.6 0.22421875 0.2109375 0.18984375
6 0.396875 0.2421875 0.2109375 0.209375