5 0.625 0.77109375 0.071875 0.05546875
6 0.3203125 0.01484375 0.240625 0.0296875
6 0.9640625 0.61953125 0.06640625 0.23125
6 0.95703125 0.13671875 0.08046875 0.26171875
4 0.503125 0.5015625 0.41640625 0.396875
6 0.9140625 0.978125 0.171875 0.04375
5 0.0609375 0.35546875 0.11640625 0.11015625
6 0.1125 0.03046875 0.225 0.0609375
6 0.31953125 0.21875 0.23359375 0.23984375
6 0.328125 0.9296875 0.2390625 0.140625
6 0.446875 0.171875 0.24453125 0.234375
6 0.115625 0.91171875 0.23046875 0.1765625
6 0.925 0.825 0.15 0.25078125
6 0.10546875 0.1609375 0.2109375 0.2453125
6 0.7734375 0.7421875 0.21953125 0.2234375
6 0.859375 0.465625 0.24140625 0.23671875
6 0.115625 0.7203125 0.23046875 0.25078125