4 0.4984375 0.50390625 0.4140625 0.43515625
6 0.9625 0.27109375 0.06953125 0.2234375
6 0.9109375 0.10078125 0.171875 0.20078125
6 0.91484375 0.9796875 0.1703125 0.0375
6 0.0734375 0.359375 0.146875 0.26171875
6 0.23515625 0.0203125 0.2453125 0.040625
6 0.728125 0.0671875 0.271875 0.134375
6 0.0484375 0.80546875 0.096875 0.234375
6 0.06796875 0.9546875 0.1359375 0.090625
6 0.20546875 0.70625 0.2609375 0.234375
5 0.575 0.790625 0.09453125 0.07734375
6 0.15703125 0.37890625 0.2359375 0.234375
6 0.75390625 0.6421875 0.21953125 0.27578125
6 0.909375 0.82890625 0.18046875 0.25859375
6 0.9140625 0.58828125 0.171875 0.25078125
6 0.090625 0.08984375 0.18046875 0.17890625
6 0.5765625 0.91328125 0.253125 0.1734375
6 0.803125 0.3953125 0.2609375 0.25078125
6 0.415625 0.815625 0.225 0.22578125
6 0.34453125 0.1765625 0.25 0.23671875
5 0.93203125 0.62265625 0.09609375 0.10234375
6 0.15546875 0.63984375 0.23515625 0.203125