6 0.921875 0.0140625 0.15 0.02734375
6 0.9703125 0.853125 0.059375 0.225
6 0.04296875 0.18203125 0.0859375 0.23125
4 0.4984375 0.50703125 0.453125 0.490625
6 0.9515625 0.2921875 0.09140625 0.22578125
6 0.059375 0.5921875 0.11875 0.253125
6 0.740625 0.0609375 0.225 0.12109375
6 0.83515625 0.90859375 0.2328125 0.1828125
6 0.21953125 0.2546875 0.29453125 0.2453125
6 0.284375 0.7328125 0.2359375 0.1984375
6 0.30859375 0.08984375 0.25546875 0.17890625
6 0.290625 0.9078125 0.225 0.184375
6 0.77890625 0.2875 0.23046875 0.20078125
6 0.7765625 0.6890625 0.2359375 0.2421875
6 0.9140625 0.5109375 0.16640625 0.20625