6 0.821875 0.57578125 0.221875 0.20390625
6 0.7 0.684375 0.228125 0.22890625
6 0.9875 0.8609375 0.025 0.1953125
4 0.5015625 0.5109375 0.3140625 0.4546875
6 0.0234375 0.825 0.046875 0.20078125
6 0.9609375 0.546875 0.071875 0.278125
6 0.0359375 0.2125 0.071875 0.19296875
6 0.771875 0.63046875 0.1890625 0.1875
6 0.709375 0.91328125 0.25859375 0.1734375
6 0.79609375 0.10078125 0.16953125 0.1515625
6 0.9109375 0.1140625 0.178125 0.21796875
6 0.1875 0.92265625 0.20859375 0.15390625
6 0.46953125 0.85234375 0.2390625 0.1953125
6 0.9015625 0.34453125 0.1859375 0.2203125
6 0.2734375 0.6078125 0.1859375 0.1953125
6 0.89140625 0.7875 0.20546875 0.1984375
6 0.1375 0.73984375 0.225 0.234375
6 0.096875 0.3765625 0.19375 0.19375
6 0.24296875 0.16953125 0.203125 0.2125
6 0.7140625 0.25078125 0.21640625 0.209375
6 0.58046875 0.0640625 0.15 0.12734375