6 0.96796875 0.13671875 0.0640625 0.25625
6 0.8484375 0.4859375 0.1859375 0.184375
6 0.9703125 0.81015625 0.059375 0.2421875
6 0.4 0.115625 0.20546875 0.17109375
5 0.0125 0.37734375 0.025 0.08828125
6 0.4640625 0.8953125 0.1890625 0.209375
6 0.31953125 0.21484375 0.25546875 0.20390625
4 0.503125 0.509375 0.40546875 0.41328125
5 0.18359375 0.06484375 0.08359375 0.0796875
6 0.78046875 0.82890625 0.20546875 0.1875
6 0.06953125 0.090625 0.1390625 0.18125
6 0.05546875 0.65 0.1109375 0.21484375
6 0.2109375 0.95703125 0.23359375 0.08515625
6 0.409375 0.7921875 0.203125 0.18984375
6 0.86171875 0.90859375 0.2078125 0.1828125
6 0.84453125 0.0703125 0.25 0.140625
6 0.0640625 0.88984375 0.128125 0.2203125
6 0.1625 0.49609375 0.23046875 0.209375
6 0.921875 0.57578125 0.15625 0.1953125