6 0.02109375 0.1296875 0.04140625 0.22578125
4 0.50390625 0.5109375 0.43046875 0.44921875
6 0.15859375 0.03203125 0.25 0.06328125
6 0.26796875 0.15390625 0.23046875 0.2203125
6 0.3359375 0.10859375 0.23359375 0.2125
6 0.290625 0.9734375 0.20625 0.053125
6 0.20703125 0.54375 0.21953125 0.22890625
6 0.48125 0.90859375 0.225 0.1828125
6 0.95 0.0359375 0.1 0.071875
6 0.27890625 0.93359375 0.23046875 0.13203125
6 0.678125 0.03984375 0.2390625 0.0796875
6 0.8859375 0.5125 0.2109375 0.2421875
6 0.9390625 0.56484375 0.121875 0.209375
6 0.04609375 0.57734375 0.09140625 0.25625
6 0.9609375 0.2328125 0.071875 0.2234375
6 0.5265625 0.046875 0.2140625 0.09375
6 0.475 0.81796875 0.1890625 0.1875
6 0.14609375 0.328125 0.29140625 0.253125
6 0.85703125 0.1015625 0.2359375 0.203125
6 0.83046875 0.2921875 0.21640625 0.1765625
6 0.89140625 0.721875 0.2109375 0.19296875
6 0.1875 0.66015625 0.21953125 0.22890625
6 0.70546875 0.8171875 0.25 0.2453125
6 0.1171875 0.078125 0.23359375 0.15625