6 0.65390625 0.0109375 0.246875 0.021875
6 0.01796875 0.3046875 0.0359375 0.21796875
6 0.97734375 0.17109375 0.0453125 0.2296875
6 0.909375 0.9859375 0.175 0.02734375
6 0.90546875 0.03046875 0.1890625 0.0609375
4 0.49140625 0.53984375 0.40546875 0.40234375
6 0.953125 0.65546875 0.0890625 0.2203125
6 0.37109375 0.82109375 0.225 0.24765625
6 0.0625 0.11015625 0.125 0.2203125
6 0.22578125 0.9609375 0.2140625 0.078125
6 0.73203125 0.9078125 0.246875 0.184375
6 0.9390625 0.40390625 0.11640625 0.26171875
6 0.6265625 0.7703125 0.28046875 0.234375
6 0.175 0.721875 0.2109375 0.1984375
6 0.08359375 0.89140625 0.16640625 0.2125
6 0.4609375 0.103125 0.24453125 0.20625
6 0.234375 0.125 0.246875 0.23984375
6 0.909375 0.86953125 0.175 0.2234375
6 0.76640625 0.115625 0.24453125 0.23125
6 0.8 0.51953125 0.221875 0.21796875
6 0.1359375 0.3234375 0.2109375 0.23203125