6 0.9640625 0.046875 0.071875 0.09375
6 0.83359375 0.39375 0.2390625 0.22578125
6 0.35546875 0.01953125 0.2 0.03828125
4 0.50390625 0.503125 0.475 0.4328125
6 0.046875 0.08125 0.09375 0.1625
6 0.04140625 0.6296875 0.0828125 0.2125
6 0.1796875 0.08515625 0.19375 0.1703125
6 0.0609375 0.421875 0.121875 0.20390625
6 0.6484375 0.915625 0.1640625 0.16796875
6 0.90703125 0.30546875 0.175 0.19296875
6 0.1875 0.51484375 0.19140625 0.21484375
6 0.478125 0.15703125 0.20546875 0.20390625
6 0.26953125 0.86640625 0.21640625 0.1953125
6 0.48359375 0.8 0.2390625 0.21796875
6 0.740625 0.65859375 0.175 0.1984375
6 0.25859375 0.68203125 0.21640625 0.17890625
6 0.9125 0.59375 0.16953125 0.2234375