6 0.984375 0.30546875 0.03046875 0.23125
6 0.04296875 0.9203125 0.0859375 0.15390625
6 0.025 0.7203125 0.05 0.25625
5 0.9234375 0.0578125 0.08046875 0.0828125
6 0.19609375 0.57578125 0.23046875 0.2203125
6 0.39140625 0.96796875 0.271875 0.06328125
4 0.5015625 0.50703125 0.4859375 0.490625
6 0.90703125 0.4515625 0.18046875 0.24765625
6 0.1234375 0.77421875 0.203125 0.27578125
6 0.896875 0.16640625 0.2 0.184375
6 0.8484375 0.88828125 0.24140625 0.2234375
6 0.321875 0.84453125 0.2390625 0.21796875
6 0.75 0.28671875 0.221875 0.24765625
6 0.62109375 0.12421875 0.246875 0.2421875
6 0.14140625 0.37734375 0.228125 0.2203125
6 0.565625 0.8234375 0.246875 0.21484375
6 0.7875 0.66015625 0.2640625 0.25078125
6 0.39296875 0.17109375 0.246875 0.253125