4 0.5 0.5015625 0.428125 0.4296875
6 0.9734375 0.89921875 0.053125 0.20078125
6 0.05859375 0.684375 0.11640625 0.25078125
6 0.24609375 0.98359375 0.2640625 0.0328125
6 0.88046875 0.9515625 0.21640625 0.09609375
6 0.04453125 0.2234375 0.0890625 0.23125
6 0.6546875 0.95 0.278125 0.1
6 0.675 0.071875 0.2390625 0.14296875
6 0.41796875 0.9171875 0.275 0.165625
6 0.8234375 0.825 0.2640625 0.2125
6 0.578125 0.7875 0.26640625 0.2203125
6 0.15859375 0.1015625 0.2421875 0.203125
6 0.1015625 0.91015625 0.203125 0.17890625
6 0.8734375 0.125 0.24140625 0.2234375
6 0.196875 0.43671875 0.228125 0.22890625
6 0.696875 0.25625 0.25 0.23671875
6 0.2125 0.6375 0.23046875 0.21796875
6 0.309375 0.78125 0.25859375 0.20625
6 0.40859375 0.1734375 0.278125 0.26484375
6 0.0609375 0.51640625 0.121875 0.1828125