6 0.0109375 0.3109375 0.021875 0.19296875
4 0.5 0.5375 0.4109375 0.47421875
6 0.60546875 0.02890625 0.2390625 0.0578125
6 0.43203125 0.0921875 0.2359375 0.184375
6 0.18515625 0.96640625 0.2953125 0.0671875
6 0.565625 0.975 0.23046875 0.04921875
6 0.91796875 0.915625 0.1640625 0.16796875
6 0.11796875 0.0328125 0.2359375 0.065625
6 0.94296875 0.253125 0.10859375 0.20390625
6 0.09453125 0.8 0.1890625 0.21796875
6 0.9390625 0.58515625 0.11640625 0.2125
6 0.834375 0.27265625 0.23046875 0.19296875
6 0.86640625 0.08984375 0.2109375 0.1734375
6 0.74140625 0.88984375 0.2109375 0.2203125
6 0.09609375 0.50859375 0.19140625 0.2234375
6 0.25546875 0.37734375 0.21640625 0.20390625
6 0.309375 0.8515625 0.24140625 0.23125
6 0.45859375 0.2125 0.2390625 0.19296875
6 0.2015625 0.1609375 0.246875 0.2125
6 0.7515625 0.671875 0.2359375 0.1984375
6 0.559375 0.8140625 0.23046875 0.234375
6 0.815625 0.46796875 0.2359375 0.209375
6 0.9390625 0.8234375 0.12109375 0.22421875