6 0.2 0.209375 0.2109375 0.2421875
6 0.0140625 0.4796875 0.028125 0.20390625
6 0.421875 0.97890625 0.228125 0.0421875
4 0.50703125 0.50703125 0.4640625 0.4625
6 0.9125 0.18046875 0.16953125 0.1953125
6 0.196875 0.96796875 0.25 0.06328125
6 0.225 0.4875 0.19453125 0.253125
6 0.08046875 0.04140625 0.1609375 0.0828125
6 0.9484375 0.36484375 0.096875 0.21796875
6 0.07109375 0.52734375 0.14140625 0.278125
6 0.8890625 0.9640625 0.21640625 0.071875
6 0.48203125 0.0359375 0.246875 0.071875
6 0.92890625 0.04296875 0.1359375 0.08515625
6 0.0484375 0.7890625 0.096875 0.23984375
6 0.44453125 0.91875 0.221875 0.1625
6 0.9390625 0.77578125 0.121875 0.2453125
6 0.91953125 0.54375 0.15546875 0.234375
6 0.678125 0.915625 0.25 0.16796875
6 0.16953125 0.84140625 0.2 0.2125
6 0.103125 0.21875 0.20546875 0.278125
6 0.365625 0.7453125 0.21953125 0.2125
6 0.17890625 0.63046875 0.21953125 0.21484375
6 0.74609375 0.08984375 0.26953125 0.17890625
6 0.34140625 0.11875 0.19453125 0.23671875
6 0.78359375 0.571875 0.1890625 0.2453125
6 0.60859375 0.7578125 0.2609375 0.209375
6 0.54140625 0.1734375 0.23359375 0.21484375
6 0.8109375 0.26484375 0.25 0.21484375