4 0.49609375 0.5015625 0.496875 0.5234375
6 0.7375 0.128125 0.25859375 0.25625
6 0.975 0.60625 0.04453125 0.18203125
6 0.678125 0.72578125 0.25 0.2671875
6 0.95703125 0.95703125 0.08046875 0.08515625
6 0.95703125 0.4328125 0.08046875 0.22578125
6 0.48046875 0.8375 0.2109375 0.20390625
6 0.1375 0.98359375 0.203125 0.0328125
6 0.35390625 0.02578125 0.2359375 0.0515625
6 0.2484375 0.6984375 0.21953125 0.2234375
6 0.871875 0.03828125 0.228125 0.0765625
6 0.81953125 0.915625 0.19453125 0.16796875
6 0.55703125 0.07578125 0.253125 0.1515625
6 0.88046875 0.69453125 0.23359375 0.28671875
6 0.3109375 0.18046875 0.221875 0.28359375
6 0.8359375 0.28359375 0.278125 0.23671875
6 0.278125 0.896875 0.24453125 0.20625