6 0.38203125 0.2671875 0.346875 0.15390625
6 0.9 0.3109375 0.1890625 0.2421875
6 0.9640625 0.63671875 0.06640625 0.1984375
6 0.27109375 0.675 0.296875 0.24765625
6 0.51796875 0.94609375 0.35859375 0.1015625
6 0.41640625 0.815625 0.2390625 0.2703125
4 0.51015625 0.50234375 0.4609375 0.43515625
6 0.20859375 0.43359375 0.26640625 0.22890625
6 0.40546875 0.025 0.21640625 0.04921875
6 0.590625 0.83359375 0.196875 0.25078125
6 0.5984375 0.059375 0.21953125 0.11875
6 0.828125 0.07578125 0.278125 0.1515625
6 0.21953125 0.06875 0.21640625 0.1375
6 0.890625 0.78125 0.20859375 0.23984375
6 0.11953125 0.22734375 0.2390625 0.2125
6 0.11640625 0.61796875 0.2328125 0.2234375
6 0.37421875 0.15234375 0.36015625 0.19375
6 0.74296875 0.18671875 0.3296875 0.1578125
6 0.88828125 0.534375 0.2109375 0.24921875
6 0.73046875 0.78125 0.20859375 0.2453125
6 0.7859375 0.57890625 0.18828125 0.271875