6 0.909375 0.4640625 0.18046875 0.22890625
5 0.96953125 0.35703125 0.0609375 0.08515625
4 0.496875 0.503125 0.50546875 0.47109375
6 0.7515625 0.04375 0.246875 0.0875
6 0.021875 0.63671875 0.04375 0.2203125
6 0.08203125 0.98046875 0.1640625 0.03828125
6 0.38359375 0.01953125 0.25546875 0.03828125
6 0.034375 0.409375 0.06875 0.225
6 0.33984375 0.9734375 0.2296875 0.053125
6 0.59609375 0.05546875 0.20859375 0.11015625
6 0.55546875 0.82265625 0.21640625 0.20078125
6 0.159375 0.05078125 0.20859375 0.1015625
6 0.48203125 0.909375 0.246875 0.1765625
6 0.896875 0.090625 0.2 0.18125
6 0.834375 0.39921875 0.20859375 0.24765625
6 0.0734375 0.8625 0.146875 0.209375
6 0.7375 0.91328125 0.20859375 0.1734375
6 0.9140625 0.6890625 0.1609375 0.22578125
6 0.31953125 0.75234375 0.25546875 0.23125
6 0.59453125 0.20625 0.21640625 0.1875
6 0.15703125 0.47265625 0.23046875 0.25078125
6 0.109375 0.18671875 0.21875 0.2203125