6 0.8375 0.815625 0.2640625 0.27578125
4 0.50390625 0.50390625 0.40859375 0.41328125
6 0.23359375 0.7578125 0.2390625 0.253125
6 0.2234375 0.59609375 0.25859375 0.26171875
6 0.08359375 0.5 0.16640625 0.1953125
6 0.140625 0.02734375 0.25 0.0546875
6 0.9109375 0.23828125 0.171875 0.2453125
6 0.60859375 0.91875 0.3 0.1625
6 0.09140625 0.353125 0.1828125 0.20625
5 0.66640625 0.86484375 0.078125 0.07734375
6 0.753125 0.15703125 0.2609375 0.26484375
6 0.0734375 0.79609375 0.146875 0.23671875
6 0.446875 0.8171875 0.25546875 0.2125
6 0.92265625 0.7859375 0.15390625 0.2140625