6 0.0234375 0.371875 0.046875 0.20390625
6 0.0234375 0.92265625 0.046875 0.15390625
6 0.6125 0.98359375 0.203125 0.0328125
6 0.934375 0.978125 0.125 0.04375
5 0.09296875 0.02890625 0.09140625 0.0578125
5 0.08203125 0.453125 0.09140625 0.090625
6 0.2703125 0.02734375 0.209375 0.0546875
4 0.4984375 0.50859375 0.4359375 0.46015625
6 0.684375 0.05546875 0.21953125 0.11015625
6 0.30859375 0.9546875 0.21640625 0.090625
6 0.334375 0.246875 0.1859375 0.22890625
6 0.61953125 0.88828125 0.25 0.17890625
6 0.146875 0.84453125 0.2 0.21796875
6 0.88203125 0.08984375 0.225 0.17890625
6 0.87109375 0.3 0.246875 0.19296875
6 0.84453125 0.70546875 0.20546875 0.20390625
6 0.759375 0.5109375 0.153125 0.20625
6 0.659375 0.2203125 0.2359375 0.20390625