4 0.5 0.50546875 0.428125 0.44921875
6 0.021875 0.29375 0.04375 0.2375
6 0.0640625 0.684375 0.128125 0.27265625
6 0.09296875 0.93359375 0.1859375 0.13203125
6 0.9125 0.590625 0.175 0.22890625
6 0.446875 0.89375 0.271875 0.2125
6 0.08984375 0.078125 0.1796875 0.15625
6 0.87890625 0.08984375 0.2359375 0.17890625
6 0.1 0.47421875 0.2 0.23671875
6 0.3 0.103125 0.26640625 0.20625
6 0.83359375 0.41875 0.25 0.25859375
6 0.234375 0.653125 0.246875 0.26484375
6 0.7625 0.75625 0.25859375 0.27265625
6 0.16953125 0.290625 0.26640625 0.25078125
6 0.6765625 0.21484375 0.2640625 0.24765625
6 0.95546875 0.725 0.08828125 0.23828125