6 0.02109375 0.91875 0.04140625 0.1625
6 0.7890625 0.02890625 0.20546875 0.0578125
4 0.50390625 0.51484375 0.346875 0.46796875
6 0.56328125 0.02734375 0.2546875 0.0546875
6 0.32109375 0.02578125 0.2453125 0.0515625
6 0.75546875 0.34140625 0.2390625 0.209375
6 0.05390625 0.4703125 0.1078125 0.246875
6 0.33359375 0.97109375 0.2390625 0.0578125
5 0.82109375 0.25078125 0.08046875 0.0828125
6 0.94375 0.0796875 0.10625 0.159375
6 0.796875 0.95859375 0.2390625 0.0828125
6 0.5609375 0.9625 0.24453125 0.07421875
6 0.1203125 0.07265625 0.23125 0.1453125
6 0.9328125 0.271875 0.134375 0.23125
6 0.109375 0.91875 0.21875 0.1625
6 0.934375 0.6015625 0.125 0.23984375
6 0.7359375 0.10078125 0.2390625 0.20078125
6 0.22890625 0.4390625 0.196875 0.18984375
6 0.828125 0.47421875 0.2609375 0.21484375
6 0.44609375 0.84609375 0.25859375 0.23125
6 0.8984375 0.8015625 0.196875 0.209375
6 0.28203125 0.2125 0.2359375 0.2203125
6 0.70703125 0.72890625 0.24140625 0.2453125
6 0.2109375 0.7328125 0.25 0.22578125
6 0.50390625 0.16640625 0.253125 0.234375
6 0.09140625 0.25859375 0.1828125 0.2203125