6 0.81640625 0.15859375 0.24453125 0.2125
6 0.903125 0.46953125 0.18359375 0.21796875
6 0.19453125 0.534375 0.23359375 0.209375
6 0.971875 0.66796875 0.05546875 0.22890625
6 0.340625 0.025 0.20859375 0.04921875
4 0.50390625 0.5 0.4140625 0.42734375
6 0.84453125 0.98046875 0.221875 0.03828125
6 0.0640625 0.03046875 0.128125 0.0609375
6 0.9625 0.165625 0.06953125 0.1984375
6 0.475 0.95703125 0.2390625 0.08515625
6 0.40625 0.078125 0.240625 0.15625
6 0.83203125 0.08984375 0.23046875 0.17890625
6 0.928125 0.8734375 0.1390625 0.23125
6 0.834375 0.54140625 0.24140625 0.22890625
6 0.16640625 0.3265625 0.21640625 0.20625
6 0.21796875 0.64453125 0.225 0.22578125
6 0.659375 0.89921875 0.23046875 0.20078125
6 0.571875 0.17109375 0.25 0.2421875
6 0.11640625 0.8546875 0.2328125 0.234375
6 0.184375 0.11015625 0.225 0.2203125
6 0.7125 0.72421875 0.24140625 0.21484375
6 0.3640625 0.80546875 0.271875 0.2453125
6 0.084375 0.31171875 0.16875 0.2078125
5 0.8171875 0.5703125 0.0796875 0.08359375