6 0.65546875 0.0109375 0.23359375 0.021875
1 0.5015625 0.5015625 0.41953125 0.45703125
6 0.04140625 0.265625 0.0828125 0.25625
6 0.87890625 0.04140625 0.20859375 0.0828125
6 0.5765625 0.90625 0.2640625 0.1875
6 0.3734375 0.8359375 0.2359375 0.25078125
6 0.934375 0.88671875 0.125 0.22578125
6 0.82890625 0.37734375 0.28046875 0.23671875
6 0.796875 0.603125 0.24453125 0.253125
6 0.12109375 0.10625 0.2359375 0.2125
6 0.90546875 0.1859375 0.18359375 0.2453125
6 0.690625 0.1515625 0.24140625 0.21484375
6 0.15 0.77109375 0.28359375 0.27578125
6 0.2015625 0.3171875 0.28046875 0.24765625