6 0.3515625 0.9890625 0.23046875 0.021875
6 0.10390625 0.01640625 0.2078125 0.0328125
6 0.95703125 0.584375 0.08046875 0.24765625
6 0.9578125 0.090625 0.078125 0.18125
6 0.790625 0.0234375 0.24140625 0.046875
6 0.0640625 0.08125 0.128125 0.1625
6 0.10546875 0.91875 0.20546875 0.1625
1 0.50390625 0.496875 0.4359375 0.465625
6 0.94609375 0.87578125 0.103125 0.2421875
6 0.2734375 0.071875 0.225 0.14296875
6 0.221875 0.78125 0.2109375 0.20078125
6 0.31953125 0.24921875 0.23359375 0.23984375
6 0.21640625 0.559375 0.21640625 0.23671875
6 0.0734375 0.47421875 0.146875 0.24765625
6 0.6875 0.9046875 0.2359375 0.18984375
6 0.8234375 0.7203125 0.225 0.2453125
6 0.1140625 0.246875 0.228125 0.234375
6 0.81953125 0.4890625 0.221875 0.23984375
6 0.5125 0.80859375 0.21953125 0.1953125
6 0.70859375 0.16015625 0.2609375 0.23125