6 0.528125 0.86484375 0.3109375 0.22578125
6 0.03359375 0.03984375 0.06640625 0.0796875
6 0.69140625 0.94921875 0.271875 0.1015625
6 0.378125 0.95546875 0.253125 0.0890625
6 0.79453125 0.409375 0.2 0.25078125
6 0.9125 0.94453125 0.16953125 0.11015625
1 0.5390625 0.55234375 0.4390625 0.465625
6 0.865625 0.0796875 0.221875 0.159375
6 0.22578125 0.1015625 0.2140625 0.203125
6 0.41640625 0.1953125 0.23359375 0.209375
6 0.890625 0.65 0.20859375 0.1984375
6 0.196875 0.34140625 0.221875 0.22578125
6 0.796875 0.80859375 0.2390625 0.1953125
6 0.25859375 0.79609375 0.2390625 0.2203125
6 0.1484375 0.57265625 0.23046875 0.23125
6 0.665625 0.16953125 0.246875 0.2453125
6 0.92421875 0.31171875 0.1515625 0.353125