6 0.2984375 0.80546875 0.29140625 0.3109375
6 0.38046875 0.7671875 0.25546875 0.22890625
6 0.0609375 0.4421875 0.121875 0.25625
6 0.0875 0.5796875 0.175 0.2125
6 0.07109375 0.03203125 0.14140625 0.06328125
6 0.21640625 0.30703125 0.3109375 0.26171875
6 0.91484375 0.953125 0.1703125 0.09375
5 0.19609375 0.765625 0.09140625 0.08828125
1 0.50546875 0.503125 0.428125 0.44375
6 0.153125 0.165625 0.25 0.2203125
6 0.6421875 0.0671875 0.225 0.134375
6 0.890625 0.50390625 0.2140625 0.25859375
6 0.771875 0.68984375 0.2609375 0.29453125
6 0.64140625 0.221875 0.28359375 0.2234375
6 0.878125 0.28359375 0.2390625 0.23671875
6 0.396875 0.175 0.271875 0.2453125
6 0.08046875 0.87734375 0.1609375 0.2453125