6 0.228125 0.5828125 0.21640625 0.278125
6 0.9328125 0.91953125 0.134375 0.1609375
6 0.06953125 0.05078125 0.1390625 0.1015625
1 0.503125 0.50390625 0.428125 0.4796875
6 0.946875 0.746875 0.1 0.23671875
6 0.45625 0.95546875 0.259375 0.0890625
6 0.2078125 0.94296875 0.271875 0.1140625
5 0.46953125 0.8828125 0.071875 0.06328125
6 0.07890625 0.5375 0.1578125 0.30625
6 0.89140625 0.4421875 0.2109375 0.2453125
6 0.23203125 0.34140625 0.2359375 0.24765625
6 0.78984375 0.86875 0.2578125 0.2625
6 0.74609375 0.278125 0.23046875 0.22578125
6 0.45390625 0.18046875 0.28046875 0.234375
6 0.3390625 0.81015625 0.271875 0.25859375