6 0.88828125 0.95546875 0.0828125 0.0890625
6 0.95234375 0.97421875 0.0953125 0.0484375
6 0.48359375 0.01484375 0.2296875 0.0296875
6 0.034375 0.2171875 0.06875 0.253125
6 0.171875 0.97890625 0.221875 0.0421875
6 0.77109375 0.93515625 0.2140625 0.1296875
5 0.8875 0.95625 0.08046875 0.0828125
6 0.1984375 0.6484375 0.225 0.2234375
6 0.053125 0.63671875 0.10546875 0.24765625
6 0.92734375 0.82421875 0.1453125 0.2296875
6 0.475 0.2453125 0.178125 0.15390625
1 0.50546875 0.52890625 0.421875 0.440625
6 0.20859375 0.0671875 0.2421875 0.134375
6 0.134375 0.465625 0.175 0.1984375
6 0.58203125 0.11875 0.1859375 0.18203125
6 0.53203125 0.8734375 0.2640625 0.253125
6 0.76953125 0.16953125 0.228125 0.22890625
6 0.3125 0.2078125 0.21953125 0.21796875