6 0.1625 0.40625 0.203125 0.21796875
6 0.9453125 0.04375 0.109375 0.0875
6 0.03203125 0.15859375 0.0640625 0.2125
6 0.9890625 0.4296875 0.021875 0.1984375
6 0.9734375 0.828125 0.053125 0.23984375
6 0.25546875 0.54140625 0.1890625 0.2234375
6 0.725 0.04296875 0.25546875 0.08515625
1 0.50390625 0.45078125 0.475 0.4546875
6 0.06640625 0.03125 0.1328125 0.0625
6 0.7859375 0.175 0.23359375 0.2125
6 0.2 0.87890625 0.24453125 0.23125
6 0.303125 0.05625 0.228125 0.1125
6 0.071875 0.55 0.14375 0.2375
6 0.26953125 0.72734375 0.228125 0.19296875
6 0.5625 0.07734375 0.253125 0.15390625
6 0.74296875 0.846875 0.225 0.2234375
6 0.1359375 0.165625 0.221875 0.21484375
6 0.85390625 0.55625 0.225 0.209375
6 0.4484375 0.859375 0.21953125 0.23671875
6 0.78125 0.6890625 0.22890625 0.20625
6 0.0640625 0.40234375 0.12734375 0.228125