6 0.91484375 0.0109375 0.1703125 0.021875
6 0.9875 0.640625 0.025 0.1953125
6 0.9640625 0.06484375 0.06640625 0.1296875
6 0.9125 0.98359375 0.175 0.0328125
6 0.12890625 0.0359375 0.24140625 0.071875
5 0.95859375 0.5703125 0.078125 0.07734375
6 0.378125 0.034375 0.228125 0.06875
6 0.31953125 0.95859375 0.228125 0.0828125
6 0.85859375 0.29609375 0.2 0.1953125
6 0.05390625 0.32578125 0.1078125 0.2390625
6 0.94296875 0.85390625 0.10859375 0.2203125
1 0.4625 0.5328125 0.49140625 0.509375
6 0.1234375 0.5015625 0.20859375 0.20390625
6 0.74453125 0.90078125 0.221875 0.1984375
6 0.12109375 0.6390625 0.21953125 0.209375
6 0.7734375 0.09609375 0.253125 0.1921875
6 0.16640625 0.14296875 0.2390625 0.21484375
6 0.6375 0.25078125 0.21953125 0.21484375
6 0.80703125 0.4875 0.2359375 0.209375
6 0.50859375 0.88046875 0.24453125 0.234375