6 0.015625 0.6375 0.03046875 0.278125
3 0.45546875 0.0625 0.4171875 0.12421875
6 0.9875 0.6078125 0.025 0.20078125
6 0.05546875 0.02578125 0.1109375 0.0515625
6 0.90546875 0.29609375 0.18359375 0.234375
6 0.7625 0.05546875 0.2640625 0.11015625
6 0.1859375 0.9609375 0.228125 0.078125
6 0.790625 0.44375 0.2640625 0.27578125
1 0.50546875 0.503125 0.40546875 0.38828125
6 0.8984375 0.9265625 0.196875 0.146875
6 0.7890625 0.15390625 0.25 0.23125
6 0.1890625 0.63046875 0.2609375 0.20390625
6 0.30703125 0.84296875 0.28046875 0.26484375
6 0.575 0.2234375 0.2609375 0.22578125
6 0.5609375 0.87734375 0.23359375 0.23984375
6 0.72109375 0.73125 0.25859375 0.2234375
6 0.07265625 0.93828125 0.1453125 0.1234375