6 0.35390625 0.9875 0.2140625 0.025
6 0.0625 0.97890625 0.125 0.0421875
6 0.6984375 0.98359375 0.21953125 0.0328125
6 0.603125 0.0203125 0.23125 0.040625
6 0.103125 0.15546875 0.2 0.23984375
6 0.94140625 0.07578125 0.1109375 0.1515625
6 0.77890625 0.51953125 0.24140625 0.2453125
6 0.175 0.06171875 0.25 0.1234375
1 0.49609375 0.50546875 0.48046875 0.53203125
6 0.37578125 0.1015625 0.2078125 0.203125
6 0.94296875 0.27265625 0.1140625 0.2421875
6 0.78046875 0.30859375 0.24453125 0.2421875
6 0.94140625 0.59765625 0.11640625 0.24765625
6 0.75703125 0.7203125 0.325 0.17890625
6 0.57109375 0.171875 0.2359375 0.21796875
6 0.796875 0.89375 0.28359375 0.2125
6 0.19609375 0.90625 0.24140625 0.1875
6 0.72265625 0.1015625 0.2703125 0.203125
6 0.1734375 0.47421875 0.2359375 0.2421875
6 0.50859375 0.828125 0.26640625 0.2234375
6 0.08046875 0.6890625 0.1609375 0.2703125