6 0.221875 0.33359375 0.23359375 0.209375
6 0.12578125 0.0671875 0.2203125 0.134375
6 0.0140625 0.84140625 0.028125 0.2125
6 0.98203125 0.29609375 0.0359375 0.20625
6 0.0640625 0.07421875 0.128125 0.1484375
6 0.628125 0.02734375 0.2 0.0546875
6 0.70546875 0.7796875 0.19453125 0.2203125
1 0.503125 0.4984375 0.4609375 0.4796875
5 0.4359375 0.77578125 0.06640625 0.06328125
6 0.334375 0.9546875 0.2140625 0.090625
6 0.6109375 0.81796875 0.2109375 0.1984375
6 0.11953125 0.38984375 0.2390625 0.21796875
6 0.8 0.24765625 0.24453125 0.21484375
6 0.89140625 0.91328125 0.2109375 0.1734375
6 0.16640625 0.753125 0.2390625 0.25078125
6 0.04375 0.48671875 0.0875 0.24296875