6 0.4859375 0.98984375 0.221875 0.0203125
6 0.046875 0.02421875 0.09375 0.0484375
5 0.315625 0.0109375 0.096875 0.021875
6 0.04140625 0.31484375 0.0828125 0.2234375
6 0.6390625 0.75859375 0.221875 0.15703125
6 0.14609375 0.56875 0.23046875 0.2125
6 0.490625 0.025 0.225 0.04921875
5 0.1515625 0.40234375 0.075 0.071875
5 0.38203125 0.07578125 0.1140625 0.11328125
6 0.85546875 0.6625 0.26640625 0.3
1 0.50546875 0.49609375 0.4609375 0.4515625
6 0.903125 0.4296875 0.18359375 0.1875
6 0.6375 0.86484375 0.2359375 0.209375
6 0.2296875 0.9140625 0.24375 0.171875
6 0.76953125 0.196875 0.2 0.21796875
6 0.1234375 0.17109375 0.24140625 0.23671875
6 0.29140625 0.73984375 0.21640625 0.23984375
6 0.3390625 0.22421875 0.25 0.2125