6 0.14609375 0.01484375 0.2328125 0.0296875
6 0.67109375 0.86484375 0.2640625 0.21484375
6 0.0265625 0.74765625 0.053125 0.22890625
6 0.07109375 0.975 0.14140625 0.04921875
6 0.06796875 0.05234375 0.1359375 0.1046875
6 0.2359375 0.14296875 0.2609375 0.25859375
6 0.253125 0.06875 0.221875 0.1375
6 0.45390625 0.96015625 0.25859375 0.0796875
6 0.91796875 0.1046875 0.1640625 0.209375
6 0.9484375 0.52734375 0.103125 0.23984375
6 0.709375 0.928125 0.253125 0.14296875
6 0.3359375 0.86328125 0.228125 0.234375
1 0.49140625 0.50703125 0.4890625 0.490625
6 0.23359375 0.9171875 0.221875 0.165625
6 0.79453125 0.24921875 0.26640625 0.234375
6 0.175 0.59609375 0.221875 0.20625
6 0.15703125 0.765625 0.203125 0.18203125
6 0.7875 0.56171875 0.19140625 0.25859375
6 0.40703125 0.1890625 0.23046875 0.234375
6 0.87890625 0.77421875 0.2359375 0.253125
6 0.10390625 0.42109375 0.2078125 0.2765625
6 0.80703125 0.45546875 0.21484375 0.2203125