6 0.9703125 0.61328125 0.059375 0.2234375
5 0.0109375 0.04296875 0.021875 0.06875
6 0.94453125 0.51484375 0.1109375 0.3140625
6 0.9890625 0.1046875 0.021875 0.209375
6 0.89453125 0.0125 0.2109375 0.025
6 0.028125 0.44765625 0.05546875 0.234375
6 0.94609375 0.94765625 0.103125 0.1046875
1 0.5 0.50546875 0.4390625 0.4328125
6 0.7765625 0.96796875 0.23046875 0.06328125
6 0.3140625 0.9625 0.228125 0.07421875
6 0.06796875 0.0921875 0.1359375 0.184375
6 0.2375 0.64609375 0.2359375 0.234375
6 0.5453125 0.9375 0.253125 0.125
6 0.234375 0.08984375 0.23046875 0.17890625
6 0.41796875 0.79921875 0.23046875 0.23125
6 0.71953125 0.0671875 0.2390625 0.134375
6 0.0875 0.79765625 0.175 0.2234375
6 0.79296875 0.5796875 0.21953125 0.25625
6 0.128125 0.30859375 0.25546875 0.26484375
6 0.884375 0.21796875 0.21953125 0.23125
6 0.45078125 0.1140625 0.2296875 0.228125
6 0.74453125 0.82109375 0.26640625 0.23671875
6 0.15625 0.5703125 0.221875 0.24921875