6 0.41640625 0.18046875 0.21640625 0.2125
6 0.715625 0.0484375 0.275 0.09609375
1 0.503125 0.5015625 0.45546875 0.46796875
6 0.9375 0.29609375 0.11953125 0.2453125
6 0.81953125 0.1046875 0.24453125 0.209375
6 0.3953125 0.078125 0.21875 0.15625
6 0.75546875 0.93125 0.228125 0.1375
6 0.08203125 0.290625 0.1640625 0.2453125
6 0.37890625 0.93671875 0.29140625 0.1265625
6 0.21640625 0.18046875 0.19453125 0.234375
6 0.12890625 0.90234375 0.24140625 0.1953125
6 0.10546875 0.684375 0.2109375 0.2234375
6 0.321875 0.7703125 0.2609375 0.2234375
6 0.6140625 0.19296875 0.2390625 0.2203125
6 0.1609375 0.46953125 0.26640625 0.23984375