6 0.9828125 0.38515625 0.034375 0.2203125
6 0.9734375 0.65859375 0.053125 0.2203125
6 0.96796875 0.140625 0.0640625 0.22578125
1 0.4984375 0.50390625 0.453125 0.47421875
6 0.0515625 0.0484375 0.103125 0.09609375
6 0.20390625 0.103125 0.225 0.20078125
6 0.80546875 0.49609375 0.20546875 0.2203125
6 0.628125 0.78203125 0.21640625 0.209375
6 0.6765625 0.1765625 0.23046875 0.2203125
6 0.228125 0.6421875 0.20546875 0.209375
6 0.515625 0.93515625 0.25859375 0.1296875
6 0.87109375 0.27421875 0.21953125 0.22890625
6 0.09609375 0.45625 0.19140625 0.2453125
6 0.25859375 0.90234375 0.2390625 0.1953125
6 0.8875 0.8921875 0.21953125 0.21484375
6 0.434375 0.15546875 0.24140625 0.23984375