6 0.02890625 0.22890625 0.0578125 0.2296875
6 0.34296875 0.9171875 0.2359375 0.165625
6 0.065625 0.54140625 0.13046875 0.23984375
6 0.14375 0.984375 0.221875 0.03125
6 0.31953125 0.0375 0.2390625 0.07421875
6 0.0875 0.03828125 0.175 0.0765625
1 0.540625 0.5671875 0.63046875 0.62265625
5 0.90859375 0.45078125 0.06640625 0.06875
6 0.2625 0.3984375 0.21953125 0.234375
6 0.1125 0.3359375 0.21953125 0.23671875
6 0.94609375 0.07578125 0.103125 0.1515625
6 0.0625 0.8859375 0.125 0.2234375
6 0.19296875 0.61875 0.2140625 0.25078125
6 0.56796875 0.9390625 0.24140625 0.12109375
6 0.178125 0.1265625 0.221875 0.22578125
6 0.834375 0.11171875 0.1859375 0.2234375
6 0.65859375 0.12265625 0.1890625 0.1953125
6 0.221875 0.85546875 0.221875 0.2234375
6 0.91796875 0.625 0.15859375 0.2203125
6 0.83203125 0.31796875 0.225 0.20625
6 0.51953125 0.24453125 0.3015625 0.2078125
6 0.3328125 0.165625 0.25625 0.2265625
6 0.56875 0.0828125 0.27890625 0.165625