6 0.615625 0.090625 0.24375 0.18125
6 0.04296875 0.0140625 0.0859375 0.02734375
6 0.0359375 0.9609375 0.071875 0.078125
6 0.725 0.69296875 0.23359375 0.1953125
6 0.946875 0.859375 0.10546875 0.2421875
6 0.221875 0.56484375 0.18359375 0.24765625
6 0.7171875 0.96640625 0.23125 0.0671875
6 0.43359375 0.9265625 0.2421875 0.146875
6 0.83046875 0.5203125 0.21640625 0.209375
6 0.053125 0.803125 0.10546875 0.20625
6 0.371875 0.06875 0.221875 0.1375
6 0.7375 0.07734375 0.246875 0.15390625
1 0.509375 0.490625 0.51953125 0.47421875
6 0.1859375 0.70546875 0.2109375 0.20390625
6 0.740625 0.80703125 0.2140625 0.209375
6 0.0765625 0.5609375 0.153125 0.2125
6 0.1625 0.903125 0.225 0.19375
6 0.890625 0.23671875 0.2140625 0.2203125
6 0.4890625 0.79375 0.2109375 0.21484375
6 0.109375 0.121875 0.21875 0.234375
6 0.259375 0.26328125 0.24140625 0.21796875
6 0.87578125 0.440625 0.24375 0.23515625
6 0.9265625 0.1234375 0.14609375 0.246875