6 0.96953125 0.98046875 0.05546875 0.03828125
6 0.2234375 0.98984375 0.203125 0.0203125
6 0.2515625 0.5921875 0.24140625 0.23125
1 0.503125 0.50390625 0.428125 0.43515625
6 0.0484375 0.675 0.096875 0.23125
5 0.90390625 0.85546875 0.08046875 0.0796875
6 0.67109375 0.9640625 0.203125 0.071875
6 0.4515625 0.95703125 0.2140625 0.08515625
6 0.59453125 0.0453125 0.20546875 0.090625
6 0.0625 0.92109375 0.125 0.1578125
6 0.2265625 0.05234375 0.253125 0.1046875
6 0.065625 0.26171875 0.13046875 0.20390625
6 0.934375 0.0953125 0.125 0.18984375
6 0.83359375 0.5484375 0.2 0.19296875
6 0.77890625 0.11953125 0.203125 0.20078125
6 0.09609375 0.47109375 0.19140625 0.18203125
6 0.328125 0.81953125 0.23359375 0.2125
6 0.7140625 0.71875 0.20546875 0.19296875
6 0.49140625 0.17890625 0.2609375 0.22578125