6 0.2828125 0.78828125 0.19375 0.23828125
6 0.56015625 0.99140625 0.1640625 0.0171875
6 0.871875 0.284375 0.22421875 0.1953125
6 0.6328125 0.78046875 0.21015625 0.22734375
6 0.040625 0.18359375 0.08125 0.2328125
6 0.18046875 0.11796875 0.21328125 0.2359375
6 0.9015625 0.8484375 0.19140625 0.22734375
6 0.26484375 0.1125 0.20234375 0.225
6 0.965625 0.46171875 0.06796875 0.225
6 0.89296875 0.97109375 0.2015625 0.0578125
1 0.50546875 0.49453125 0.43203125 0.42578125
6 0.31796875 0.95546875 0.24296875 0.0890625
6 0.846875 0.77109375 0.24609375 0.2140625
6 0.05703125 0.4703125 0.1140625 0.225
6 0.8703125 0.35625 0.215625 0.18671875
6 0.078125 0.90625 0.15546875 0.18671875
6 0.90546875 0.0734375 0.1828125 0.14609375
6 0.18828125 0.3890625 0.20234375 0.20859375
6 0.69296875 0.103125 0.26484375 0.20625
6 0.4640625 0.0890625 0.225 0.178125
6 0.55859375 0.81875 0.215625 0.221875
6 0.2046875 0.8078125 0.2296875 0.24375
6 0.08984375 0.28203125 0.1796875 0.2140625
6 0.18046875 0.57890625 0.2296875 0.21953125