6 0.9359375 0.0109375 0.128125 0.021875
6 0.025 0.3140625 0.05 0.25859375
6 0.9328125 0.46953125 0.134375 0.2671875
5 0.9484375 0.72734375 0.08046875 0.071875
6 0.2265625 0.30546875 0.296875 0.253125
6 0.0515625 0.034375 0.103125 0.06875
1 0.4984375 0.50390625 0.43046875 0.44609375
5 0.65703125 0.14609375 0.0640625 0.05546875
6 0.109375 0.334375 0.19140625 0.20625
5 0.31953125 0.184375 0.10546875 0.08828125
6 0.0734375 0.95703125 0.146875 0.08515625
6 0.7734375 0.9625 0.23046875 0.07421875
6 0.75 0.7671875 0.23359375 0.23984375
6 0.5546875 0.05625 0.234375 0.1125
6 0.6640625 0.8484375 0.2109375 0.18203125
6 0.17109375 0.54921875 0.2640625 0.2453125
6 0.825 0.49296875 0.23359375 0.2203125
6 0.90390625 0.171875 0.1859375 0.18984375
6 0.44375 0.88515625 0.221875 0.2296875
6 0.215625 0.88125 0.24140625 0.23671875
6 0.2125 0.08125 0.24140625 0.1625