6 0.8609375 0.00859375 0.1890625 0.01640625
6 0.96796875 0.27421875 0.0640625 0.21796875
6 0.04453125 0.95703125 0.0890625 0.08515625
6 0.7765625 0.2328125 0.23046875 0.234375
6 0.071875 0.02890625 0.14375 0.0578125
6 0.909375 0.98046875 0.18046875 0.03828125
6 0.525 0.978125 0.21640625 0.04375
6 0.04140625 0.18046875 0.0828125 0.2453125
6 0.8015625 0.49453125 0.2140625 0.2453125
6 0.93203125 0.13671875 0.13046875 0.21796875
6 0.06796875 0.590625 0.1359375 0.2234375
6 0.60546875 0.74921875 0.228125 0.21484375
6 0.171875 0.92578125 0.221875 0.1484375
6 0.590625 0.08984375 0.2140625 0.17890625
1 0.5140625 0.478125 0.40546875 0.42734375
6 0.92890625 0.8484375 0.14140625 0.2203125
6 0.7484375 0.8953125 0.23046875 0.209375
6 0.21640625 0.753125 0.2 0.184375
6 0.071875 0.809375 0.14375 0.23125
6 0.09453125 0.39375 0.1890625 0.22578125
6 0.20859375 0.08828125 0.228125 0.1765625
6 0.25 0.28203125 0.221875 0.2125
6 0.40703125 0.79921875 0.21953125 0.2421875
6 0.221875 0.559375 0.2109375 0.21484375
6 0.80703125 0.67890625 0.23046875 0.23984375
6 0.740625 0.175 0.21328125 0.19375
6 0.93671875 0.540625 0.1265625 0.240625
6 0.9546875 0.6296875 0.090625 0.21796875