6 0.95234375 0.56953125 0.0953125 0.2703125
6 0.6171875 0.9734375 0.246875 0.053125
6 0.16953125 0.9765625 0.2390625 0.046875
6 0.05390625 0.6421875 0.1078125 0.234375
6 0.096875 0.03984375 0.19375 0.0796875
1 0.5015625 0.50703125 0.40859375 0.46796875
6 0.87109375 0.9390625 0.24140625 0.12109375
6 0.73984375 0.07265625 0.2703125 0.1453125
6 0.08359375 0.44375 0.16640625 0.21484375
6 0.10390625 0.225 0.2078125 0.259375
6 0.5875 0.1890625 0.24140625 0.21796875
6 0.5859375 0.83203125 0.221875 0.23671875
6 0.79453125 0.78515625 0.25546875 0.23671875
6 0.790625 0.328125 0.2859375 0.27578125
6 0.35703125 0.82265625 0.28046875 0.2234375
6 0.209375 0.6421875 0.253125 0.253125
6 0.9171875 0.13046875 0.159375 0.2609375
6 0.8015625 0.5671875 0.2359375 0.22578125