6 0.6734375 0.25859375 0.20859375 0.18203125
6 0.0140625 0.4421875 0.028125 0.1953125
6 0.9703125 0.9078125 0.059375 0.184375
6 0.9828125 0.2125 0.034375 0.20625
6 0.9765625 0.0609375 0.046875 0.12109375
6 0.74609375 0.3171875 0.16953125 0.209375
6 0.8859375 0.47421875 0.221875 0.253125
6 0.06796875 0.8140625 0.1359375 0.23984375
6 0.734375 0.9734375 0.203125 0.053125
6 0.140625 0.0234375 0.21953125 0.046875
5 0.865625 0.10078125 0.1140625 0.1015625
6 0.3703125 0.97890625 0.196875 0.0421875
6 0.578125 0.0328125 0.21875 0.065625
6 0.06640625 0.903125 0.1328125 0.19375
1 0.4984375 0.49453125 0.496875 0.509375
6 0.05703125 0.184375 0.1140625 0.22578125
6 0.5640625 0.94921875 0.23359375 0.1015625
6 0.3546875 0.04921875 0.221875 0.0984375
6 0.6015625 0.7890625 0.225 0.20078125
6 0.8734375 0.2328125 0.21953125 0.2125
6 0.16796875 0.64296875 0.23046875 0.2234375
6 0.80703125 0.8171875 0.23046875 0.2234375
6 0.453125 0.1734375 0.221875 0.1984375
6 0.88828125 0.74765625 0.22109375 0.2078125