6 0.34609375 0.78125 0.2359375 0.18984375
6 0.9890625 0.22734375 0.021875 0.1953125
6 0.021875 0.8390625 0.04375 0.215625
6 0.975 0.93515625 0.05 0.1296875
6 0.04140625 0.56640625 0.0828125 0.2421875
6 0.803125 0.0328125 0.246875 0.065625
6 0.8375 0.5828125 0.2359375 0.2234375
6 0.0359375 0.3265625 0.071875 0.23984375
6 0.06796875 0.04921875 0.1359375 0.0984375
1 0.503125 0.4984375 0.4609375 0.44609375
6 0.34140625 0.85234375 0.221875 0.1953125
6 0.478125 0.94921875 0.2109375 0.1015625
6 0.925 0.3984375 0.14453125 0.2234375
6 0.93359375 0.0828125 0.128125 0.165625
6 0.15859375 0.93203125 0.2203125 0.1359375
6 0.8734375 0.8390625 0.21953125 0.2125
6 0.66796875 0.78671875 0.21953125 0.18984375
6 0.165625 0.18984375 0.25859375 0.2421875
6 0.3875 0.1875 0.21953125 0.21484375
6 0.15859375 0.44921875 0.228125 0.2203125
6 0.81640625 0.1859375 0.21640625 0.21796875
6 0.1125 0.72578125 0.2140625 0.20625
6 0.80078125 0.64140625 0.196875 0.18671875