6 0.95703125 0.56171875 0.08046875 0.2421875
6 0.9828125 0.13828125 0.034375 0.2015625
6 0.73046875 0.140625 0.2609375 0.22578125
6 0.303125 0.93671875 0.2390625 0.1265625
6 0.9375 0.45703125 0.11953125 0.19296875
6 0.43359375 0.03984375 0.221875 0.0796875
6 0.609375 0.8140625 0.24140625 0.22890625
5 0.0484375 0.071875 0.0859375 0.08828125
6 0.84609375 0.02578125 0.2640625 0.0515625
5 0.828125 0.48046875 0.1 0.11328125
6 0.66640625 0.18984375 0.20546875 0.209375
1 0.49609375 0.50703125 0.4640625 0.47421875
6 0.053125 0.37578125 0.10546875 0.22890625
6 0.05546875 0.72421875 0.1109375 0.253125
6 0.23671875 0.06171875 0.2359375 0.1234375
6 0.14609375 0.88828125 0.253125 0.2234375
6 0.7984375 0.90234375 0.23046875 0.1953125
6 0.49140625 0.90625 0.221875 0.1875
6 0.1734375 0.50546875 0.21953125 0.22890625
6 0.9140625 0.7765625 0.16640625 0.24765625
6 0.46640625 0.175 0.24453125 0.22890625
6 0.69453125 0.746875 0.22734375 0.18125