6 0.17890625 0.3015625 0.23046875 0.22890625
6 0.125 0.1640625 0.25 0.23984375
6 0.0515625 0.92265625 0.103125 0.15390625
6 0.13046875 0.0375 0.2609375 0.07421875
6 0.0625 0.69296875 0.125 0.23984375
6 0.94453125 0.92578125 0.10546875 0.1484375
5 0.28203125 0.23828125 0.08046875 0.0796875
1 0.49296875 0.50390625 0.3640625 0.5015625
6 0.928125 0.3046875 0.1390625 0.278125
6 0.4265625 0.9390625 0.225 0.12109375
6 0.19375 0.93203125 0.234375 0.1359375
6 0.6484375 0.74375 0.253125 0.22578125
6 0.93359375 0.74375 0.128125 0.2203125
6 0.775 0.3515625 0.2109375 0.21796875
6 0.7734375 0.8734375 0.24140625 0.2203125
6 0.57890625 0.11015625 0.246875 0.2203125
6 0.2125 0.7453125 0.20859375 0.23984375
6 0.790625 0.5671875 0.25859375 0.2421875
6 0.40859375 0.78203125 0.21640625 0.209375
6 0.8 0.115625 0.23359375 0.23125