6 0.9765625 0.6734375 0.046875 0.21796875
6 0.9734375 0.25234375 0.053125 0.234375
6 0.05546875 0.47109375 0.1109375 0.2703125
6 0.08984375 0.02734375 0.1796875 0.0546875
6 0.7609375 0.94921875 0.24453125 0.1015625
1 0.50546875 0.5015625 0.4390625 0.4515625
6 0.2875 0.03046875 0.253125 0.0609375
6 0.68359375 0.034375 0.2609375 0.06875
6 0.846875 0.26484375 0.221875 0.22578125
6 0.90390625 0.07265625 0.1859375 0.1453125
6 0.096875 0.75390625 0.19375 0.2765625
6 0.2265625 0.91875 0.2640625 0.1625
6 0.55859375 0.91328125 0.24453125 0.1734375
6 0.90390625 0.46796875 0.1859375 0.27578125
6 0.89296875 0.85234375 0.20859375 0.25078125
6 0.67890625 0.20625 0.253125 0.24765625
6 0.109375 0.25078125 0.21875 0.2421875
6 0.29140625 0.73515625 0.2390625 0.23671875
6 0.74296875 0.72421875 0.253125 0.24765625
6 0.315625 0.15703125 0.2859375 0.2203125
5 0.35234375 0.3234375 0.11328125 0.11015625