6 0.10703125 0.915625 0.2140625 0.16796875
6 0.14609375 0.7875 0.2640625 0.21484375
6 0.75390625 0.72734375 0.275 0.303125
6 0.8484375 0.01953125 0.2640625 0.03828125
6 0.9515625 0.8390625 0.09140625 0.30546875
6 0.05703125 0.46171875 0.1140625 0.22890625
6 0.4359375 0.9515625 0.3 0.09609375
6 0.359375 0.05390625 0.253125 0.1078125
1 0.5015625 0.5203125 0.35859375 0.396875
6 0.13203125 0.09765625 0.2640625 0.1953125
6 0.3890625 0.80546875 0.26640625 0.27265625
6 0.50390625 0.17109375 0.25859375 0.253125
6 0.86640625 0.46796875 0.25546875 0.24765625
6 0.16328125 0.71015625 0.2359375 0.23828125
6 0.80078125 0.6921875 0.23828125 0.2578125