6 0.25859375 0.12265625 0.228125 0.23984375
5 0.425 0.815625 0.1 0.1046875
6 0.0265625 0.084375 0.053125 0.16796875
6 0.953125 0.5015625 0.0890625 0.3140625
6 0.84453125 0.92265625 0.25546875 0.15390625
5 0.48359375 0.8828125 0.11640625 0.1015625
6 0.659375 0.03203125 0.303125 0.06328125
5 0.10859375 0.75234375 0.09453125 0.09921875
5 0.61953125 0.81796875 0.09453125 0.08828125
6 0.125 0.5375 0.25 0.31953125
6 0.3515625 0.94296875 0.303125 0.1140625
6 0.153125 0.153125 0.30546875 0.3
6 0.47890625 0.08984375 0.2859375 0.17890625
1 0.5 0.5234375 0.4390625 0.440625
6 0.91796875 0.1140625 0.1640625 0.228125
6 0.8140625 0.4046875 0.25546875 0.26484375
6 0.815625 0.6375 0.24140625 0.23984375
6 0.89609375 0.90078125 0.20703125 0.1984375