2 0.7125 0.35703125 0.55859375 0.56484375
6 0.95546875 0.03046875 0.0890625 0.0609375
6 0.9609375 0.92421875 0.071875 0.1515625
5 0.421875 0.22578125 0.071875 0.07734375
6 0.3640625 0.9546875 0.23359375 0.090625
1 0.4984375 0.6625 0.4140625 0.42734375
6 0.81171875 0.95 0.2203125 0.1
6 0.05859375 0.24921875 0.11640625 0.2234375
6 0.9390625 0.628125 0.11640625 0.23125
6 0.5890625 0.92421875 0.221875 0.1515625
6 0.796875 0.74765625 0.2109375 0.2234375
6 0.215625 0.15546875 0.225 0.2125
6 0.1875 0.79921875 0.21953125 0.253125
6 0.0765625 0.4875 0.153125 0.23125
6 0.68125 0.03125 0.1703125 0.0625
6 0.12265625 0.9703125 0.2078125 0.059375