6 0.975 0.93203125 0.05 0.1359375
6 0.97890625 0.696875 0.04140625 0.21484375
6 0.96796875 0.28125 0.05859375 0.209375
6 0.0359375 0.6421875 0.071875 0.27578125
6 0.2984375 0.98203125 0.21953125 0.0359375
6 0.90390625 0.01953125 0.19140625 0.03828125
6 0.42265625 0.02578125 0.2203125 0.0515625
6 0.5625 0.94609375 0.246875 0.1078125
6 0.0515625 0.3265625 0.103125 0.23984375
6 0.49140625 0.8953125 0.25 0.209375
6 0.084375 0.94765625 0.16875 0.1046875
1 0.59140625 0.50859375 0.471875 0.4765625
6 0.14609375 0.05546875 0.20859375 0.11015625
6 0.871875 0.14296875 0.221875 0.20390625
6 0.678125 0.79453125 0.2 0.17890625
6 0.82421875 0.9078125 0.2609375 0.16796875
6 0.33046875 0.29609375 0.19453125 0.1953125
6 0.35703125 0.734375 0.23046875 0.20078125
6 0.23203125 0.45859375 0.225 0.1953125
6 0.1875 0.6609375 0.225 0.209375
6 0.56953125 0.11171875 0.221875 0.21796875
6 0.91640625 0.45859375 0.1609375 0.18984375
6 0.871875 0.65390625 0.18359375 0.2234375