6 0.253125 0.009375 0.253125 0.01875
1 0.49609375 0.503125 0.44140625 0.43828125
6 0.0515625 0.684375 0.103125 0.22890625
6 0.05390625 0.4609375 0.1078125 0.271875
6 0.47265625 0.95546875 0.2359375 0.0890625
6 0.48359375 0.04296875 0.2390625 0.08515625
6 0.071875 0.10859375 0.14375 0.2171875
6 0.91953125 0.70625 0.1609375 0.2671875
6 0.29296875 0.87890625 0.19140625 0.2421875
6 0.696875 0.0671875 0.228125 0.134375
6 0.1390625 0.80546875 0.221875 0.2671875
6 0.871875 0.49453125 0.24453125 0.2453125
6 0.68203125 0.90625 0.246875 0.1875
6 0.478125 0.8140625 0.24453125 0.21796875
6 0.74609375 0.28515625 0.2640625 0.23984375
6 0.7234375 0.70546875 0.25859375 0.23125
6 0.265625 0.2796875 0.246875 0.22890625