6 0.33046875 0.0109375 0.1890625 0.021875
6 0.9859375 0.209375 0.028125 0.20390625
6 0.975 0.57578125 0.05 0.2203125
6 0.221875 0.33046875 0.2 0.209375
6 0.253125 0.26328125 0.221875 0.2125
6 0.98046875 0.78671875 0.0390625 0.20078125
6 0.4125 0.8265625 0.246875 0.2203125
6 0.6625 0.7328125 0.203125 0.20390625
6 0.028125 0.4328125 0.05546875 0.22578125
1 0.5015625 0.5 0.503125 0.51484375
6 0.69609375 0.02578125 0.2328125 0.0515625
6 0.0375 0.71640625 0.075 0.23671875
6 0.759375 0.1640625 0.23046875 0.2234375
6 0.1 0.03046875 0.18359375 0.0609375
5 0.459375 0.22734375 0.08046875 0.07421875
6 0.58359375 0.95546875 0.2359375 0.0890625
6 0.909375 0.071875 0.175 0.14296875
6 0.634375 0.20078125 0.225 0.22578125
6 0.30546875 0.8625 0.25 0.2203125
6 0.79140625 0.38671875 0.23359375 0.23984375
6 0.38828125 0.09609375 0.1953125 0.1921875
6 0.090625 0.91171875 0.18046875 0.1765625
6 0.06953125 0.2078125 0.1390625 0.22890625
6 0.8625 0.628125 0.23046875 0.21484375
6 0.15859375 0.56328125 0.26640625 0.2453125
6 0.7125 0.82109375 0.20859375 0.19921875