6 0.625 0.91328125 0.26640625 0.1734375
6 0.07109375 0.13359375 0.14140625 0.25078125
5 0.75546875 0.9890625 0.128125 0.021875
5 0.459375 0.1828125 0.0640625 0.07421875
5 0.49609375 0.02578125 0.0859375 0.0515625
1 0.50390625 0.5015625 0.40859375 0.440625
6 0.34296875 0.0609375 0.203125 0.12109375
6 0.8265625 0.64453125 0.253125 0.22578125
6 0.325 0.2328125 0.221875 0.20625
6 0.1109375 0.75859375 0.221875 0.25078125
6 0.18046875 0.3828125 0.2890625 0.2203125
6 0.590625 0.79765625 0.2359375 0.20078125
6 0.85703125 0.88046875 0.246875 0.22890625
6 0.28359375 0.86796875 0.228125 0.21484375