6 0.953125 0.96640625 0.090625 0.0671875
6 0.096875 0.046875 0.19375 0.09375
6 0.784375 0.8625 0.23046875 0.2421875
6 0.94453125 0.43515625 0.1109375 0.26484375
6 0.04453125 0.64453125 0.0890625 0.2703125
6 0.1140625 0.9609375 0.228125 0.078125
1 0.50703125 0.50390625 0.4640625 0.4625
6 0.65703125 0.0453125 0.24140625 0.090625
6 0.18359375 0.08671875 0.221875 0.1734375
6 0.88046875 0.88046875 0.23359375 0.22890625
6 0.43359375 0.05625 0.2296875 0.1125
6 0.8125 0.35703125 0.196875 0.2453125
6 0.36640625 0.859375 0.24453125 0.253125
6 0.82109375 0.58125 0.2359375 0.23671875
6 0.553125 0.17890625 0.278125 0.23671875
6 0.2 0.625 0.24453125 0.253125
6 0.10390625 0.41328125 0.2078125 0.2421875