6 0.56796875 0.20625 0.246875 0.20390625
6 0.9828125 0.33125 0.034375 0.2125
6 0.69609375 0.0125 0.33046875 0.025
0 0.04453125 0.80703125 0.0890625 0.38046875
6 0.95390625 0.06328125 0.0859375 0.1265625
6 0.80703125 0.9421875 0.24140625 0.11015625
6 0.1546875 0.92109375 0.278125 0.1578125
1 0.503125 0.50390625 0.4390625 0.43515625
5 0.53046875 0.08125 0.1109375 0.11875
6 0.58203125 0.94921875 0.246875 0.1015625
6 0.94296875 0.6171875 0.10859375 0.24765625
6 0.659375 0.21640625 0.21953125 0.21796875
6 0.38203125 0.8609375 0.24140625 0.22890625
6 0.190625 0.20625 0.2140625 0.20390625
6 0.1625 0.66640625 0.246875 0.26484375
6 0.79140625 0.11875 0.278125 0.2203125
6 0.6109375 0.79375 0.271875 0.24765625
6 0.81953125 0.521875 0.2390625 0.2453125
6 0.3546875 0.7890625 0.2546875 0.2203125
6 0.79453125 0.89375 0.22109375 0.184375