6 0.121875 0.396875 0.23359375 0.1875
6 0.303125 0.89375 0.23359375 0.2125
6 0.01953125 0.034375 0.0390625 0.06875
6 0.0234375 0.27578125 0.046875 0.1875
6 0.98046875 0.70390625 0.0390625 0.18984375
6 0.06796875 0.94765625 0.1359375 0.1046875
6 0.13203125 0.55625 0.25859375 0.209375
6 0.2890625 0.6828125 0.24453125 0.24765625
6 0.80859375 0.42578125 0.21640625 0.184375
5 0.95546875 0.584375 0.078125 0.071875
6 0.40078125 0.04921875 0.2296875 0.0984375
6 0.2390625 0.9546875 0.21640625 0.090625
6 0.64140625 0.22890625 0.2390625 0.22578125
6 0.709375 0.05390625 0.2359375 0.1078125
5 0.971875 0.83203125 0.05546875 0.071875
6 0.46640625 0.93125 0.23359375 0.1375
6 0.8125 0.78125 0.2140625 0.25625
6 0.90625 0.9375 0.18125 0.125
6 0.10390625 0.13671875 0.2078125 0.2359375
6 0.86796875 0.2125 0.21953125 0.2203125
1 0.50546875 0.5203125 0.421875 0.4515625
6 0.82109375 0.5328125 0.2140625 0.20625
6 0.63046875 0.90078125 0.2109375 0.1984375
6 0.1 0.7125 0.2 0.22890625
6 0.38671875 0.21953125 0.27421875 0.2328125
6 0.29140625 0.26953125 0.184375 0.284375