6 0.040625 0.75078125 0.08046875 0.28359375
6 0.0390625 0.0578125 0.078125 0.115625
6 0.02109375 0.2546875 0.04140625 0.21796875
6 0.92734375 0.66171875 0.1453125 0.2609375
6 0.94140625 0.09765625 0.11640625 0.1953125
6 0.4265625 0.0125 0.2640625 0.025
6 0.86796875 0.3265625 0.253125 0.23984375
6 0.58359375 0.984375 0.2421875 0.03125
6 0.0984375 0.90234375 0.196875 0.1953125
6 0.3765625 0.9515625 0.25859375 0.09609375
1 0.5 0.496875 0.5390625 0.51484375
6 0.8375 0.49453125 0.225 0.2453125
6 0.75859375 0.04921875 0.2796875 0.0984375
6 0.440625 0.82109375 0.25859375 0.23671875
6 0.28671875 0.1140625 0.2359375 0.228125
6 0.86796875 0.9390625 0.2640625 0.12109375
6 0.9203125 0.79765625 0.159375 0.2453125
6 0.746875 0.6984375 0.25 0.2125
6 0.675 0.86640625 0.25546875 0.25625
6 0.84296875 0.1890625 0.28046875 0.2453125
6 0.2140625 0.32265625 0.2390625 0.23125
6 0.30546875 0.71796875 0.278125 0.25078125
6 0.13203125 0.56640625 0.2640625 0.278125
6 0.128125 0.1140625 0.253125 0.228125