6 0.3125 0.04140625 0.196875 0.0828125
6 0.98984375 0.1 0.0203125 0.190625
5 0.06640625 0.78203125 0.128125 0.22578125
5 0.68046875 0.7546875 0.071875 0.06640625
6 0.53359375 0.0328125 0.2421875 0.065625
6 0.11640625 0.025 0.221875 0.04921875
6 0.10859375 0.95546875 0.2109375 0.0890625
6 0.4 0.04296875 0.21640625 0.08515625
5 0.196875 0.1640625 0.0609375 0.06328125
5 0.096875 0.81796875 0.071875 0.071875
6 0.90625 0.9734375 0.18125 0.053125
6 0.04296875 0.20625 0.0859375 0.209375
1 0.4984375 0.50546875 0.396875 0.415625
6 0.06640625 0.77578125 0.1328125 0.2578125
6 0.75546875 0.915625 0.20546875 0.16796875
6 0.33984375 0.9375 0.2640625 0.125
6 0.87890625 0.45703125 0.225 0.19296875
6 0.2265625 0.72421875 0.203125 0.20390625
6 0.928125 0.76875 0.1390625 0.23671875
6 0.7375 0.7109375 0.225 0.23671875
6 0.828125 0.0921875 0.25 0.184375
6 0.075 0.521875 0.15 0.20625
6 0.63203125 0.21328125 0.20859375 0.18984375
6 0.434375 0.79609375 0.253125 0.21484375
6 0.3609375 0.2109375 0.24453125 0.21796875
6 0.20859375 0.66015625 0.2109375 0.2125
6 0.8796875 0.3953125 0.19453125 0.20546875
6 0.690625 0.9140625 0.23125 0.171875
6 0.6203125 0.92265625 0.228125 0.1546875
6 0.365625 0.9609375 0.20546875 0.078125