6 0.95 0.49609375 0.09453125 0.23125
6 0.05 0.93515625 0.1 0.1296875
6 0.103125 0.04140625 0.20546875 0.0828125
6 0.65703125 0.16015625 0.303125 0.29765625
6 0.14453125 0.50859375 0.278125 0.26171875
6 0.9359375 0.16796875 0.128125 0.2703125
1 0.4984375 0.50703125 0.4140625 0.40234375
6 0.2609375 0.09765625 0.25546875 0.1953125
6 0.90234375 0.903125 0.1890625 0.19375
6 0.1234375 0.25625 0.24140625 0.2421875
6 0.20390625 0.928125 0.24140625 0.14296875
6 0.7359375 0.80703125 0.24453125 0.24765625
6 0.4140625 0.128125 0.26640625 0.25625
6 0.259375 0.746875 0.2859375 0.25859375
6 0.80703125 0.57578125 0.253125 0.24765625