5 0.9609375 0.26484375 0.06640625 0.071875
6 0.9640625 0.64453125 0.06640625 0.2421875
6 0.90390625 0.971875 0.1859375 0.05625
1 0.496875 0.49609375 0.45 0.45703125
6 0.7984375 0.8484375 0.225 0.23125
6 0.0625 0.47109375 0.125 0.2203125
6 0.05859375 0.25234375 0.11640625 0.2125
6 0.80859375 0.59765625 0.23359375 0.23671875
6 0.39296875 0.93125 0.24140625 0.1375
6 0.40859375 0.06171875 0.2390625 0.1234375
6 0.16953125 0.103125 0.2109375 0.20078125
6 0.08203125 0.6734375 0.1640625 0.184375
6 0.5609375 0.8234375 0.25546875 0.2421875
6 0.20390625 0.51796875 0.19140625 0.253125
6 0.7390625 0.3125 0.20546875 0.20625
6 0.31640625 0.23984375 0.29453125 0.21484375
6 0.2859375 0.76171875 0.25 0.234375