6 0.615625 0.2203125 0.1640625 0.17109375
6 0.90390625 0.0578125 0.18046875 0.115625
6 0.12890625 0.20546875 0.246875 0.22890625
6 0.04453125 0.71875 0.0890625 0.2421875
6 0.59140625 0.96953125 0.25546875 0.0609375
6 0.915625 0.01484375 0.165625 0.0296875
6 0.05546875 0.9078125 0.1109375 0.184375
6 0.228125 0.0453125 0.21640625 0.090625
6 0.01796875 0.384375 0.0359375 0.20078125
6 0.975 0.63046875 0.05 0.22578125
6 0.334375 0.93828125 0.25859375 0.11875
6 0.309375 0.73125 0.26953125 0.2125
6 0.6359375 0.7875 0.228125 0.1984375
6 0.66796875 0.02890625 0.146875 0.0578125
6 0.859375 0.70234375 0.2140625 0.23125
6 0.534375 0.2125 0.275 0.16015625
6 0.18359375 0.978125 0.25 0.04375
6 0.44140625 0.078125 0.2390625 0.15625
5 0.86640625 0.48203125 0.0890625 0.07734375
5 0.26640625 0.4890625 0.08359375 0.0796875
6 0.91640625 0.31796875 0.1609375 0.1953125
6 0.8125 0.303125 0.2140625 0.22578125
1 0.53203125 0.509375 0.5140625 0.51796875
6 0.83203125 0.90078125 0.2359375 0.1984375
6 0.10859375 0.05546875 0.21640625 0.1046875
6 0.903125 0.115625 0.1890625 0.21484375
6 0.1125 0.4796875 0.21953125 0.21484375
6 0.26875 0.31953125 0.2703125 0.2328125
6 0.13671875 0.8796875 0.19296875 0.1765625
6 0.134375 0.7546875 0.1984375 0.24296875
6 0.94296875 0.4015625 0.11328125 0.21171875
6 0.965625 0.91953125 0.06796875 0.1609375
6 0.6125 0.9328125 0.221875 0.134375
6 0.45625 0.81875 0.17578125 0.18046875
6 0.39609375 0.9265625 0.1984375 0.146875
5 0.740625 0.684375 0.071875 0.06875
5 0.65390625 0.78359375 0.0859375 0.08359375