5 0.771875 0.0453125 0.03359375 0.0359375
6 0.721875 0.0109375 0.20546875 0.021875
6 0.9078125 0.9734375 0.178125 0.053125
6 0.65625 0.97890625 0.21875 0.0421875
6 0.896875 0.021875 0.20546875 0.04375
6 0.396875 0.96953125 0.26640625 0.0609375
6 0.953125 0.63515625 0.0890625 0.234375
6 0.50703125 0.04921875 0.1859375 0.0984375
1 0.5265625 0.5109375 0.4640625 0.49296875
6 0.1140625 0.0671875 0.228125 0.134375
6 0.38359375 0.23984375 0.2390625 0.165625
6 0.3171875 0.0796875 0.196875 0.159375
6 0.378125 0.828125 0.21640625 0.20625
6 0.81640625 0.6765625 0.2109375 0.2453125
6 0.921875 0.3625 0.15546875 0.234375
6 0.1984375 0.7296875 0.225 0.209375
6 0.89140625 0.15546875 0.2109375 0.20625
6 0.0984375 0.26328125 0.196875 0.21796875
6 0.60859375 0.8140625 0.24453125 0.1953125