6 0.9765625 0.4859375 0.046875 0.22890625
6 0.98046875 0.26484375 0.0390625 0.19296875
6 0.04140625 0.45234375 0.0828125 0.2609375
6 0.0375 0.92109375 0.075 0.1578125
6 0.19609375 0.5796875 0.23046875 0.234375
5 0.71953125 0.56484375 0.071875 0.06640625
6 0.503125 0.9515625 0.25 0.09609375
1 0.50859375 0.50390625 0.48359375 0.5125
6 0.1140625 0.6375 0.221875 0.21796875
6 0.40859375 0.0359375 0.2109375 0.071875
6 0.096875 0.8546875 0.19375 0.228125
6 0.20703125 0.209375 0.2359375 0.209375
6 0.70078125 0.06171875 0.2296875 0.1234375
6 0.9171875 0.89765625 0.159375 0.2046875
6 0.73125 0.890625 0.23125 0.21875
6 0.1375 0.31796875 0.253125 0.23984375
6 0.5125 0.1765625 0.2140625 0.20390625
6 0.88203125 0.66953125 0.23046875 0.24765625
6 0.5359375 0.8109375 0.25 0.20625