6 0.4671875 0.01484375 0.246875 0.0296875
4 0.19609375 0.3265625 0.39140625 0.41015625
6 0.8953125 0.971875 0.203125 0.05625
5 0.84140625 0.9078125 0.0890625 0.0796875
6 0.69609375 0.84453125 0.20859375 0.27265625
6 0.13515625 0.07265625 0.2671875 0.1453125
6 0.903125 0.071875 0.1890625 0.14296875
1 0.47890625 0.55234375 0.4359375 0.44921875
6 0.6890625 0.08125 0.2390625 0.1625
6 0.515625 0.8703125 0.24140625 0.22578125
6 0.4765625 0.14453125 0.225 0.234375
6 0.09140625 0.82109375 0.1828125 0.2703125
6 0.89140625 0.765625 0.2109375 0.253125
6 0.85390625 0.22890625 0.225 0.20390625
6 0.28203125 0.84453125 0.246875 0.28359375
6 0.78203125 0.46015625 0.23046875 0.24765625
6 0.6515625 0.26328125 0.21953125 0.2234375
5 0.24921875 0.5328125 0.0640625 0.06875