6 0.25390625 0.875 0.203125 0.23984375
6 0.284375 0.03046875 0.3359375 0.0609375
6 0.05 0.371875 0.1 0.3359375
6 0.21640625 0.01953125 0.25546875 0.03828125
6 0.59453125 0.03984375 0.221875 0.0796875
6 0.825 0.025 0.25546875 0.04921875
6 0.6375 0.9640625 0.225 0.071875
6 0.084375 0.665625 0.16875 0.278125
6 0.384375 0.12265625 0.253125 0.2125
6 0.93046875 0.09609375 0.1390625 0.1921875
6 0.66796875 0.27578125 0.253125 0.22578125
1 0.49296875 0.51953125 0.41953125 0.42734375
6 0.91953125 0.77421875 0.15546875 0.21484375
6 0.44296875 0.91875 0.225 0.1625
6 0.15859375 0.8609375 0.25546875 0.2125
6 0.78203125 0.884375 0.253125 0.23125
6 0.89609375 0.5703125 0.203125 0.23671875
6 0.134375 0.13203125 0.2640625 0.22578125
6 0.76796875 0.43671875 0.18828125 0.23671875
6 0.51796875 0.1234375 0.24765625 0.20625