6 0.9484375 0.62109375 0.096875 0.25625
6 0.96796875 0.034375 0.0640625 0.06875
6 0.44609375 0.07578125 0.29140625 0.1515625
1 0.5015625 0.50390625 0.403125 0.41328125
6 0.053125 0.35234375 0.10546875 0.25859375
6 0.07109375 0.96015625 0.14140625 0.0796875
5 0.27109375 0.5953125 0.09140625 0.0828125
6 0.0625 0.1140625 0.125 0.228125
6 0.75859375 0.640625 0.271875 0.30546875
6 0.125 0.521875 0.25 0.25625
6 0.87890625 0.38828125 0.2359375 0.24765625
6 0.88203125 0.86328125 0.23046875 0.25625
6 0.2234375 0.2890625 0.25859375 0.22578125
6 0.3890625 0.1109375 0.2703125 0.21171875