6 0.9875 0.078125 0.025 0.1515625
6 0.97734375 0.83203125 0.0453125 0.2203125
6 0.03046875 0.56171875 0.0609375 0.24765625
6 0.66796875 0.74765625 0.25859375 0.21796875
6 0.9484375 0.38046875 0.096875 0.2203125
6 0.16953125 0.73984375 0.23359375 0.21796875
6 0.19453125 0.60625 0.221875 0.21484375
6 0.16015625 0.97890625 0.2390625 0.0421875
6 0.75390625 0.66796875 0.196875 0.21796875
5 0.7890625 0.50546875 0.10546875 0.1015625
1 0.5015625 0.49609375 0.41953125 0.440625
6 0.1015625 0.846875 0.203125 0.2234375
6 0.91796875 0.5953125 0.1640625 0.2421875
6 0.7984375 0.90625 0.25859375 0.1875
6 0.3234375 0.12421875 0.25859375 0.23671875
6 0.096875 0.13671875 0.19375 0.2453125
6 0.39140625 0.77109375 0.2390625 0.22578125
6 0.609375 0.18984375 0.21953125 0.20390625
6 0.7984375 0.325 0.253125 0.23125
6 0.15703125 0.36953125 0.25859375 0.2421875
6 0.82109375 0.103125 0.2640625 0.20625