6 0.0890625 0.503125 0.171875 0.20625
6 0.0359375 0.709375 0.071875 0.278125
6 0.0265625 0.26484375 0.053125 0.22578125
6 0.9109375 0.98046875 0.178125 0.03828125
6 0.871875 0.4984375 0.2109375 0.2421875
6 0.30625 0.971875 0.23125 0.05625
6 0.57109375 0.034375 0.2859375 0.06875
5 0.03046875 0.05546875 0.0609375 0.06640625
5 0.25390625 0.1953125 0.096875 0.09375
6 0.84609375 0.07578125 0.2859375 0.1515625
1 0.50703125 0.5234375 0.46953125 0.5015625
6 0.134375 0.27578125 0.203125 0.23125
6 0.621875 0.84609375 0.2609375 0.22578125
6 0.6515625 0.12109375 0.21953125 0.23671875
6 0.3015625 0.79375 0.246875 0.21484375
6 0.4390625 0.13671875 0.2609375 0.23984375
6 0.1265625 0.89921875 0.253125 0.20078125
6 0.93515625 0.34609375 0.1296875 0.2640625
6 0.88515625 0.77421875 0.2296875 0.221875
6 0.7484375 0.8890625 0.2046875 0.22109375
6 0.5015625 0.90625 0.26796875 0.1875
6 0.20546875 0.5 0.203125 0.26953125
6 0.93203125 0.7296875 0.1359375 0.228125