6 0.81640625 0.27265625 0.3390625 0.33046875
6 0.18046875 0.0484375 0.228125 0.09609375
6 0.8625 0.175 0.225 0.2234375
6 0.7765625 0.1953125 0.225 0.209375
5 0.365625 0.8859375 0.0640625 0.0578125
1 0.50390625 0.496875 0.4140625 0.4046875
6 0.12109375 0.090625 0.2390625 0.18125
6 0.325 0.73515625 0.2609375 0.27578125
6 0.721875 0.684375 0.2 0.18984375
6 0.16171875 0.903125 0.2796875 0.19375
6 0.17109375 0.40390625 0.24140625 0.22890625
6 0.896875 0.48203125 0.20546875 0.2921875
6 0.41953125 0.09375 0.2609375 0.1875
6 0.90703125 0.8953125 0.18046875 0.209375
6 0.53046875 0.86640625 0.2109375 0.20625