6 0.48203125 0.9890625 0.25859375 0.021875
6 0.95546875 0.39375 0.0890625 0.2703125
5 0.95390625 0.8125 0.0859375 0.09921875
6 0.765625 0.1484375 0.225 0.23671875
1 0.50703125 0.50703125 0.55859375 0.534375
6 0.69296875 0.0484375 0.25859375 0.09609375
6 0.15 0.96015625 0.228125 0.0796875
6 0.06640625 0.16796875 0.1328125 0.2421875
6 0.4453125 0.0671875 0.240625 0.134375
6 0.55546875 0.90234375 0.23359375 0.1953125
6 0.7375 0.71484375 0.275 0.23984375
6 0.91796875 0.128125 0.15859375 0.25625
6 0.071875 0.61484375 0.14375 0.2234375
6 0.8296875 0.8796875 0.24375 0.240625
6 0.10546875 0.38984375 0.2109375 0.21796875
6 0.27890625 0.16640625 0.25859375 0.27265625
6 0.28359375 0.80703125 0.2609375 0.23671875
6 0.81796875 0.36640625 0.21953125 0.2203125
6 0.203125 0.46015625 0.2046875 0.24921875