6 0.0359375 0.92265625 0.071875 0.15390625
6 0.971875 0.51640625 0.05546875 0.25078125
6 0.9234375 0.1265625 0.146875 0.253125
6 0.040625 0.5 0.08046875 0.2671875
6 0.0390625 0.04140625 0.078125 0.0828125
6 0.0515625 0.74921875 0.103125 0.24765625
6 0.678125 0.8015625 0.228125 0.19296875
6 0.33515625 0.03828125 0.2328125 0.0765625
6 0.79453125 0.0375 0.228125 0.07421875
6 0.67890625 0.23828125 0.2640625 0.20625
6 0.85859375 0.978125 0.221875 0.04375
6 0.2109375 0.684375 0.21640625 0.234375
1 0.50390625 0.503125 0.403125 0.49296875
6 0.30859375 0.70625 0.221875 0.20625
6 0.33046875 0.08984375 0.2390625 0.1734375
6 0.671875 0.9046875 0.23359375 0.18984375
6 0.18046875 0.4671875 0.23359375 0.22890625
6 0.8125 0.61953125 0.203125 0.209375
6 0.9125 0.2234375 0.17421875 0.21640625
6 0.6921875 0.15234375 0.23984375 0.246875