6 0.0109375 0.49453125 0.021875 0.21796875
6 0.215625 0.86328125 0.225 0.20625
6 0.271875 0.93671875 0.2890625 0.1265625
6 0.04609375 0.1296875 0.09140625 0.25859375
6 0.88203125 0.978125 0.16953125 0.04375
6 0.228125 0.61328125 0.2 0.33359375
6 0.959375 0.91953125 0.075 0.1609375
6 0.90546875 0.625 0.18359375 0.23671875
6 0.4234375 0.03984375 0.225 0.0796875
6 0.7609375 0.06875 0.228125 0.1375
1 0.50546875 0.55625 0.421875 0.4296875
6 0.134375 0.2109375 0.2140625 0.1734375
6 0.09453125 0.3625 0.1890625 0.23984375
6 0.5765625 0.1421875 0.246875 0.234375
6 0.56953125 0.8515625 0.24453125 0.2203125
6 0.35546875 0.17890625 0.25 0.22578125
6 0.80390625 0.3703125 0.2140625 0.20625
6 0.9203125 0.171875 0.159375 0.2328125