6 0.9578125 0.93203125 0.078125 0.1359375
6 0.03203125 0.88984375 0.0640625 0.21484375
6 0.9875 0.66953125 0.025 0.253125
6 0.0265625 0.440625 0.053125 0.22578125
1 0.5015625 0.496875 0.4640625 0.465625
6 0.1890625 0.04296875 0.2390625 0.08515625
6 0.9390625 0.103125 0.11640625 0.20625
6 0.9375 0.315625 0.11953125 0.23984375
6 0.75859375 0.9515625 0.24453125 0.09609375
6 0.1734375 0.91171875 0.2140625 0.1765625
6 0.12109375 0.3015625 0.2359375 0.22890625
6 0.33359375 0.78359375 0.221875 0.2453125
6 0.7015625 0.08125 0.25859375 0.1625
6 0.278125 0.16796875 0.2109375 0.21484375
6 0.78046875 0.28125 0.221875 0.23671875
6 0.66953125 0.78125 0.25546875 0.234375
6 0.86953125 0.61171875 0.23359375 0.2203125