6 0.9765625 0.87578125 0.046875 0.2203125
6 0.96640625 0.62421875 0.06640625 0.20625
5 0.0515625 0.375 0.096875 0.0828125
5 0.2484375 0.26171875 0.13046875 0.115625
6 0.45 0.03046875 0.228125 0.0609375
5 0.2125 0.36953125 0.096875 0.08828125
6 0.05703125 0.546875 0.1140625 0.2671875
1 0.5015625 0.5125 0.396875 0.40234375
6 0.559375 0.953125 0.2359375 0.09375
6 0.10390625 0.03984375 0.2078125 0.0796875
6 0.30390625 0.91015625 0.275 0.17890625
6 0.2640625 0.68984375 0.278125 0.25625
6 0.809375 0.928125 0.21953125 0.14296875
6 0.771875 0.7296875 0.221875 0.23125
6 0.89140625 0.2796875 0.2109375 0.25078125
6 0.859375 0.50546875 0.2359375 0.22890625