6 0.984375 0.23984375 0.03046875 0.22578125
6 0.48125 0.0328125 0.253125 0.065625
6 0.028125 0.4046875 0.05546875 0.23125
6 0.640625 0.97890625 0.24375 0.0421875
1 0.4984375 0.50703125 0.475 0.4796875
6 0.959375 0.628125 0.075 0.24765625
6 0.60703125 0.0953125 0.2640625 0.18984375
6 0.93203125 0.92265625 0.1359375 0.15390625
6 0.85546875 0.74765625 0.221875 0.2125
6 0.059375 0.8953125 0.11875 0.209375
6 0.24140625 0.07734375 0.19453125 0.15390625
6 0.08203125 0.15 0.1640625 0.2671875
6 0.440625 0.90234375 0.23046875 0.1953125
6 0.8484375 0.17734375 0.246875 0.23984375
6 0.40390625 0.17890625 0.2359375 0.22578125
6 0.83359375 0.521875 0.221875 0.22890625
6 0.64140625 0.80703125 0.228125 0.23671875
6 0.246875 0.8109375 0.271875 0.2671875
6 0.1125 0.61171875 0.225 0.23125