6 0.86953125 0.03203125 0.24453125 0.06328125
6 0.94140625 0.9171875 0.11640625 0.165625
6 0.0609375 0.940625 0.121875 0.11875
6 0.04296875 0.559375 0.0859375 0.2203125
6 0.934375 0.8375 0.125 0.23671875
6 0.034375 0.11015625 0.06875 0.2203125
6 0.90390625 0.41171875 0.1859375 0.23984375
6 0.9234375 0.5328125 0.153125 0.234375
6 0.18984375 0.05625 0.2640625 0.1125
1 0.5 0.4671875 0.43359375 0.43828125
6 0.08359375 0.35234375 0.16640625 0.23125
6 0.1640625 0.90625 0.2609375 0.1875
6 0.39296875 0.1046875 0.246875 0.209375
6 0.44453125 0.81953125 0.228125 0.23984375
6 0.66796875 0.8734375 0.253125 0.24765625
6 0.7625 0.6140625 0.23046875 0.26484375