6 0.9828125 0.615625 0.034375 0.2125
6 0.3 0.05390625 0.221875 0.1078125
6 0.50078125 0.04375 0.1859375 0.0875
6 0.9640625 0.34296875 0.071875 0.2125
6 0.04140625 0.92421875 0.0828125 0.1515625
4 0.77734375 0.159375 0.4453125 0.31875
6 0.05390625 0.1609375 0.1078125 0.25625
6 0.74140625 0.66953125 0.2390625 0.23671875
6 0.09609375 0.45859375 0.19140625 0.234375
1 0.475 0.55234375 0.46640625 0.48203125
6 0.48359375 0.88515625 0.2203125 0.2296875
6 0.8390625 0.40078125 0.19453125 0.2234375
6 0.17109375 0.603125 0.196875 0.20390625
6 0.5140625 0.2421875 0.228125 0.1984375
6 0.8875 0.82265625 0.21953125 0.22890625
6 0.2359375 0.175 0.2390625 0.20078125
6 0.303125 0.8171875 0.23359375 0.2234375