6 0.034375 0.15625 0.06875 0.265625
6 0.0375 0.8 0.075 0.3171875
6 0.9515625 0.8796875 0.096875 0.240625
6 0.74296875 0.196875 0.225 0.2453125
6 0.3375 0.91875 0.30859375 0.1625
6 0.7484375 0.76875 0.25859375 0.22578125
6 0.70234375 0.9265625 0.2546875 0.146875
1 0.45546875 0.5234375 0.4109375 0.44609375
6 0.85703125 0.4890625 0.26953125 0.2671875
6 0.14296875 0.09375 0.2640625 0.1875
6 0.8875 0.17890625 0.21953125 0.28671875
6 0.1859375 0.753125 0.2390625 0.22890625
6 0.4328125 0.125 0.284375 0.25
6 0.1390625 0.465625 0.2609375 0.253125
6 0.25859375 0.265625 0.25 0.22890625
6 0.72421875 0.709375 0.22109375 0.221875