6 0.96796875 0.03203125 0.0640625 0.06328125
6 0.959375 0.49609375 0.075 0.23125
6 0.88203125 0.08828125 0.2140625 0.1765625
6 0.07109375 0.79609375 0.14140625 0.22578125
1 0.50703125 0.5015625 0.44140625 0.47421875
6 0.7625 0.12109375 0.21953125 0.1875
6 0.9375 0.93125 0.11953125 0.1375
6 0.1625 0.49609375 0.2140625 0.23125
6 0.0875 0.14609375 0.175 0.1984375
6 0.5265625 0.11171875 0.24140625 0.2125
6 0.278125 0.71328125 0.221875 0.21484375
6 0.79296875 0.8 0.23046875 0.20625
6 0.25546875 0.23671875 0.221875 0.23125
6 0.13828125 0.82109375 0.18046875 0.184375