6 0.75703125 0.42734375 0.19140625 0.2203125
6 0.5640625 0.103125 0.24453125 0.20625
6 0.90703125 0.44453125 0.1859375 0.27265625
6 0.19375 0.98984375 0.20625 0.0203125
6 0.38359375 0.7671875 0.25 0.20625
6 0.01953125 0.7703125 0.0390625 0.21796875
6 0.3640625 0.04921875 0.278125 0.0984375
6 0.03046875 0.5125 0.0609375 0.253125
6 0.19453125 0.54296875 0.228125 0.23671875
6 0.8078125 0.9734375 0.24375 0.053125
6 0.70390625 0.90234375 0.28046875 0.18984375
1 0.5015625 0.50859375 0.46953125 0.4984375
6 0.85390625 0.603125 0.225 0.20390625
6 0.12890625 0.24609375 0.2578125 0.2390625
6 0.06640625 0.92578125 0.1328125 0.1484375
6 0.4 0.92421875 0.2890625 0.1515625
6 0.79296875 0.071875 0.24140625 0.14296875
6 0.671875 0.2296875 0.25546875 0.21796875
6 0.8984375 0.23671875 0.196875 0.22578125
6 0.13359375 0.07734375 0.2390625 0.15390625
6 0.7265625 0.721875 0.30859375 0.22578125
6 0.153125 0.71328125 0.25 0.21484375
6 0.2125 0.88125 0.23046875 0.1875