6 0.9640625 0.93203125 0.071875 0.1359375
6 0.9734375 0.4421875 0.053125 0.21796875
1 0.5 0.4984375 0.4609375 0.490625
6 0.17109375 0.415625 0.24140625 0.24765625
6 0.20625 0.96640625 0.246875 0.0671875
6 0.44609375 0.9546875 0.25859375 0.090625
6 0.0859375 0.490625 0.171875 0.20390625
6 0.0734375 0.903125 0.146875 0.19375
6 0.6609375 0.76171875 0.221875 0.17890625
6 0.690625 0.9140625 0.246875 0.171875
6 0.2625 0.08671875 0.29140625 0.1734375
6 0.65703125 0.1421875 0.24140625 0.25078125
6 0.11953125 0.69296875 0.2390625 0.2234375
6 0.88203125 0.165625 0.21953125 0.19296875
6 0.8859375 0.82109375 0.21640625 0.20390625
6 0.84609375 0.38046875 0.2359375 0.23125
6 0.1015625 0.2109375 0.203125 0.23984375
6 0.8484375 0.60859375 0.253125 0.2421875
6 0.3625 0.82890625 0.23046875 0.22578125