6 0.20859375 0.36953125 0.23359375 0.2203125
6 0.9390625 0.96796875 0.121875 0.06328125
6 0.76796875 0.978125 0.246875 0.04375
6 0.5875 0.9046875 0.225 0.18984375
6 0.86953125 0.125 0.25546875 0.2234375
6 0.05546875 0.24375 0.1109375 0.2453125
6 0.93984375 0.64765625 0.1203125 0.2515625
1 0.503125 0.49609375 0.44453125 0.44609375
6 0.665625 0.72421875 0.23046875 0.21484375
6 0.89453125 0.84296875 0.2 0.209375
6 0.05703125 0.88125 0.1140625 0.23671875
6 0.19140625 0.46796875 0.23359375 0.23671875
6 0.89140625 0.4046875 0.2109375 0.2203125
6 0.39609375 0.06484375 0.246875 0.1296875
6 0.1234375 0.71640625 0.20859375 0.2421875
6 0.2890625 0.69140625 0.2 0.2203125
6 0.46640625 0.8484375 0.25 0.23125
6 0.25546875 0.89375 0.221875 0.2125
6 0.7890625 0.58828125 0.23359375 0.234375
6 0.69296875 0.26171875 0.20859375 0.20390625
6 0.18359375 0.1296875 0.24453125 0.2421875
6 0.0734375 0.10234375 0.14609375 0.20390625
6 0.87265625 0.3125 0.209375 0.234375
6 0.828125 0.83203125 0.1921875 0.25703125
6 0.8859375 0.08671875 0.228125 0.1734375