6 0.96640625 0.021875 0.06640625 0.04375
6 0.2359375 0.009375 0.228125 0.01875
6 0.975 0.22890625 0.05 0.2203125
6 0.096875 0.40078125 0.19375 0.2234375
6 0.34453125 0.96796875 0.21640625 0.06328125
1 0.503125 0.496875 0.45 0.46015625
6 0.94609375 0.8109375 0.103125 0.21796875
6 0.553125 0.9265625 0.228125 0.146875
6 0.9109375 0.5953125 0.171875 0.209375
6 0.37109375 0.7796875 0.225 0.20390625
6 0.209375 0.58984375 0.196875 0.1984375
6 0.77109375 0.3171875 0.246875 0.22578125
6 0.2515625 0.27421875 0.2359375 0.2125
6 0.66640625 0.11953125 0.23359375 0.2125
6 0.9609375 0.45859375 0.078125 0.2265625