6 0.96484375 0.18828125 0.0703125 0.2609375
6 0.034375 0.6625 0.06875 0.25625
6 0.234375 0.96953125 0.25859375 0.0609375
1 0.5 0.50546875 0.4109375 0.421875
6 0.946875 0.43125 0.10546875 0.2671875
6 0.171875 0.6140625 0.178125 0.209375
6 0.07890625 0.18203125 0.1578125 0.2453125
6 0.80859375 0.440625 0.2 0.2421875
6 0.8640625 0.103125 0.2 0.20625
6 0.08203125 0.87890625 0.1640625 0.2421875
6 0.478125 0.88125 0.221875 0.23125
6 0.2515625 0.08984375 0.2359375 0.17890625
6 0.70390625 0.27109375 0.20859375 0.2125
6 0.0984375 0.42421875 0.196875 0.24765625
6 0.5109375 0.14296875 0.24453125 0.23671875
6 0.865625 0.88046875 0.25859375 0.234375
6 0.7609375 0.68203125 0.2609375 0.2453125