5 0.5875 0.66953125 0.05859375 0.0609375
6 0.021875 0.61796875 0.04375 0.2453125
6 0.95078125 0.903125 0.0921875 0.19375
6 0.6046875 0.9609375 0.24375 0.078125
6 0.07109375 0.05546875 0.14140625 0.11015625
6 0.825 0.03203125 0.2609375 0.06328125
6 0.06796875 0.9390625 0.1359375 0.12109375
5 0.30390625 0.5203125 0.09140625 0.09375
5 0.62890625 0.253125 0.08046875 0.07734375
6 0.090625 0.246875 0.18046875 0.2453125
1 0.38203125 0.82109375 0.39140625 0.3578125
6 0.81953125 0.92421875 0.24453125 0.1515625
6 0.928125 0.70234375 0.1390625 0.2421875
1 0.509375 0.49609375 0.3859375 0.440625
6 0.93359375 0.16953125 0.128125 0.2453125
6 0.915625 0.396875 0.1640625 0.22578125
6 0.81953125 0.54140625 0.25546875 0.2453125
6 0.365625 0.175 0.2359375 0.2453125
6 0.134375 0.63671875 0.225 0.24765625
6 0.78359375 0.246875 0.228125 0.23984375