6 0.9890625 0.3015625 0.021875 0.2125
6 0.0109375 0.8625 0.021875 0.20390625
6 0.98046875 0.66015625 0.0390625 0.20078125
6 0.26640625 0.9875 0.1890625 0.025
5 0.5015625 0.03828125 0.0859375 0.071875
6 0.5125 0.965625 0.246875 0.06875
6 0.27109375 0.0578125 0.225 0.115625
1 0.51953125 0.5375 0.4390625 0.4515625
6 0.07109375 0.65546875 0.14140625 0.20390625
6 0.16953125 0.84140625 0.23359375 0.234375
6 0.53359375 0.8375 0.23359375 0.19296875
6 0.74453125 0.14765625 0.221875 0.22890625
6 0.06796875 0.415625 0.1359375 0.21484375
6 0.73046875 0.903125 0.2109375 0.19375
6 0.86796875 0.3859375 0.253125 0.24765625
6 0.290625 0.303125 0.21953125 0.209375
6 0.9234375 0.1078125 0.146875 0.21484375
6 0.1015625 0.1734375 0.203125 0.21484375
6 0.19296875 0.51796875 0.2140625 0.21484375