6 0.9625 0.7453125 0.06953125 0.22890625
6 0.946875 0.92421875 0.1 0.1515625
6 0.95859375 0.07265625 0.0796875 0.1453125
6 0.6859375 0.6375 0.23359375 0.3109375
1 0.496875 0.503125 0.3609375 0.44921875
6 0.17890625 0.57421875 0.2859375 0.27265625
6 0.4890625 0.0578125 0.23359375 0.115625
6 0.35546875 0.90625 0.26640625 0.1875
6 0.09453125 0.80859375 0.1890625 0.28359375
6 0.24140625 0.34609375 0.25546875 0.234375
6 0.12890625 0.1125 0.2578125 0.225
6 0.85234375 0.1140625 0.2546875 0.228125
6 0.10703125 0.5109375 0.21328125 0.25546875