6 0.7109375 0.9890625 0.228125 0.021875
6 0.04296875 0.7703125 0.0859375 0.2671875
6 0.96953125 0.684375 0.0609375 0.2453125
6 0.325 0.01484375 0.25 0.0296875
6 0.0609375 0.2796875 0.121875 0.2453125
6 0.0765625 0.03828125 0.153125 0.0765625
1 0.5 0.49609375 0.45546875 0.47421875
6 0.93203125 0.0609375 0.1359375 0.12109375
6 0.1078125 0.95 0.215625 0.1
6 0.55546875 0.85 0.25 0.23984375
6 0.8859375 0.92109375 0.221875 0.1578125
6 0.70625 0.0671875 0.23125 0.134375
6 0.24453125 0.746875 0.228125 0.2703125
6 0.871875 0.1875 0.24453125 0.24765625
6 0.846875 0.534375 0.2609375 0.2703125
6 0.42109375 0.11875 0.2640625 0.23671875
6 0.1609375 0.375 0.25 0.23125
6 0.09609375 0.56640625 0.19140625 0.2125
6 0.45703125 0.75 0.22734375 0.18046875