6 0.021875 0.0359375 0.04375 0.071875
6 0.96796875 0.7203125 0.0640625 0.27265625
6 0.19375 0.9734375 0.221875 0.053125
6 0.9484375 0.92109375 0.103125 0.1578125
6 0.4890625 0.94921875 0.2390625 0.1015625
6 0.71640625 0.03046875 0.221875 0.0609375
6 0.22734375 0.03828125 0.2453125 0.0765625
6 0.059375 0.21015625 0.11875 0.2609375
6 0.9203125 0.05390625 0.159375 0.1078125
6 0.9375 0.4203125 0.11953125 0.23984375
1 0.50390625 0.4765625 0.396875 0.42421875
6 0.0890625 0.803125 0.178125 0.21796875
6 0.921875 0.20390625 0.15 0.21484375
6 0.50546875 0.79375 0.26640625 0.23125
6 0.809375 0.534375 0.246875 0.253125
6 0.78046875 0.8828125 0.25546875 0.234375
6 0.27890625 0.6640625 0.2640625 0.2203125
6 0.08203125 0.58828125 0.1640625 0.2453125
6 0.23046875 0.19453125 0.2609375 0.2453125
6 0.196875 0.4328125 0.2390625 0.253125
6 0.45859375 0.13515625 0.23359375 0.21484375