6 0.396875 0.0109375 0.228125 0.021875
5 0.0234375 0.525 0.046875 0.08515625
1 0.50390625 0.50390625 0.446875 0.46796875
6 0.08046875 0.92578125 0.1609375 0.1484375
6 0.234375 0.74375 0.2359375 0.209375
6 0.5984375 0.0453125 0.2140625 0.090625
6 0.90859375 0.03046875 0.178125 0.0609375
6 0.9359375 0.5234375 0.128125 0.24765625
6 0.1765625 0.07578125 0.24140625 0.1515625
6 0.15390625 0.55078125 0.246875 0.2421875
6 0.0734375 0.74375 0.146875 0.2421875
6 0.903125 0.82890625 0.1890625 0.22578125
6 0.69296875 0.18046875 0.20859375 0.22890625
6 0.809375 0.6296875 0.225 0.23984375
6 0.8859375 0.16796875 0.21640625 0.22578125
6 0.3640625 0.17109375 0.2609375 0.2703125