5 0.125 0.00859375 0.06640625 0.01640625
6 0.15859375 0.08984375 0.2109375 0.1734375
6 0.80703125 0.0109375 0.225 0.021875
6 0.590625 0.01484375 0.234375 0.0296875
6 0.86796875 0.89375 0.2140625 0.20625
6 0.1765625 0.7328125 0.25859375 0.24765625
1 0.503125 0.50703125 0.421875 0.45703125
6 0.05 0.3734375 0.1 0.234375
6 0.19609375 0.1625 0.20859375 0.21484375
6 0.91875 0.1015625 0.15625 0.203125
6 0.35 0.0921875 0.171875 0.184375
6 0.79296875 0.93359375 0.20859375 0.13203125
6 0.29140625 0.91171875 0.20546875 0.1765625
6 0.82890625 0.46171875 0.225 0.20078125
6 0.165625 0.48203125 0.203125 0.21484375