6 0.97890625 0.76015625 0.04140625 0.209375
6 0.9734375 0.55390625 0.053125 0.21484375
6 0.3375 0.78125 0.196875 0.18984375
6 0.8265625 0.98046875 0.20859375 0.03828125
6 0.3734375 0.98046875 0.203125 0.03828125
6 0.84140625 0.01953125 0.2390625 0.03828125
6 0.878125 0.6609375 0.20546875 0.21484375
6 0.590625 0.971875 0.215625 0.05625
6 0.7984375 0.6015625 0.24140625 0.2234375
6 0.05 0.48359375 0.1 0.22890625
6 0.409375 0.82890625 0.19140625 0.20390625
1 0.50546875 0.50390625 0.4390625 0.47421875
6 0.19453125 0.55078125 0.2109375 0.209375
6 0.1234375 0.928125 0.24140625 0.14296875
6 0.87890625 0.14453125 0.2359375 0.2125
6 0.18046875 0.32265625 0.23359375 0.21484375
6 0.9109375 0.4203125 0.171875 0.20078125
6 0.5859375 0.171875 0.2109375 0.234375
6 0.621875 0.77109375 0.25 0.209375
6 0.12109375 0.11328125 0.24140625 0.2203125
6 0.10859375 0.753125 0.21640625 0.234375
6 0.759375 0.31796875 0.203125 0.1953125