6 0.8234375 0.6640625 0.24140625 0.2203125
6 0.01953125 0.94765625 0.0390625 0.1046875
6 0.5171875 0.009375 0.203125 0.01875
6 0.01953125 0.55625 0.0390625 0.23671875
6 0.96796875 0.58828125 0.0640625 0.2453125
6 0.80859375 0.98046875 0.23359375 0.03828125
6 0.94296875 0.41171875 0.10859375 0.27265625
6 0.04140625 0.2015625 0.0828125 0.278125
5 0.3875 0.0234375 0.08046875 0.046875
6 0.09140625 0.0359375 0.1828125 0.071875
6 0.071875 0.4359375 0.14375 0.25625
1 0.50859375 0.49609375 0.45 0.4625
6 0.4640625 0.8 0.24453125 0.25078125
6 0.23359375 0.36484375 0.23359375 0.2453125
6 0.68046875 0.84609375 0.25546875 0.27578125
6 0.8765625 0.7703125 0.2359375 0.23984375
6 0.92890625 0.0828125 0.1359375 0.165625
6 0.60625 0.0796875 0.259375 0.159375
6 0.80703125 0.24375 0.24140625 0.27265625
6 0.159375 0.90078125 0.253125 0.1984375
6 0.240625 0.6765625 0.2640625 0.278125
6 0.2 0.12109375 0.24453125 0.2421875
6 0.4140625 0.1734375 0.24453125 0.23671875