5 0.02890625 0.58359375 0.0578125 0.1046875
6 0.975 0.30703125 0.05 0.22890625
6 0.046875 0.1015625 0.09375 0.203125
5 0.58046875 0.74375 0.05 0.0609375
6 0.30390625 0.75078125 0.2640625 0.32265625
6 0.790625 0.6296875 0.2359375 0.2453125
6 0.0390625 0.32109375 0.078125 0.22890625
1 0.49609375 0.5 0.49140625 0.49296875
6 0.47265625 0.04921875 0.2578125 0.0984375
6 0.95 0.77265625 0.1 0.23984375
6 0.15 0.584375 0.2109375 0.26484375
6 0.1421875 0.03828125 0.225 0.0765625
5 0.1265625 0.17109375 0.075 0.0828125
6 0.6890625 0.09375 0.21640625 0.1875
6 0.12109375 0.88828125 0.24140625 0.2234375
6 0.784375 0.7796875 0.225 0.23671875
6 0.49296875 0.1859375 0.23046875 0.1953125
6 0.834375 0.40625 0.24140625 0.23984375
6 0.25 0.2765625 0.228125 0.23984375
6 0.85 0.1828125 0.26640625 0.234375
6 0.5609375 0.8703125 0.26640625 0.209375