6 0.1984375 0.05234375 0.253125 0.1046875
6 0.60859375 0.96796875 0.25546875 0.06328125
5 0.65 0.74140625 0.08359375 0.07734375
6 0.603125 0.825 0.23359375 0.234375
6 0.24296875 0.93359375 0.2359375 0.13203125
6 0.06640625 0.93515625 0.1328125 0.1296875
6 0.94140625 0.265625 0.11640625 0.27265625
1 0.50390625 0.53203125 0.44140625 0.4515625
6 0.3109375 0.72421875 0.2390625 0.23125
6 0.80390625 0.0703125 0.26953125 0.140625
6 0.078125 0.2578125 0.15546875 0.278125
6 0.87265625 0.90859375 0.2359375 0.1828125
6 0.2125 0.15 0.246875 0.23984375
6 0.92109375 0.52890625 0.153125 0.253125
6 0.096875 0.68828125 0.19375 0.2640625
6 0.46953125 0.16015625 0.2109375 0.23125
6 0.4109375 0.88671875 0.23359375 0.22578125
6 0.190625 0.4671875 0.225 0.234375
6 0.7625 0.25859375 0.246875 0.23671875