6 0.9875 0.51796875 0.025 0.1984375
6 0.0359375 0.75234375 0.071875 0.22578125
6 0.74453125 0.98203125 0.24453125 0.0359375
6 0.03203125 0.3578125 0.0640625 0.2421875
6 0.921875 0.27265625 0.15546875 0.2421875
6 0.371875 0.8265625 0.20546875 0.22578125
6 0.10859375 0.084375 0.21640625 0.16796875
6 0.23984375 0.10859375 0.2359375 0.2171875
6 0.84453125 0.546875 0.25546875 0.26171875
6 0.9234375 0.9421875 0.153125 0.115625
6 0.54296875 0.93671875 0.225 0.1265625
1 0.5015625 0.51640625 0.44140625 0.44375
6 0.81796875 0.2765625 0.21953125 0.22890625
6 0.74296875 0.08984375 0.2359375 0.17890625
6 0.253125 0.83203125 0.228125 0.23671875
6 0.79609375 0.83046875 0.246875 0.234375
6 0.1109375 0.57265625 0.221875 0.25859375
6 0.2015625 0.3359375 0.246875 0.23125