2 0.03359375 0.61953125 0.06640625 0.18203125
6 0.453125 0.73828125 0.228125 0.2203125
5 0.03359375 0.61875 0.06640625 0.184375
5 0.96953125 0.7703125 0.0609375 0.1015625
6 0.01796875 0.2703125 0.0359375 0.1875
6 0.96796875 0.07578125 0.0640625 0.1515625
6 0.44296875 0.97109375 0.24140625 0.0578125
6 0.053125 0.8015625 0.10546875 0.209375
6 0.10546875 0.9140625 0.2109375 0.171875
6 0.953125 0.91328125 0.0890625 0.1734375
6 0.896875 0.50546875 0.19453125 0.21796875
6 0.57265625 0.90859375 0.1921875 0.1828125
6 0.6359375 0.0453125 0.21640625 0.090625
6 0.90390625 0.63671875 0.1859375 0.23125
6 0.81875 0.10859375 0.228125 0.2171875
6 0.94140625 0.2765625 0.1109375 0.22890625
1 0.5734375 0.525 0.4640625 0.4328125
6 0.76640625 0.92421875 0.2109375 0.1515625
6 0.2734375 0.84453125 0.225 0.26171875
6 0.21796875 0.590625 0.253125 0.2234375
6 0.440625 0.17734375 0.2359375 0.20625
6 0.10546875 0.09375 0.2109375 0.1875
6 0.340625 0.346875 0.19140625 0.19296875
6 0.128125 0.38046875 0.228125 0.22578125