6 0.98046875 0.50546875 0.0390625 0.2234375
6 0.0375 0.846875 0.075 0.2453125
6 0.959375 0.03203125 0.08046875 0.06328125
6 0.15 0.98046875 0.2609375 0.03828125
6 0.04140625 0.36953125 0.0828125 0.2671875
5 0.04140625 0.709375 0.06640625 0.06875
1 0.50703125 0.5 0.54140625 0.509375
6 0.36796875 0.9296875 0.24140625 0.140625
6 0.93359375 0.93671875 0.128125 0.1265625
6 0.09140625 0.04765625 0.1828125 0.0953125
6 0.57109375 0.059375 0.24140625 0.11875
6 0.740625 0.890625 0.25 0.21875
6 0.93203125 0.1625 0.13046875 0.23125
6 0.1609375 0.47265625 0.23359375 0.2453125
6 0.26328125 0.090625 0.2828125 0.18125
6 0.178125 0.2578125 0.2609375 0.2125
6 0.20390625 0.8140625 0.2859375 0.2453125
6 0.44609375 0.19140625 0.28046875 0.2234375
6 0.684375 0.21796875 0.225 0.19296875
6 0.87109375 0.38046875 0.24140625 0.26484375
6 0.8640625 0.6625 0.2609375 0.26171875
6 0.5125 0.89765625 0.2375 0.2046875
6 0.46875 0.8140625 0.25625 0.18515625
6 0.63671875 0.82734375 0.26796875 0.209375