6 0.9875 0.3609375 0.025 0.2921875
6 0.8984375 0.9890625 0.196875 0.021875
6 0.57890625 0.07578125 0.2359375 0.1515625
6 0.3390625 0.02578125 0.278125 0.0515625
6 0.0390625 0.90625 0.078125 0.1875
1 0.50390625 0.44609375 0.453125 0.490625
6 0.734375 0.15390625 0.225 0.26484375
6 0.48203125 0.94765625 0.253125 0.1046875
6 0.3375 0.1421875 0.2359375 0.1953125
6 0.88046875 0.303125 0.21640625 0.24765625
6 0.9109375 0.08125 0.171875 0.1625
6 0.209375 0.32890625 0.26953125 0.2453125
6 0.32890625 0.84453125 0.21953125 0.22890625
6 0.74140625 0.7765625 0.221875 0.2421875
6 0.87109375 0.53203125 0.24140625 0.21484375
6 0.253125 0.628125 0.21640625 0.209375
6 0.5109375 0.75625 0.221875 0.20625
6 0.10703125 0.12421875 0.2140625 0.2421875