6 0.015625 0.5828125 0.03046875 0.2234375
6 0.04609375 0.3515625 0.09140625 0.234375
6 0.0515625 0.95703125 0.103125 0.08515625
6 0.58828125 0.97890625 0.2171875 0.0421875
5 0.27890625 0.28671875 0.096875 0.09375
6 0.178125 0.05546875 0.228125 0.11015625
5 0.7890625 0.41875 0.1 0.08828125
6 0.72890625 0.0375 0.253125 0.07421875
1 0.49609375 0.546875 0.50859375 0.50390625
6 0.440625 0.04921875 0.24375 0.0984375
6 0.65390625 0.8484375 0.2359375 0.23125
6 0.92890625 0.38984375 0.1359375 0.2234375
6 0.93203125 0.7453125 0.13046875 0.21796875
6 0.375 0.85234375 0.228125 0.20078125
6 0.84453125 0.20390625 0.25546875 0.22578125
6 0.0984375 0.1421875 0.196875 0.22890625
6 0.85703125 0.915625 0.2359375 0.16796875
6 0.834375 0.56328125 0.2140625 0.20625
6 0.584375 0.21484375 0.21953125 0.209375
6 0.140625 0.5125 0.225 0.23125
6 0.1125 0.82265625 0.225 0.22890625