6 0.04453125 0.8375 0.0890625 0.2421875
6 0.053125 0.58984375 0.10546875 0.23125
6 0.95 0.290625 0.1 0.28359375
6 0.059375 0.3671875 0.11875 0.2625
1 0.50390625 0.503125 0.475 0.4984375
6 0.484375 0.95859375 0.2640625 0.0828125
6 0.1109375 0.9421875 0.221875 0.115625
6 0.88046875 0.07578125 0.23359375 0.1515625
6 0.71640625 0.93359375 0.228125 0.13203125
6 0.30390625 0.0796875 0.2140625 0.159375
6 0.89453125 0.5828125 0.20546875 0.25625
6 0.35546875 0.825 0.2390625 0.234375
6 0.13046875 0.184375 0.25 0.253125
6 0.190625 0.6421875 0.246875 0.23671875
6 0.6625 0.1046875 0.246875 0.209375
6 0.79140625 0.3046875 0.24453125 0.23984375
6 0.75546875 0.72578125 0.24453125 0.21796875