6 0.16953125 0.8515625 0.21640625 0.19296875
6 0.9734375 0.03046875 0.053125 0.0609375
6 0.0359375 0.83984375 0.071875 0.28125
6 0.31328125 0.0671875 0.2109375 0.134375
6 0.121875 0.95859375 0.24375 0.0828125
6 0.85859375 0.54375 0.25546875 0.25625
6 0.240625 0.61171875 0.246875 0.28125
1 0.50390625 0.5015625 0.41953125 0.43515625
6 0.85390625 0.63359375 0.24140625 0.19296875
6 0.315625 0.14609375 0.25859375 0.209375
6 0.81640625 0.046875 0.2609375 0.09375
6 0.93046875 0.32890625 0.13359375 0.25078125
6 0.93203125 0.7921875 0.1359375 0.22890625
6 0.06953125 0.59609375 0.1390625 0.25625
6 0.571875 0.0609375 0.25 0.12109375
6 0.603125 0.93125 0.26640625 0.1375
6 0.678125 0.7796875 0.24453125 0.21484375
6 0.1015625 0.15546875 0.196875 0.23984375
6 0.39609375 0.82890625 0.253125 0.22578125
6 0.7609375 0.3140625 0.26640625 0.25859375
6 0.109375 0.36484375 0.21875 0.2234375