6 0.98046875 0.1859375 0.0390625 0.2125
6 0.7015625 0.98203125 0.2140625 0.0359375
6 0.959375 0.7296875 0.075 0.2203125
6 0.0375 0.65859375 0.075 0.22578125
6 0.475 0.96796875 0.2 0.06328125
1 0.496875 0.4796875 0.45546875 0.4515625
6 0.06953125 0.12265625 0.1390625 0.23984375
6 0.9375 0.48359375 0.11953125 0.25625
6 0.06953125 0.875 0.1390625 0.23984375
6 0.44453125 0.8015625 0.21640625 0.23125
6 0.8734375 0.85703125 0.203125 0.19296875
6 0.796875 0.34609375 0.2390625 0.278125
6 0.12109375 0.39140625 0.24140625 0.22578125
6 0.253125 0.87734375 0.23359375 0.2453125
6 0.7 0.7328125 0.25 0.2421875