6 0.0109375 0.590625 0.021875 0.20625
6 0.0140625 0.21484375 0.028125 0.18203125
1 0.50546875 0.5015625 0.4390625 0.45703125
6 0.06953125 0.06484375 0.1390625 0.1296875
6 0.8109375 0.62109375 0.2609375 0.278125
6 0.234375 0.16640625 0.23046875 0.25625
6 0.92734375 0.45234375 0.1453125 0.2953125
6 0.3765625 0.21875 0.24140625 0.25078125
6 0.1125 0.915625 0.225 0.16796875
6 0.9234375 0.13671875 0.146875 0.27265625
6 0.46171875 0.91953125 0.2859375 0.1609375
6 0.3375 0.74140625 0.26953125 0.24765625
6 0.80703125 0.27578125 0.25859375 0.26484375
6 0.10703125 0.70625 0.2140625 0.27265625
6 0.753125 0.76171875 0.228125 0.2234375
6 0.60859375 0.1390625 0.24453125 0.234375