6 0.01796875 0.4546875 0.0359375 0.22578125
6 0.29296875 0.0140625 0.25859375 0.02734375
6 0.821875 0.98359375 0.23359375 0.0328125
6 0.05703125 0.034375 0.1140625 0.06875
6 0.034375 0.6765625 0.06875 0.203125
1 0.503125 0.5015625 0.4609375 0.48515625
6 0.0265625 0.884375 0.053125 0.22578125
5 0.95390625 0.61328125 0.08046875 0.0796875
5 0.3765625 0.79375 0.0859375 0.08828125
5 0.196875 0.815625 0.1 0.08828125
6 0.94140625 0.33359375 0.1109375 0.2421875
6 0.6328125 0.94296875 0.215625 0.1140625
6 0.928125 0.83984375 0.1390625 0.2421875
6 0.80546875 0.15 0.2109375 0.2125
6 0.159375 0.93359375 0.2140625 0.13203125
6 0.065625 0.18984375 0.13046875 0.24765625
6 0.8265625 0.440625 0.21953125 0.2421875
6 0.54296875 0.06640625 0.2359375 0.13203125
6 0.525 0.8390625 0.2390625 0.21796875
6 0.1390625 0.4859375 0.23359375 0.23984375
6 0.7859375 0.7109375 0.271875 0.26484375
6 0.2640625 0.13359375 0.271875 0.22890625