6 0.321875 0.19453125 0.23359375 0.20078125
6 0.8953125 0.903125 0.190625 0.19375
6 0.9828125 0.66484375 0.034375 0.2296875
6 0.546875 0.8828125 0.24453125 0.234375
5 0.221875 0.58125 0.08359375 0.0828125
6 0.25390625 0.90234375 0.20859375 0.18984375
6 0.34453125 0.04296875 0.23359375 0.08515625
1 0.496875 0.4984375 0.46640625 0.49609375
6 0.26640625 0.2703125 0.2390625 0.21484375
6 0.18046875 0.03203125 0.24453125 0.06328125
6 0.18046875 0.94453125 0.228125 0.11015625
6 0.87109375 0.56328125 0.21953125 0.2234375
6 0.93359375 0.1390625 0.128125 0.2125
6 0.7859375 0.034375 0.221875 0.06875
6 0.771875 0.665625 0.24453125 0.25625
6 0.471875 0.8390625 0.2390625 0.184375
6 0.80859375 0.890625 0.2640625 0.21875
6 0.6875 0.11015625 0.25859375 0.2203125
6 0.1234375 0.709375 0.246875 0.22890625
6 0.09140625 0.1796875 0.1828125 0.2125
6 0.078125 0.48203125 0.15546875 0.23671875
6 0.95546875 0.3859375 0.08828125 0.2765625