6 0.9 0.9890625 0.19453125 0.021875
6 0.4328125 0.971875 0.25 0.05625
1 0.503125 0.59921875 0.4609375 0.48203125
5 0.79296875 0.490625 0.11953125 0.115625
6 0.453125 0.90625 0.228125 0.1765625
1 0.1875 0.346875 0.375 0.45703125
6 0.0734375 0.93125 0.146875 0.1375
6 0.865625 0.06484375 0.24140625 0.1296875
6 0.44140625 0.2578125 0.221875 0.2671875
6 0.09296875 0.078125 0.1859375 0.15625
6 0.3109375 0.0703125 0.24453125 0.140625
6 0.24453125 0.9171875 0.228125 0.165625
6 0.875 0.23984375 0.24453125 0.23671875
6 0.8859375 0.67734375 0.221875 0.25859375
6 0.65 0.2109375 0.2390625 0.2671875
6 0.084375 0.75546875 0.16875 0.2390625