6 0.028125 0.2703125 0.05546875 0.2703125
6 0.03046875 0.8953125 0.0609375 0.209375
6 0.196875 0.05078125 0.2390625 0.1015625
6 0.03046875 0.68984375 0.0609375 0.2125
6 0.4015625 0.0203125 0.246875 0.040625
6 0.04296875 0.059375 0.0859375 0.11875
6 0.15390625 0.93125 0.19140625 0.1375
6 0.94296875 0.640625 0.10859375 0.20078125
6 0.76640625 0.8109375 0.1890625 0.2234375
6 0.21796875 0.896875 0.203125 0.20078125
6 0.95234375 0.3234375 0.0953125 0.234375
6 0.21953125 0.10078125 0.2390625 0.20078125
1 0.503125 0.496875 0.39453125 0.41015625
6 0.190625 0.571875 0.246875 0.2453125
6 0.3828125 0.9609375 0.215625 0.078125
6 0.71796875 0.8953125 0.2140625 0.20390625
6 0.9109375 0.9140625 0.171875 0.171875
6 0.5734375 0.7703125 0.196875 0.16796875
6 0.1 0.49453125 0.2 0.23984375
6 0.71875 0.0671875 0.228125 0.134375
6 0.640625 0.22578125 0.246875 0.19296875
6 0.89296875 0.13203125 0.20859375 0.21484375
6 0.80859375 0.3703125 0.221875 0.17890625
6 0.375 0.76875 0.221875 0.209375
6 0.31640625 0.27265625 0.228125 0.209375