6 0.98046875 0.0375 0.0390625 0.07421875
6 0.03359375 0.57734375 0.06640625 0.27265625
5 0.0484375 0.22421875 0.075 0.08515625
6 0.05390625 0.3390625 0.1078125 0.228125
6 0.44296875 0.96796875 0.28046875 0.06328125
1 0.50703125 0.49609375 0.446875 0.4625
6 0.06953125 0.0953125 0.1390625 0.18984375
6 0.203125 0.4890625 0.23359375 0.2453125
6 0.4625 0.859375 0.26953125 0.18203125
6 0.7765625 0.91015625 0.24140625 0.17890625
6 0.21640625 0.90078125 0.23359375 0.1984375
6 0.93359375 0.8859375 0.128125 0.2234375
6 0.859375 0.33984375 0.24140625 0.2453125
6 0.859375 0.7078125 0.246875 0.22578125
6 0.2890625 0.13203125 0.2609375 0.253125
6 0.8234375 0.11171875 0.26953125 0.2234375
5 0.1015625 0.56953125 0.08984375 0.0875