6 0.0234375 0.01796875 0.046875 0.0359375
6 0.86640625 0.0234375 0.1890625 0.046875
6 0.8125 0.9875 0.203125 0.025
6 0.5890625 0.05390625 0.2109375 0.1078125
6 0.690625 0.071875 0.20859375 0.14296875
5 0.421875 0.08125 0.10546875 0.1015625
6 0.52109375 0.94296875 0.2359375 0.1140625
1 0.5015625 0.5109375 0.503125 0.50390625
6 0.93984375 0.91953125 0.1140625 0.1609375
6 0.396875 0.20625 0.24453125 0.209375
6 0.896875 0.10078125 0.2 0.20078125
6 0.76796875 0.67109375 0.203125 0.20625
5 0.25703125 0.253125 0.075 0.071875
6 0.92890625 0.40625 0.1359375 0.2234375
6 0.9265625 0.71640625 0.14140625 0.209375
6 0.13203125 0.87578125 0.23046875 0.20390625
6 0.20546875 0.3734375 0.21640625 0.1953125
6 0.7109375 0.884375 0.2390625 0.21484375
6 0.08203125 0.51796875 0.1640625 0.2421875
6 0.396875 0.8140625 0.23359375 0.20078125
6 0.79140625 0.29375 0.228125 0.234375
6 0.2109375 0.67109375 0.21640625 0.21796875
6 0.090625 0.11328125 0.18046875 0.21484375
6 0.80078125 0.54140625 0.1578125 0.246875