6 0.90546875 0.58984375 0.18359375 0.21484375
6 0.0109375 0.721875 0.021875 0.1984375
6 0.975 0.0359375 0.05 0.071875
6 0.9765625 0.38671875 0.046875 0.20078125
6 0.04453125 0.4171875 0.0890625 0.23984375
6 0.3265625 0.87578125 0.23046875 0.21484375
6 0.484375 0.978125 0.1859375 0.04375
6 0.76953125 0.98359375 0.20546875 0.0328125
1 0.50390625 0.509375 0.54140625 0.56171875
6 0.24375 0.91953125 0.20625 0.1609375
6 0.6765625 0.9296875 0.253125 0.140625
6 0.7140625 0.08828125 0.1890625 0.1765625
6 0.09453125 0.70625 0.178125 0.18984375
6 0.86796875 0.06640625 0.2140625 0.13203125
6 0.609375 0.20078125 0.203125 0.18203125
6 0.459375 0.05390625 0.23046875 0.1078125
6 0.9140625 0.92265625 0.16640625 0.15390625
6 0.30546875 0.2296875 0.2109375 0.22890625
6 0.17109375 0.41875 0.203125 0.20390625
6 0.203125 0.084375 0.25 0.16796875
6 0.078125 0.8921875 0.15546875 0.20390625
6 0.75859375 0.78125 0.221875 0.20625
6 0.8640625 0.31796875 0.21640625 0.22890625
6 0.10859375 0.23671875 0.21640625 0.22578125
6 0.82734375 0.52421875 0.19453125 0.196875