5 0.95703125 0.50546875 0.0640625 0.06328125
6 0.98203125 0.43125 0.0359375 0.22890625
6 0.03046875 0.43359375 0.0609375 0.2234375
5 0.12890625 0.58125 0.06953125 0.06640625
6 0.8859375 0.02734375 0.228125 0.0546875
1 0.503125 0.4984375 0.4390625 0.4625
5 0.7984375 0.7296875 0.05859375 0.071875
6 0.1015625 0.9515625 0.203125 0.09609375
6 0.4140625 0.9640625 0.25 0.071875
6 0.06953125 0.77421875 0.1390625 0.27578125
6 0.940625 0.70546875 0.1140625 0.22578125
6 0.8625 0.85703125 0.24140625 0.19296875
6 0.625 0.896875 0.24453125 0.20625
6 0.278125 0.7453125 0.26640625 0.2671875
6 0.675 0.1140625 0.25 0.228125
6 0.1890625 0.41171875 0.24453125 0.26171875
6 0.8125 0.571875 0.225 0.21796875
6 0.76640625 0.32109375 0.25 0.22890625
6 0.1125 0.171875 0.225 0.25078125