6 0.3 0.9421875 0.24453125 0.115625
6 0.03046875 0.0484375 0.0609375 0.090625
6 0.36796875 0.953125 0.18046875 0.09375
6 0.096875 0.978125 0.19375 0.04375
6 0.21796875 0.03046875 0.23046875 0.0609375
6 0.5765625 0.9171875 0.28046875 0.165625
6 0.1234375 0.1609375 0.24140625 0.22890625
6 0.075 0.8390625 0.15 0.25625
6 0.45703125 0.04140625 0.2359375 0.0828125
1 0.50703125 0.5359375 0.46953125 0.4875
6 0.0609375 0.3859375 0.121875 0.209375
6 0.89296875 0.9046875 0.20859375 0.18984375
6 0.771875 0.10078125 0.23359375 0.20078125
6 0.72890625 0.78203125 0.29140625 0.2421875
6 0.91953125 0.2328125 0.15546875 0.234375
6 0.84140625 0.5609375 0.228125 0.21796875
6 0.5609375 0.1765625 0.24453125 0.2203125
6 0.2640625 0.77265625 0.2390625 0.2453125
6 0.19453125 0.4640625 0.21640625 0.23984375
6 0.7484375 0.3171875 0.23046875 0.22578125