6 0.5875 0.0109375 0.2640625 0.021875
6 0.0484375 0.42578125 0.096875 0.22890625
6 0.81640625 0.91015625 0.228125 0.17890625
6 0.95546875 0.05234375 0.08359375 0.1046875
6 0.225 0.290625 0.23359375 0.25078125
6 0.59453125 0.9640625 0.25 0.071875
1 0.50390625 0.51796875 0.4140625 0.42421875
6 0.125 0.04140625 0.25 0.0828125
6 0.06640625 0.92109375 0.1328125 0.1578125
6 0.621875 0.8171875 0.221875 0.234375
6 0.94296875 0.39375 0.10859375 0.2203125
6 0.2484375 0.92578125 0.25859375 0.1484375
6 0.878125 0.16640625 0.2390625 0.27265625
6 0.89609375 0.83203125 0.203125 0.23125
6 0.796875 0.396875 0.2109375 0.23671875
6 0.11796875 0.64296875 0.2140625 0.23984375
6 0.921875 0.603125 0.15 0.21484375
6 0.4234375 0.175 0.25859375 0.23984375
6 0.30859375 0.72578125 0.20546875 0.2234375
6 0.20546875 0.4328125 0.23359375 0.23671875
6 0.65703125 0.13046875 0.246875 0.25625
6 0.0546875 0.32890625 0.10859375 0.2265625
6 0.70546875 0.7421875 0.21328125 0.21796875