6 0.2984375 0.0609375 0.23046875 0.115625
6 0.015625 0.41875 0.03046875 0.22578125
6 0.9828125 0.89140625 0.034375 0.2140625
6 0.97734375 0.5875 0.0453125 0.271875
6 0.10859375 0.0125 0.21640625 0.025
6 0.3546875 0.97890625 0.234375 0.0421875
6 0.0375 0.11171875 0.075 0.2234375
6 0.540625 0.03046875 0.26953125 0.0609375
6 0.115625 0.96015625 0.23046875 0.0796875
5 0.434375 0.9421875 0.06953125 0.06640625
1 0.503125 0.50859375 0.4 0.42734375
6 0.3625 0.10859375 0.21953125 0.2125
6 0.071875 0.81171875 0.14375 0.2484375
6 0.15390625 0.20078125 0.25859375 0.253125
6 0.80546875 0.85546875 0.2609375 0.2453125
6 0.84609375 0.5109375 0.2640625 0.25078125
6 0.75390625 0.325 0.2359375 0.21484375
6 0.115625 0.6078125 0.23046875 0.2125
6 0.55859375 0.8171875 0.24453125 0.22890625
6 0.665625 0.1296875 0.246875 0.23125