6 0.98203125 0.07578125 0.0359375 0.1515625
6 0.475 0.02578125 0.228125 0.0515625
6 0.90546875 0.62421875 0.18359375 0.2234375
6 0.0625 0.77109375 0.125 0.209375
5 0.4109375 0.29453125 0.10546875 0.12109375
6 0.04140625 0.090625 0.0828125 0.18125
6 0.1765625 0.953125 0.2359375 0.09375
6 0.73828125 0.0796875 0.2171875 0.159375
6 0.8375 0.53203125 0.2140625 0.253125
1 0.50703125 0.58125 0.46953125 0.47421875
6 0.915625 0.91328125 0.1640625 0.1734375
6 0.7234375 0.846875 0.24140625 0.2671875
6 0.50390625 0.89375 0.2140625 0.20625
6 0.18359375 0.13359375 0.20546875 0.2234375
6 0.1765625 0.59609375 0.23046875 0.22890625
6 0.90546875 0.278125 0.18359375 0.2421875
6 0.30859375 0.81953125 0.25 0.23984375
6 0.103125 0.359375 0.20546875 0.234375
6 0.0484375 0.89296875 0.096875 0.21328125