5 0.4515625 0.25859375 0.0640625 0.0609375
6 0.975 0.81015625 0.04453125 0.20390625
6 0.953125 0.971875 0.090625 0.05625
1 0.5 0.503125 0.36640625 0.37734375
6 0.9625 0.42265625 0.075 0.35546875
6 0.34453125 0.94921875 0.2890625 0.1015625
6 0.06640625 0.09609375 0.1328125 0.1921875
6 0.44140625 0.0703125 0.3 0.140625
6 0.0703125 0.8796875 0.140625 0.240625
6 0.446875 0.79609375 0.21640625 0.209375
6 0.878125 0.13359375 0.2390625 0.2671875
6 0.87109375 0.6609375 0.24140625 0.209375
6 0.14140625 0.54375 0.21640625 0.22890625
6 0.07890625 0.3390625 0.1578125 0.20625
6 0.65390625 0.2703125 0.2359375 0.20390625
6 0.675 0.83359375 0.25 0.25078125
6 0.20546875 0.753125 0.2609375 0.23984375
6 0.26953125 0.23125 0.2390625 0.22578125
6 0.80703125 0.4640625 0.25859375 0.2125