6 0.975 0.75859375 0.05 0.14609375
6 0.025 0.3046875 0.05 0.22890625
6 0.040625 0.72578125 0.08046875 0.2125
5 0.82890625 0.40234375 0.06953125 0.071875
6 0.846875 0.01953125 0.2390625 0.03828125
6 0.4828125 0.0203125 0.25625 0.040625
6 0.80859375 0.78515625 0.25 0.21484375
1 0.50703125 0.49609375 0.49140625 0.51796875
6 0.503125 0.1515625 0.2609375 0.1984375
6 0.884375 0.890625 0.225 0.21875
6 0.25 0.93671875 0.25546875 0.1265625
6 0.93203125 0.375 0.1359375 0.23125
6 0.09453125 0.07265625 0.1890625 0.1453125
6 0.63359375 0.9171875 0.228125 0.165625
6 0.2484375 0.71796875 0.196875 0.1953125
6 0.8140625 0.57265625 0.20546875 0.209375
6 0.24609375 0.2328125 0.24140625 0.2234375
6 0.865625 0.165625 0.24140625 0.23125
6 0.090625 0.5125 0.18046875 0.23671875