6 0.984375 0.55546875 0.03046875 0.2234375
6 0.0234375 0.90078125 0.046875 0.1984375
6 0.31640625 0.9875 0.23359375 0.025
6 0.96484375 0.79296875 0.0703125 0.2484375
6 0.04609375 0.5921875 0.09140625 0.23671875
6 0.753125 0.02578125 0.246875 0.0515625
6 0.790625 0.93203125 0.24375 0.1359375
6 0.534375 0.928125 0.28046875 0.14296875
1 0.5640625 0.665625 0.41640625 0.42734375
1 0.390625 0.31953125 0.43046875 0.42421875
6 0.87890625 0.63515625 0.23046875 0.2671875
6 0.0875 0.2921875 0.175 0.25859375
6 0.31640625 0.84140625 0.221875 0.2671875
6 0.1140625 0.79453125 0.228125 0.2671875
6 0.203125 0.0796875 0.209375 0.159375
6 0.625 0.115625 0.2390625 0.22578125
6 0.1765625 0.55546875 0.225 0.23984375
6 0.74609375 0.4046875 0.2640625 0.2203125
6 0.84453125 0.21796875 0.25 0.2421875