6 0.9015625 0.32265625 0.19140625 0.39140625
6 0.06640625 0.5375 0.1328125 0.228125
6 0.671875 0.98046875 0.23359375 0.03828125
1 0.05390625 0.8328125 0.1078125 0.328125
6 0.94609375 0.86328125 0.103125 0.234375
6 0.790625 0.0375 0.26953125 0.07421875
6 0.765625 0.734375 0.29140625 0.2453125
6 0.13046875 0.0453125 0.25546875 0.090625
1 0.50703125 0.49453125 0.475 0.52578125
6 0.903125 0.67890625 0.1890625 0.18984375
6 0.74296875 0.1875 0.2640625 0.28671875
6 0.41015625 0.890625 0.2546875 0.21875
6 0.3375 0.11953125 0.3140625 0.22890625
6 0.20390625 0.625 0.246875 0.253125
6 0.0421875 0.20625 0.084375 0.19296875