6 0.0375 0.8515625 0.075 0.2421875
5 0.9828125 0.5734375 0.034375 0.096875
6 0.934375 0.0578125 0.125 0.115625
6 0.828125 0.94765625 0.178125 0.1046875
6 0.4484375 0.9546875 0.225 0.090625
6 0.09296875 0.40078125 0.1859375 0.20625
1 0.496875 0.51796875 0.44453125 0.440625
6 0.684375 0.20546875 0.2359375 0.25078125
6 0.9375 0.8734375 0.11953125 0.2421875
6 0.23203125 0.05625 0.2359375 0.1125
6 0.79296875 0.34609375 0.25859375 0.2671875
6 0.16953125 0.875 0.20546875 0.20625
6 0.459375 0.0953125 0.24140625 0.18984375
6 0.821875 0.59921875 0.25 0.234375
6 0.19296875 0.22421875 0.2140625 0.20078125
6 0.6359375 0.8046875 0.24453125 0.23671875
6 0.1140625 0.66015625 0.228125 0.26171875
6 0.3875 0.81796875 0.2640625 0.2203125