6 0.98203125 0.0578125 0.0359375 0.115625
6 0.0265625 0.07578125 0.053125 0.1515625
6 0.3640625 0.803125 0.221875 0.21796875
6 0.95703125 0.5703125 0.0859375 0.22578125
5 0.0640625 0.1296875 0.10546875 0.08828125
6 0.1109375 0.96953125 0.2109375 0.0609375
6 0.73828125 0.08515625 0.2671875 0.1703125
6 0.6265625 0.965625 0.23046875 0.06875
6 0.846875 0.04296875 0.21640625 0.08515625
1 0.50390625 0.50859375 0.45859375 0.4875
6 0.9390625 0.33984375 0.11640625 0.2453125
6 0.68359375 0.2703125 0.18359375 0.20390625
6 0.18203125 0.234375 0.2140625 0.22578125
6 0.82578125 0.90859375 0.2296875 0.1828125
6 0.36953125 0.196875 0.228125 0.2234375
6 0.065625 0.84140625 0.13046875 0.23984375
6 0.21015625 0.06171875 0.2390625 0.1234375
6 0.84609375 0.69453125 0.203125 0.2421875
6 0.5890625 0.83046875 0.2390625 0.21796875
6 0.8109375 0.4390625 0.20546875 0.234375
6 0.14140625 0.50859375 0.2109375 0.25625
6 0.24296875 0.790625 0.225 0.23125