6 0.01796875 0.80546875 0.0359375 0.20625
5 0.87109375 0.20078125 0.13046875 0.115625
1 0.50703125 0.503125 0.53046875 0.51484375
6 0.459375 0.97109375 0.20859375 0.0578125
6 0.065625 0.94609375 0.13046875 0.1078125
6 0.70859375 0.26171875 0.25546875 0.22578125
6 0.9140625 0.31015625 0.171875 0.23984375
6 0.828125 0.0796875 0.259375 0.159375
6 0.5140625 0.8 0.25546875 0.1953125
6 0.91640625 0.69453125 0.1609375 0.209375
6 0.2984375 0.88671875 0.2640625 0.2203125
6 0.59609375 0.10625 0.23046875 0.2125
6 0.89453125 0.503125 0.2 0.1734375
6 0.240625 0.675 0.2640625 0.21484375
6 0.74453125 0.71640625 0.20546875 0.24765625
6 0.15 0.4625 0.25546875 0.2203125