6 0.9390625 0.3625 0.11640625 0.22890625
2 0.4984375 0.49453125 0.346875 0.39375
6 0.609375 0.94765625 0.25859375 0.1046875
6 0.1015625 0.19453125 0.203125 0.2453125
5 0.43359375 0.734375 0.1390625 0.13515625
6 0.934375 0.60078125 0.125 0.3140625
6 0.06796875 0.38828125 0.1359375 0.22578125
6 0.0703125 0.8796875 0.140625 0.240625
6 0.45546875 0.85546875 0.26640625 0.2234375
6 0.13046875 0.5 0.25546875 0.25078125
6 0.2 0.7578125 0.24453125 0.24765625
6 0.703125 0.8828125 0.24453125 0.22890625
6 0.17890625 0.08671875 0.2859375 0.1734375
6 0.796875 0.08125 0.2390625 0.1625
6 0.271875 0.3015625 0.221875 0.2671875
6 0.6265625 0.19453125 0.253125 0.23984375
6 0.43359375 0.103125 0.25 0.20625
6 0.76953125 0.5328125 0.23359375 0.2453125