6 0.83359375 0.82109375 0.228125 0.23671875
2 0.5015625 0.52890625 0.35859375 0.34140625
5 0.534375 0.1078125 0.0640625 0.0609375
2 0.5015625 0.52734375 0.35859375 0.34453125
6 0.04140625 0.309375 0.0828125 0.240625
6 0.03046875 0.9140625 0.0609375 0.171875
6 0.0484375 0.534375 0.096875 0.22578125
6 0.7859375 0.05234375 0.278125 0.1046875
6 0.725 0.28125 0.278125 0.27578125
6 0.91171875 0.95 0.1703125 0.1
6 0.79140625 0.71796875 0.1890625 0.1953125
6 0.92890625 0.5578125 0.1359375 0.21796875
6 0.171875 0.8484375 0.24453125 0.24765625
6 0.309375 0.0828125 0.246875 0.165625
6 0.0859375 0.10078125 0.171875 0.20078125
6 0.9109375 0.16015625 0.171875 0.1984375
6 0.59609375 0.76015625 0.2359375 0.22578125
6 0.25703125 0.27578125 0.25859375 0.23671875
6 0.8671875 0.3578125 0.24375 0.25078125