6 0.00859375 0.33359375 0.01640625 0.20390625
2 0.49609375 0.503125 0.29140625 0.3
6 0.2890625 0.01484375 0.228125 0.0296875
6 0.03046875 0.896875 0.0609375 0.20078125
6 0.96484375 0.653125 0.0703125 0.25625
6 0.328125 0.74921875 0.24453125 0.1875
6 0.9484375 0.890625 0.096875 0.21875
6 0.51640625 0.975 0.228125 0.04921875
5 0.8375 0.86640625 0.096875 0.0796875
6 0.8765625 0.67734375 0.16953125 0.28671875
6 0.709375 0.0484375 0.275 0.09609375
6 0.134375 0.94609375 0.23046875 0.1078125
6 0.4734375 0.07421875 0.225 0.1484375
6 0.93046875 0.11171875 0.13359375 0.2234375
6 0.746875 0.5 0.23359375 0.20625
6 0.0859375 0.05625 0.171875 0.1125
6 0.33359375 0.334375 0.2109375 0.2125
6 0.625 0.721875 0.23359375 0.23671875
6 0.153125 0.20234375 0.21640625 0.2125
6 0.115625 0.415625 0.23046875 0.21484375