6 0.81171875 0.06875 0.175 0.1328125
6 0.053125 0.1 0.10625 0.1953125
6 0.80703125 0.01796875 0.18828125 0.03515625
6 0.22578125 0.29140625 0.24296875 0.203125
6 0.978125 0.28828125 0.04375 0.18671875
6 0.9578125 0.04453125 0.084375 0.0890625
6 0.62578125 0.1921875 0.14765625 0.125
6 0.96953125 0.60703125 0.0609375 0.2171875
6 0.06796875 0.95546875 0.1359375 0.0890625
6 0.084375 0.91328125 0.16875 0.1734375
6 0.48515625 0.25625 0.25390625 0.20859375
6 0.38515625 0.96875 0.2296875 0.0625
2 0.49296875 0.50390625 0.34140625 0.346875
6 0.6109375 0.07421875 0.240625 0.1484375
6 0.18984375 0.75859375 0.19921875 0.2171875
6 0.4015625 0.09765625 0.21328125 0.1953125
6 0.84375 0.925 0.234375 0.15
6 0.86875 0.121875 0.2296875 0.2328125
6 0.053125 0.23203125 0.10625 0.246875
6 0.6109375 0.925 0.25625 0.15
6 0.0734375 0.7375 0.146875 0.196875
6 0.2109375 0.0890625 0.215625 0.178125
6 0.2375 0.396875 0.21328125 0.21953125
6 0.078125 0.46875 0.15546875 0.2328125
6 0.3140625 0.640625 0.21328125 0.2140625
6 0.9046875 0.49453125 0.18046875 0.21953125
6 0.7796875 0.3453125 0.23203125 0.21953125
6 0.4703125 0.7765625 0.21328125 0.19765625
6 0.9125 0.8140625 0.16953125 0.23046875
6 0.6953125 0.78828125 0.24296875 0.22734375