2 0.503125 0.5 0.3609375 0.371875
6 0.621875 0.021875 0.2390625 0.04375
6 0.215625 0.87578125 0.246875 0.2421875
6 0.1265625 0.19140625 0.225 0.2234375
6 0.2734375 0.34453125 0.225 0.209375
6 0.8921875 0.903125 0.209375 0.19375
6 0.4640625 0.79453125 0.2390625 0.25625
6 0.34453125 0.13359375 0.228125 0.21796875
6 0.696875 0.77578125 0.23359375 0.2234375
6 0.8640625 0.60625 0.25 0.24765625
6 0.15390625 0.52734375 0.26953125 0.25078125
6 0.853125 0.11953125 0.25 0.22890625
6 0.665625 0.2578125 0.24140625 0.22890625