6 0.1125 0.009375 0.225 0.01875
6 0.971875 0.76015625 0.05546875 0.325
6 0.95 0.02734375 0.1 0.0546875
6 0.03046875 0.93203125 0.0609375 0.1359375
6 0.340625 0.0203125 0.221875 0.040625
2 0.4984375 0.49140625 0.325 0.3109375
6 0.0390625 0.43359375 0.078125 0.2234375
6 0.2234375 0.21640625 0.203125 0.1953125
6 0.9390625 0.95546875 0.121875 0.0890625
6 0.6625 0.92578125 0.203125 0.1484375
6 0.428125 0.93203125 0.221875 0.1359375
6 0.91953125 0.490625 0.15546875 0.21484375
6 0.82109375 0.071875 0.2140625 0.14296875
6 0.2125 0.3390625 0.225 0.209375
6 0.4484375 0.13046875 0.21953125 0.234375
6 0.85 0.85546875 0.20546875 0.23984375
6 0.503125 0.7765625 0.21640625 0.20390625
6 0.10546875 0.83359375 0.2 0.2234375
6 0.740625 0.65390625 0.2359375 0.234375
6 0.69609375 0.2203125 0.2140625 0.22578125
6 0.7640625 0.42265625 0.21640625 0.20078125
6 0.915625 0.2296875 0.1640625 0.2234375
6 0.08046875 0.63046875 0.1609375 0.2203125
6 0.3125 0.665625 0.225 0.2125