6 0.11953125 0.36796875 0.23359375 0.234375
6 0.9515625 0.6015625 0.09140625 0.25625
2 0.503125 0.50546875 0.3 0.3
2 0.5015625 0.50546875 0.303125 0.29453125
5 0.5265625 0.12421875 0.14140625 0.14296875
6 0.10546875 0.97890625 0.2109375 0.0421875
6 0.05703125 0.1390625 0.1140625 0.25625
6 0.84140625 0.91328125 0.221875 0.1734375
6 0.36640625 0.22734375 0.2390625 0.21796875
6 0.73046875 0.23515625 0.2609375 0.21796875
6 0.10546875 0.84609375 0.20546875 0.2203125
6 0.71640625 0.75234375 0.228125 0.20390625
6 0.25390625 0.5765625 0.26015625 0.26171875
6 0.8296875 0.46796875 0.23515625 0.2453125
6 0.92890625 0.10546875 0.1421875 0.2109375
6 0.9578125 0.83046875 0.084375 0.2140625