6 0.9828125 0.21015625 0.034375 0.2234375
5 0.559375 0.91015625 0.0859375 0.08515625
2 0.49609375 0.49609375 0.39140625 0.375
6 0.896875 0.9625 0.2 0.07421875
5 0.1484375 0.4671875 0.08046875 0.090625
6 0.4203125 0.95 0.26875 0.1
6 0.734375 0.05390625 0.23046875 0.1078125
6 0.06796875 0.5484375 0.1359375 0.22578125
6 0.49140625 0.1265625 0.25546875 0.253125
6 0.1375 0.9046875 0.275 0.18984375
6 0.74140625 0.88984375 0.23359375 0.2203125
6 0.8890625 0.73828125 0.21640625 0.24765625
6 0.91640625 0.4796875 0.1609375 0.2703125
6 0.440625 0.77265625 0.28046875 0.21796875
6 0.76953125 0.41015625 0.228125 0.2421875