6 0.0234375 0.41484375 0.046875 0.21796875
2 0.50546875 0.5125 0.35 0.3859375
6 0.0375 0.63359375 0.075 0.23125
5 0.66953125 0.41171875 0.1 0.1015625
6 0.65546875 0.96953125 0.19453125 0.0609375
6 0.95703125 0.76875 0.0859375 0.2203125
6 0.85546875 0.90078125 0.221875 0.1984375
6 0.14375 0.10078125 0.23046875 0.20078125
6 0.925 0.34453125 0.15 0.22578125
6 0.203125 0.7328125 0.1890625 0.18203125
6 0.128125 0.35234375 0.21640625 0.20390625
6 0.3265625 0.33046875 0.203125 0.23125
6 0.1546875 0.9140625 0.215625 0.171875
6 0.72265625 0.0671875 0.2203125 0.134375
6 0.8734375 0.58828125 0.21953125 0.20078125
6 0.2375 0.53984375 0.23046875 0.21484375
6 0.7609375 0.27421875 0.2109375 0.21796875
6 0.3875 0.87890625 0.2359375 0.23125
6 0.353125 0.10859375 0.228125 0.2171875
6 0.52109375 0.23671875 0.21953125 0.21484375
6 0.65546875 0.76484375 0.221875 0.2234375