5 0.14453125 0.01953125 0.05546875 0.03828125
6 0.9515625 0.0453125 0.09140625 0.090625
6 0.03203125 0.10859375 0.0640625 0.2171875
6 0.80390625 0.35234375 0.23046875 0.2203125
6 0.8046875 0.01484375 0.228125 0.0296875
2 0.503125 0.5 0.39453125 0.39921875
6 0.196875 0.9625 0.19453125 0.07421875
5 0.3375 0.07578125 0.075 0.0796875
6 0.88203125 0.97109375 0.23046875 0.0578125
6 0.28203125 0.0578125 0.21953125 0.115625
6 0.3890625 0.94453125 0.2109375 0.11015625
6 0.94296875 0.1953125 0.10859375 0.209375
6 0.0890625 0.9171875 0.178125 0.165625
6 0.22109375 0.20078125 0.2359375 0.21484375
6 0.59140625 0.8953125 0.25 0.209375
6 0.62109375 0.0953125 0.253125 0.18984375
6 0.89296875 0.83359375 0.20859375 0.23984375
6 0.79609375 0.21328125 0.225 0.23984375
6 0.3625 0.79609375 0.21953125 0.209375
6 0.715625 0.65390625 0.21953125 0.2234375
6 0.89453125 0.58125 0.2 0.25859375
6 0.1984375 0.67890625 0.246875 0.2125
6 0.08359375 0.53046875 0.16640625 0.22890625