6 0.090625 0.9859375 0.18046875 0.02734375
2 0.496875 0.496875 0.33359375 0.3171875
6 0.90390625 0.4515625 0.1859375 0.21484375
6 0.453125 0.1625 0.24453125 0.23671875
6 0.34609375 0.95703125 0.246875 0.08515625
6 0.90546875 0.0359375 0.1890625 0.071875
6 0.79296875 0.45625 0.20859375 0.2125
6 0.18359375 0.77421875 0.2609375 0.21484375
6 0.6953125 0.94296875 0.23125 0.1140625
6 0.22890625 0.0578125 0.225 0.115625
6 0.184375 0.8984375 0.225 0.1984375
6 0.8890625 0.9046875 0.2109375 0.18984375
6 0.07890625 0.625 0.1578125 0.209375
6 0.896875 0.2296875 0.2 0.234375
6 0.5890625 0.8046875 0.25546875 0.2203125
6 0.69609375 0.6296875 0.203125 0.18984375
6 0.3984375 0.71484375 0.20859375 0.184375
6 0.21796875 0.2875 0.253125 0.22890625
6 0.090625 0.12421875 0.18046875 0.23671875
6 0.09296875 0.421875 0.1859375 0.22578125
6 0.09921875 0.9359375 0.1984375 0.128125