6 0.9890625 0.3828125 0.021875 0.2203125
6 0.9609375 0.16015625 0.071875 0.2421875
6 0.025 0.91171875 0.05 0.1765625
6 0.246875 0.47421875 0.2390625 0.21484375
5 0.58046875 0.9875 0.09453125 0.025
6 0.3015625 0.371875 0.2140625 0.23125
2 0.4984375 0.50703125 0.31953125 0.3578125
6 0.57578125 0.04921875 0.2359375 0.0984375
6 0.121875 0.6421875 0.2390625 0.253125
6 0.93046875 0.60078125 0.1390625 0.2703125
6 0.07109375 0.0609375 0.14140625 0.12109375
6 0.36953125 0.25234375 0.2390625 0.16796875
6 0.2390625 0.0953125 0.23359375 0.18984375
6 0.82109375 0.234375 0.246875 0.2203125
6 0.284375 0.790625 0.2359375 0.26484375
6 0.8140625 0.4296875 0.24453125 0.20390625
6 0.465625 0.88671875 0.2359375 0.22578125