2 0.50390625 0.50390625 0.421875 0.44375
6 0.9453125 0.471875 0.109375 0.240625
5 0.790625 0.0953125 0.103125 0.09609375
6 0.0375 0.35234375 0.075 0.24765625
6 0.040625 0.90234375 0.08046875 0.1953125
6 0.30390625 0.07734375 0.2640625 0.15390625
6 0.05546875 0.67890625 0.1109375 0.25625
6 0.94453125 0.1484375 0.10546875 0.22578125
6 0.94609375 0.72890625 0.103125 0.234375
6 0.60703125 0.1015625 0.2359375 0.203125
6 0.65 0.8046875 0.2109375 0.253125
6 0.88203125 0.359375 0.225 0.234375
6 0.26484375 0.93203125 0.2578125 0.1359375
6 0.13203125 0.49609375 0.23046875 0.22578125
6 0.43203125 0.1953125 0.225 0.21484375
6 0.44140625 0.7890625 0.228125 0.2234375
6 0.7984375 0.71328125 0.19140625 0.2203125
6 0.2375 0.30703125 0.225 0.20625