6 0.9609375 0.734375 0.078125 0.2453125
6 0.090625 0.0140625 0.18046875 0.02734375
2 0.4984375 0.496875 0.3359375 0.38828125
5 0.79453125 0.8359375 0.078125 0.0796875
6 0.28203125 0.0359375 0.21953125 0.071875
6 0.053125 0.28359375 0.10546875 0.253125
6 0.7625 0.03828125 0.253125 0.0765625
6 0.32890625 0.95859375 0.21953125 0.0828125
6 0.05703125 0.54296875 0.1140625 0.24765625
6 0.675 0.68984375 0.19453125 0.22890625
6 0.7515625 0.28125 0.19140625 0.26484375
6 0.925 0.21796875 0.14453125 0.23671875
6 0.8765625 0.5234375 0.23046875 0.209375
6 0.22890625 0.52890625 0.23046875 0.2421875
6 0.5109375 0.87578125 0.25 0.23671875
6 0.25703125 0.78203125 0.25859375 0.23125