6 0.0359375 0.78125 0.06640625 0.20078125
2 0.5015625 0.4984375 0.325 0.31953125
6 0.628125 0.68046875 0.2109375 0.18203125
6 0.296875 0.025 0.2609375 0.04921875
6 0.3890625 0.7765625 0.228125 0.20390625
6 0.93046875 0.26875 0.1390625 0.23984375
6 0.91953125 0.12109375 0.15546875 0.209375
6 0.9375 0.92578125 0.11953125 0.1484375
6 0.25 0.59765625 0.21640625 0.209375
6 0.9390625 0.48046875 0.11640625 0.234375
6 0.38046875 0.91328125 0.2390625 0.1734375
6 0.7359375 0.08671875 0.2390625 0.1734375
6 0.778125 0.2671875 0.20546875 0.21484375
6 0.584375 0.22578125 0.2359375 0.23125