6 0.04609375 0.6765625 0.09140625 0.22890625
2 0.496875 0.51640625 0.378125 0.4546875
6 0.09609375 0.98359375 0.1859375 0.0328125
6 0.715625 0.978125 0.24140625 0.04375
6 0.9515625 0.15390625 0.09140625 0.23671875
6 0.72109375 0.34609375 0.246875 0.234375
6 0.89609375 0.7671875 0.203125 0.234375
6 0.428125 0.94921875 0.25 0.1015625
6 0.184375 0.93671875 0.24140625 0.1265625
6 0.50390625 0.1515625 0.225 0.23125
6 0.81640625 0.26875 0.23359375 0.22890625
6 0.38359375 0.8515625 0.24453125 0.22578125
6 0.14921875 0.0671875 0.2671875 0.134375
6 0.8828125 0.89765625 0.228125 0.2046875
6 0.70703125 0.084375 0.246875 0.16796875
6 0.296875 0.7296875 0.25 0.22578125
6 0.76953125 0.6046875 0.23359375 0.25078125
6 0.10703125 0.5796875 0.2140625 0.25078125
6 0.28046875 0.18203125 0.2390625 0.24765625
6 0.63203125 0.8140625 0.25859375 0.22890625
6 0.25546875 0.42421875 0.24453125 0.23125
6 0.9125 0.45078125 0.16953125 0.2234375