6 0.221875 0.43359375 0.271875 0.22890625
6 0.95546875 0.115625 0.08359375 0.23125
6 0.2640625 0.62109375 0.25546875 0.1953125
6 0.975 0.70078125 0.05 0.2234375
6 0.6859375 0.1390625 0.24453125 0.2671875
6 0.9359375 0.521875 0.128125 0.21796875
6 0.75703125 0.3859375 0.225 0.25859375
6 0.0890625 0.09921875 0.178125 0.1984375
6 0.25859375 0.05625 0.2390625 0.1125
6 0.1484375 0.78671875 0.26953125 0.1953125
6 0.678125 0.9265625 0.296875 0.146875
2 0.50390625 0.496875 0.38046875 0.371875
6 0.2484375 0.93671875 0.275 0.1265625
6 0.46640625 0.08125 0.23359375 0.1625
6 0.84609375 0.07578125 0.246875 0.1515625
6 0.06796875 0.61015625 0.1359375 0.22890625
6 0.9078125 0.92109375 0.184375 0.1578125
6 0.48046875 0.915625 0.228125 0.16796875
6 0.42109375 0.7453125 0.25859375 0.20078125
6 0.790625 0.58125 0.253125 0.27578125
6 0.2984375 0.23515625 0.26953125 0.234375
6 0.9015625 0.30859375 0.19140625 0.253125
6 0.65703125 0.78125 0.2359375 0.2234375
6 0.56640625 0.22265625 0.22890625 0.22578125
6 0.15078125 0.24609375 0.24140625 0.2765625
6 0.06015625 0.3328125 0.1203125 0.259375
6 0.08203125 0.88203125 0.1640625 0.2359375