6 0.05 0.1609375 0.1 0.25078125
6 0.38046875 0.71328125 0.24453125 0.20390625
6 0.38046875 0.175 0.24453125 0.2234375
6 0.5015625 0.09375 0.275 0.1875
2 0.5015625 0.4984375 0.346875 0.30859375
6 0.2875 0.65 0.2640625 0.2421875
6 0.0625 0.8 0.125 0.27265625
6 0.0984375 0.26328125 0.196875 0.25625
6 0.603125 0.91171875 0.25546875 0.1765625
6 0.23671875 0.9140625 0.2640625 0.171875
6 0.30546875 0.2671875 0.221875 0.2203125
6 0.90703125 0.7546875 0.18046875 0.2421875
6 0.9140625 0.09765625 0.16640625 0.1953125
6 0.10703125 0.50390625 0.2140625 0.24765625
6 0.89609375 0.41875 0.203125 0.2421875