6 0.9625 0.97890625 0.075 0.0421875
2 0.4984375 0.4984375 0.36953125 0.36328125
6 0.69609375 0.021875 0.23046875 0.04375
6 0.30703125 0.06171875 0.2359375 0.1234375
6 0.03046875 0.63359375 0.0609375 0.23125
6 0.95546875 0.53203125 0.0890625 0.23125
6 0.8765625 0.6875 0.2140625 0.2234375
6 0.78046875 0.64453125 0.228125 0.2421875
6 0.8109375 0.94765625 0.25546875 0.1046875
6 0.07109375 0.08984375 0.14140625 0.17890625
6 0.178125 0.51953125 0.26640625 0.2453125
6 0.1640625 0.25859375 0.25 0.23125
6 0.409375 0.23828125 0.25859375 0.20078125
6 0.58359375 0.76875 0.25 0.2203125
6 0.85546875 0.35390625 0.271875 0.25078125
6 0.8484375 0.11015625 0.25859375 0.2203125
6 0.1125 0.8703125 0.225 0.23125