6 0.89453125 0.0703125 0.2109375 0.140625
6 0.971875 0.08828125 0.05546875 0.1765625
6 0.9828125 0.825 0.034375 0.184375
6 0.01640625 0.5734375 0.0328125 0.2125
6 0.771875 0.06328125 0.15546875 0.1265625
2 0.50390625 0.50859375 0.33046875 0.32265625
6 0.8265625 0.2296875 0.275 0.2234375
6 0.36953125 0.07421875 0.25546875 0.1484375
6 0.87890625 0.91953125 0.2359375 0.1609375
6 0.5890625 0.08984375 0.21640625 0.17890625
6 0.64453125 0.92265625 0.25 0.15390625
6 0.11640625 0.915625 0.221875 0.16796875
6 0.12109375 0.15859375 0.24140625 0.22890625
6 0.21796875 0.34453125 0.23046875 0.22578125
6 0.89296875 0.590625 0.20859375 0.21796875
6 0.3734375 0.78515625 0.2359375 0.21484375
6 0.1984375 0.6265625 0.225 0.23984375
6 0.865625 0.36328125 0.2359375 0.22578125