6 0.9765625 0.61953125 0.046875 0.22578125
6 0.9078125 0.01640625 0.184375 0.0328125
2 0.4984375 0.4984375 0.31953125 0.29765625
6 0.46640625 0.021875 0.25 0.04375
6 0.153125 0.975 0.2109375 0.04921875
6 0.6984375 0.05078125 0.2359375 0.1015625
6 0.71953125 0.9625 0.26640625 0.07421875
6 0.87890625 0.15 0.23046875 0.23984375
6 0.503125 0.9296875 0.2109375 0.140625
6 0.26796875 0.64453125 0.20859375 0.24765625
6 0.778125 0.34453125 0.25 0.23671875
6 0.47890625 0.74765625 0.253125 0.2234375
6 0.7390625 0.57578125 0.221875 0.21484375
6 0.10546875 0.49296875 0.2109375 0.20390625
6 0.7359375 0.80859375 0.24453125 0.22890625
6 0.24609375 0.22421875 0.2640625 0.234375
6 0.0765625 0.85546875 0.153125 0.23984375