6 0.271875 0.8921875 0.29453125 0.21484375
6 0.89609375 0.70546875 0.203125 0.22578125
6 0.6265625 0.7546875 0.246875 0.19296875
6 0.75390625 0.5828125 0.16953125 0.17890625
6 0.98046875 0.91953125 0.0390625 0.1609375
6 0.91796875 0.01640625 0.1640625 0.0328125
6 0.5515625 0.9734375 0.225 0.053125
6 0.09296875 0.940625 0.1859375 0.11875
6 0.859375 0.3171875 0.24140625 0.23671875
6 0.6640625 0.9296875 0.2609375 0.140625
6 0.3765625 0.95859375 0.253125 0.0828125
2 0.4984375 0.55625 0.375 0.33046875
6 0.0875 0.14453125 0.175 0.26171875
6 0.6125 0.13515625 0.246875 0.23125
6 0.8359375 0.8125 0.25 0.19296875
6 0.89453125 0.44765625 0.20546875 0.25078125
6 0.61640625 0.28203125 0.25546875 0.23984375
6 0.21796875 0.1828125 0.21953125 0.22890625
6 0.284375 0.7125 0.24140625 0.20625