6 0.796875 0.0125 0.228125 0.025
6 0.0140625 0.765625 0.028125 0.209375
6 0.96953125 0.53828125 0.0609375 0.2234375
6 0.9625 0.29921875 0.06953125 0.22890625
6 0.025 0.06328125 0.05 0.1265625
6 0.9609375 0.09609375 0.071875 0.1921875
5 0.728125 0.6609375 0.0890625 0.08828125
6 0.14375 0.0203125 0.234375 0.040625
6 0.39609375 0.0234375 0.2640625 0.046875
6 0.9453125 0.95625 0.109375 0.084375
2 0.503125 0.5015625 0.378125 0.3359375
6 0.65 0.03984375 0.23359375 0.0796875
6 0.47421875 0.92109375 0.2546875 0.1578125
6 0.059375 0.91953125 0.11875 0.1609375
6 0.584375 0.87578125 0.24140625 0.2421875
6 0.79453125 0.9296875 0.228125 0.140625
6 0.2359375 0.93359375 0.24453125 0.13203125
6 0.084375 0.2609375 0.16875 0.246875
6 0.825 0.4890625 0.2390625 0.23984375
6 0.2734375 0.27421875 0.225 0.23984375
6 0.15703125 0.75234375 0.23046875 0.23125
6 0.82109375 0.2546875 0.21953125 0.21796875
6 0.91796875 0.75625 0.15859375 0.2453125
6 0.1859375 0.509375 0.25 0.23125
6 0.59609375 0.209375 0.253125 0.253125