6 0.6375 0.2921875 0.203125 0.17109375
5 0.38046875 0.8484375 0.128125 0.09921875
5 0.0265625 0.83203125 0.053125 0.09921875
6 0.4265625 0.98359375 0.21953125 0.0328125
6 0.22109375 0.98046875 0.23046875 0.03828125
2 0.503125 0.559375 0.421875 0.4515625
6 0.1140625 0.9046875 0.221875 0.184375
6 0.90703125 0.07578125 0.18046875 0.1515625
6 0.32109375 0.78515625 0.246875 0.22578125
6 0.771875 0.5609375 0.228125 0.2453125
6 0.58671875 0.890625 0.2296875 0.21875
6 0.85703125 0.2671875 0.246875 0.24765625