2 0.49453125 0.5 0.35 0.371875
6 0.38359375 0.0234375 0.271875 0.046875
6 0.29296875 0.14296875 0.18046875 0.22578125
6 0.6578125 0.93203125 0.221875 0.1359375
6 0.896875 0.14296875 0.2 0.22578125
6 0.840625 0.73984375 0.175 0.26171875
6 0.528125 0.1765625 0.221875 0.25859375
6 0.64296875 0.70234375 0.2140625 0.18203125
6 0.07890625 0.7671875 0.1578125 0.234375
6 0.096875 0.1046875 0.19375 0.209375
6 0.740625 0.3140625 0.19140625 0.2421875
6 0.303125 0.87890625 0.228125 0.21484375
6 0.2484375 0.63515625 0.24140625 0.2234375
6 0.10703125 0.4625 0.2140625 0.23125