6 0.040625 0.34609375 0.08046875 0.26171875
6 0.95234375 0.07265625 0.0953125 0.1453125
2 0.503125 0.49609375 0.33359375 0.29765625
6 0.8 0.09921875 0.2390625 0.1984375
6 0.93359375 0.928125 0.128125 0.14296875
6 0.64296875 0.86953125 0.21953125 0.2453125
6 0.55 0.7421875 0.20546875 0.2234375
6 0.9265625 0.6390625 0.14140625 0.26484375
6 0.3734375 0.8734375 0.24140625 0.24765625
6 0.08046875 0.571875 0.1609375 0.20625
6 0.28203125 0.396875 0.2140625 0.2203125
6 0.7 0.30859375 0.21640625 0.23671875
6 0.74296875 0.63515625 0.246875 0.21796875
6 0.275 0.63515625 0.2390625 0.234375
6 0.5640625 0.0921875 0.25546875 0.184375
6 0.14140625 0.128125 0.2390625 0.23984375
6 0.8859375 0.43125 0.221875 0.2234375
6 0.13046875 0.871875 0.25546875 0.21796875