6 0.26484375 0.87421875 0.2921875 0.2515625
6 0.0265625 0.50546875 0.053125 0.2453125
6 0.50703125 0.059375 0.24140625 0.11875
6 0.884375 0.48203125 0.21953125 0.23671875
6 0.03046875 0.25859375 0.0609375 0.21484375
2 0.49609375 0.5 0.35859375 0.3609375
6 0.5015625 0.125 0.21953125 0.2234375
6 0.36640625 0.79609375 0.23359375 0.2203125
6 0.81796875 0.66953125 0.2140625 0.23671875
6 0.0625 0.70546875 0.125 0.20390625
6 0.82109375 0.2125 0.196875 0.2703125
6 0.54453125 0.71796875 0.30546875 0.2234375
6 0.06640625 0.4953125 0.1328125 0.2375
5 0.4609375 0.2421875 0.0890625 0.07734375
6 0.640625 0.290625 0.20859375 0.25078125
6 0.52109375 0.91875 0.246875 0.1625
6 0.946875 0.85390625 0.1 0.253125
6 0.6828125 0.078125 0.20625 0.15625
6 0.10703125 0.0921875 0.2140625 0.184375
6 0.31796875 0.2578125 0.2359375 0.23984375
6 0.0703125 0.80390625 0.13984375 0.2453125
6 0.9515625 0.6203125 0.096875 0.23125