5 0.44296875 0.0109375 0.125 0.021875
6 0.0265625 0.62109375 0.053125 0.23984375
6 0.0390625 0.04140625 0.078125 0.0828125
6 0.0359375 0.19140625 0.071875 0.21796875
5 0.9875 0.6640625 0.025 0.08828125
2 0.5 0.5015625 0.33359375 0.346875
6 0.9453125 0.09921875 0.109375 0.1984375
6 0.596875 0.0703125 0.2390625 0.140625
6 0.725 0.04921875 0.221875 0.0984375
5 0.79609375 0.140625 0.08046875 0.07734375
6 0.25859375 0.36484375 0.23359375 0.21796875
6 0.2203125 0.0671875 0.23125 0.134375
6 0.93203125 0.82890625 0.13046875 0.27578125
6 0.8203125 0.93203125 0.23125 0.1359375
6 0.225 0.8828125 0.228125 0.2234375
6 0.109375 0.903125 0.21875 0.1875
6 0.19140625 0.2421875 0.24453125 0.2203125
6 0.61640625 0.8359375 0.23359375 0.22890625
6 0.703125 0.6421875 0.24453125 0.2203125
6 0.1109375 0.50546875 0.221875 0.2453125
6 0.81953125 0.5 0.25546875 0.21796875
6 0.4609375 0.871875 0.2390625 0.2453125
6 0.29140625 0.65703125 0.221875 0.234375
6 0.7515625 0.2921875 0.225 0.21484375
6 0.896875 0.3171875 0.2 0.22578125
6 0.45703125 0.21484375 0.253125 0.21484375