6 0.0484375 0.25078125 0.096875 0.23671875
2 0.496875 0.503125 0.35546875 0.34453125
6 0.8203125 0.03828125 0.21875 0.0765625
6 0.95546875 0.084375 0.08359375 0.1625
6 0.94453125 0.590625 0.10546875 0.2125
6 0.88359375 0.825 0.221875 0.25078125
6 0.365625 0.9390625 0.24140625 0.12109375
6 0.5734375 0.846875 0.25859375 0.23984375
6 0.59453125 0.1484375 0.25546875 0.2703125
6 0.73203125 0.64453125 0.246875 0.23125
6 0.840625 0.18046875 0.253125 0.21796875
6 0.125 0.81015625 0.24453125 0.23671875
6 0.2484375 0.28203125 0.26953125 0.23984375
6 0.3109375 0.67734375 0.25 0.2203125