6 0.0125 0.15703125 0.025 0.2203125
6 0.971875 0.20234375 0.05546875 0.22890625
6 0.09296875 0.0125 0.1859375 0.025
6 0.034375 0.37109375 0.06875 0.2421875
6 0.14375 0.95 0.271875 0.1
2 0.4984375 0.5109375 0.34140625 0.3390625
6 0.0734375 0.7921875 0.146875 0.2453125
6 0.378125 0.903125 0.221875 0.19375
6 0.80234375 0.0796875 0.2390625 0.159375
6 0.26640625 0.68984375 0.24453125 0.26171875
6 0.640625 0.9046875 0.296875 0.18984375
6 0.68046875 0.2875 0.2609375 0.2671875
6 0.59296875 0.74765625 0.24140625 0.1953125
6 0.14453125 0.48046875 0.23359375 0.2453125
6 0.234375 0.103125 0.246875 0.20625
6 0.321875 0.29453125 0.278125 0.23125
6 0.89140625 0.3953125 0.2109375 0.27265625
6 0.528125 0.1015625 0.28125 0.203125
6 0.9015625 0.8703125 0.19140625 0.25859375