6 0.05546875 0.16796875 0.1109375 0.23671875
6 0.9875 0.66640625 0.025 0.20390625
6 0.95546875 0.42734375 0.0890625 0.25859375
6 0.0765625 0.0828125 0.153125 0.165625
6 0.83359375 0.5453125 0.2390625 0.209375
6 0.503125 0.14609375 0.221875 0.23125
6 0.45703125 0.01640625 0.253125 0.0328125
2 0.5 0.4984375 0.29453125 0.29765625
6 0.14921875 0.0671875 0.2390625 0.134375
6 0.421875 0.1609375 0.2109375 0.2453125
6 0.109375 0.484375 0.21875 0.28125
6 0.55859375 0.74140625 0.2890625 0.27578125
6 0.84296875 0.640625 0.253125 0.20078125
6 0.69765625 0.090625 0.2359375 0.18125
6 0.39296875 0.91015625 0.246875 0.17890625
6 0.0734375 0.72578125 0.146875 0.23984375
6 0.22109375 0.27265625 0.24140625 0.209375
6 0.784375 0.8484375 0.246875 0.2203125
6 0.271875 0.734375 0.2609375 0.21796875