2 0.5 0.496875 0.321875 0.3171875
6 0.953125 0.6015625 0.0890625 0.25078125
6 0.6546875 0.97890625 0.221875 0.0421875
6 0.39296875 0.025 0.26953125 0.04921875
6 0.303125 0.96015625 0.20546875 0.0796875
6 0.75546875 0.38828125 0.271875 0.2421875
5 0.7265625 0.32265625 0.09140625 0.0828125
5 0.625 0.8953125 0.078125 0.07734375
6 0.80390625 0.04296875 0.24140625 0.08515625
6 0.253125 0.3984375 0.26640625 0.23984375
6 0.93203125 0.103125 0.13046875 0.20625
6 0.92890625 0.3609375 0.1359375 0.2703125
6 0.078125 0.08125 0.15546875 0.1625
6 0.909375 0.915625 0.18046875 0.16796875
6 0.4828125 0.90859375 0.234375 0.1828125
6 0.75546875 0.5953125 0.23359375 0.209375
6 0.4375 0.1890625 0.2359375 0.25625
6 0.12890625 0.9046875 0.2359375 0.18984375
6 0.74140625 0.8015625 0.2609375 0.23125
6 0.31640625 0.75078125 0.2609375 0.25625
6 0.08046875 0.5828125 0.1609375 0.22890625