6 0.70859375 0.246875 0.2 0.18984375
6 0.25546875 0.0375 0.1890625 0.07421875
6 0.80703125 0.01796875 0.246875 0.0359375
6 0.05546875 0.8625 0.1109375 0.2703125
6 0.9265625 0.084375 0.14140625 0.16796875
6 0.65234375 0.03828125 0.2390625 0.0765625
6 0.94296875 0.66953125 0.1140625 0.2703125
2 0.50546875 0.5 0.36640625 0.41015625
6 0.3046875 0.971875 0.234375 0.05625
6 0.075 0.3859375 0.15 0.253125
6 0.16640625 0.9296875 0.2 0.140625
6 0.38359375 0.26328125 0.2390625 0.21796875
6 0.51953125 0.13046875 0.24453125 0.2125
6 0.3359375 0.82265625 0.228125 0.2125
6 0.13046875 0.7328125 0.25 0.24765625
6 0.740625 0.915625 0.28046875 0.16796875
6 0.2734375 0.61875 0.2359375 0.2453125
6 0.1140625 0.06640625 0.221875 0.13203125
6 0.9203125 0.2265625 0.159375 0.2625
6 0.5 0.91328125 0.24453125 0.1734375
6 0.85 0.8140625 0.28359375 0.22890625
6 0.771875 0.60625 0.2609375 0.24765625
6 0.13203125 0.22421875 0.2640625 0.2234375