6 0.0390625 0.03203125 0.078125 0.06328125
6 0.04609375 0.95859375 0.09140625 0.0828125
2 0.50703125 0.496875 0.30859375 0.3109375
6 0.5890625 0.96953125 0.25 0.0609375
6 0.20390625 0.9546875 0.253125 0.090625
6 0.465625 0.04140625 0.2859375 0.0828125
6 0.0640625 0.571875 0.128125 0.25625
6 0.3265625 0.35546875 0.2359375 0.24765625
6 0.746875 0.07578125 0.271875 0.1515625
6 0.3796875 0.890625 0.228125 0.21875
6 0.1640625 0.4046875 0.25546875 0.23671875
6 0.871875 0.24765625 0.24453125 0.26484375
6 0.08359375 0.12265625 0.16640625 0.21796875
6 0.278125 0.13515625 0.2390625 0.22578125
6 0.2765625 0.60859375 0.253125 0.22578125
6 0.6484375 0.2796875 0.24140625 0.25625
6 0.846875 0.825 0.25 0.22890625
6 0.5859375 0.803125 0.2890625 0.25078125
6 0.096875 0.81171875 0.19375 0.2421875
6 0.8640625 0.57265625 0.25 0.22578125