6 0.015625 0.8109375 0.03046875 0.2125
2 0.5078125 0.5046875 0.35859375 0.371875
6 0.96953125 0.9140625 0.0609375 0.171875
6 0.959375 0.66015625 0.075 0.27265625
6 0.4359375 0.975 0.25 0.04921875
6 0.51171875 0.02734375 0.2203125 0.0546875
6 0.6765625 0.96015625 0.23046875 0.0796875
6 0.096875 0.03984375 0.19375 0.0796875
6 0.19921875 0.94296875 0.2453125 0.1140625
6 0.89609375 0.0609375 0.203125 0.12109375
6 0.06953125 0.1828125 0.1390625 0.20078125
6 0.578125 0.73515625 0.228125 0.2203125
6 0.8859375 0.2765625 0.2109375 0.2234375
6 0.6859375 0.2921875 0.19453125 0.24765625
6 0.77890625 0.79609375 0.23046875 0.209375
6 0.128125 0.490625 0.23359375 0.21484375
6 0.346875 0.68203125 0.21640625 0.21796875
6 0.484375 0.16796875 0.28046875 0.22578125
6 0.12890625 0.72421875 0.246875 0.23125
6 0.25390625 0.22578125 0.23046875 0.24765625