6 0.02109375 0.665625 0.04140625 0.22890625
6 0.025 0.0953125 0.05 0.18984375
6 0.48203125 0.2578125 0.2640625 0.22890625
2 0.503125 0.49609375 0.29453125 0.2703125
6 0.2671875 0.9734375 0.253125 0.053125
6 0.09609375 0.2921875 0.19140625 0.30859375
5 0.94296875 0.07734375 0.0859375 0.071875
6 0.65390625 0.875 0.29140625 0.2234375
5 0.196875 0.93828125 0.071875 0.06875
6 0.65703125 0.05546875 0.21953125 0.11015625
6 0.0890625 0.9515625 0.171875 0.09609375
6 0.26171875 0.4625 0.25390625 0.296875
6 0.24609375 0.115625 0.23046875 0.23125
6 0.47109375 0.09375 0.2640625 0.1875
6 0.43359375 0.91171875 0.2109375 0.1765625
6 0.86953125 0.8265625 0.25546875 0.23671875
6 0.884375 0.28125 0.225 0.2203125
6 0.85 0.5203125 0.228125 0.20390625