2 0.50859375 0.5 0.41640625 0.36640625
6 0.0984375 0.0203125 0.196875 0.040625
6 0.6734375 0.03828125 0.225 0.0765625
6 0.9375 0.75625 0.11953125 0.21796875
6 0.88046875 0.05390625 0.21640625 0.1078125
6 0.88046875 0.953125 0.23359375 0.09375
6 0.43515625 0.94296875 0.2609375 0.1140625
6 0.9265625 0.53046875 0.14140625 0.2453125
6 0.17890625 0.1875 0.26953125 0.253125
6 0.4734375 0.7796875 0.246875 0.23125
6 0.2609375 0.6890625 0.2 0.2203125
6 0.2234375 0.415625 0.2640625 0.253125
6 0.8734375 0.3125 0.246875 0.23984375
6 0.740625 0.73671875 0.26953125 0.26171875
6 0.09609375 0.7296875 0.19140625 0.253125