6 0.02109375 0.63203125 0.04140625 0.2234375
5 0.24140625 0.4984375 0.06640625 0.07734375
6 0.01796875 0.884375 0.0359375 0.21484375
2 0.496875 0.503125 0.421875 0.4046875
6 0.36953125 0.0359375 0.271875 0.071875
6 0.6109375 0.02890625 0.23359375 0.0578125
6 0.6390625 0.94453125 0.25546875 0.11015625
6 0.0609375 0.0609375 0.121875 0.12109375
6 0.05703125 0.2421875 0.1140625 0.23671875
6 0.90703125 0.29609375 0.18046875 0.23984375
6 0.2515625 0.1875 0.246875 0.209375
6 0.8265625 0.64453125 0.23046875 0.253125
6 0.85546875 0.9078125 0.271875 0.184375
6 0.0875 0.465625 0.175 0.21484375
6 0.703125 0.234375 0.25 0.24765625
6 0.346875 0.859375 0.2390625 0.23671875
6 0.5875 0.778125 0.26953125 0.23984375
6 0.134375 0.76875 0.24140625 0.23125