6 0.01640625 0.375 0.0328125 0.2
6 0.978125 0.14609375 0.0390625 0.17109375
2 0.5015625 0.5328125 0.4140625 0.41015625
6 0.98203125 0.3578125 0.0359375 0.209375
6 0.03203125 0.91171875 0.0640625 0.1765625
6 0.09140625 0.02890625 0.1828125 0.0578125
5 0.82890625 0.69453125 0.075 0.07734375
6 0.11796875 0.5125 0.2359375 0.25859375
6 0.246875 0.559375 0.221875 0.253125
6 0.70546875 0.653125 0.2109375 0.2203125
6 0.8984375 0.76484375 0.196875 0.278125
6 0.64453125 0.07578125 0.25 0.1515625
6 0.415625 0.9375 0.24375 0.125
6 0.2125 0.1515625 0.2359375 0.21484375
6 0.5859375 0.846875 0.221875 0.20078125
6 0.84453125 0.453125 0.2390625 0.22890625
6 0.3390625 0.78671875 0.221875 0.20625
6 0.178125 0.89765625 0.246875 0.2046875
6 0.85546875 0.11171875 0.20546875 0.2234375
6 0.59140625 0.26328125 0.25546875 0.21796875