2 0.49609375 0.50390625 0.30859375 0.3140625
6 0.01796875 0.07265625 0.0359375 0.1453125
6 0.35859375 0.01640625 0.2609375 0.0328125
6 0.95703125 0.7296875 0.0859375 0.253125
6 0.05546875 0.9625 0.1109375 0.07421875
6 0.0390625 0.6140625 0.078125 0.23125
6 0.13515625 0.03828125 0.2328125 0.0765625
6 0.734375 0.9625 0.2640625 0.07421875
6 0.57109375 0.0703125 0.26953125 0.140625
6 0.92890625 0.49453125 0.14140625 0.26171875
6 0.721875 0.428125 0.2609375 0.2234375
6 0.85390625 0.83359375 0.253125 0.26171875
6 0.1140625 0.8 0.228125 0.2453125
6 0.30703125 0.153125 0.2640625 0.2453125
6 0.1359375 0.428125 0.24453125 0.22890625
6 0.49296875 0.8609375 0.253125 0.2453125
6 0.284375 0.62421875 0.2359375 0.234375
6 0.69296875 0.71484375 0.23046875 0.23984375
6 0.5640625 0.23515625 0.26640625 0.21796875
6 0.925 0.21484375 0.14453125 0.25859375