2 0.503125 0.4890625 0.3390625 0.42734375
6 0.0140625 0.4671875 0.028125 0.21796875
6 0.03046875 0.1625 0.0609375 0.23125
6 0.5140625 0.9609375 0.221875 0.078125
6 0.0484375 0.6828125 0.096875 0.24765625
6 0.94140625 0.88828125 0.1109375 0.2234375
6 0.73046875 0.490625 0.19453125 0.2203125
6 0.896875 0.10625 0.2 0.20625
6 0.13359375 0.50390625 0.228125 0.20390625
6 0.49609375 0.7875 0.23046875 0.2203125
6 0.2890625 0.68203125 0.24453125 0.25078125
6 0.15 0.28125 0.228125 0.2421875
6 0.7125 0.87578125 0.24140625 0.2421875
6 0.86953125 0.33203125 0.25546875 0.25625
6 0.6 0.171875 0.23359375 0.22890625