2 0.4984375 0.5015625 0.353125 0.35234375
6 0.03046875 0.75859375 0.0609375 0.2453125
6 0.8578125 0.97890625 0.24375 0.0421875
6 0.803125 0.02734375 0.259375 0.0546875
6 0.90390625 0.3515625 0.1859375 0.25625
6 0.13359375 0.93203125 0.2359375 0.1359375
6 0.35390625 0.92578125 0.24140625 0.1484375
6 0.453125 0.153125 0.2390625 0.26171875
6 0.63203125 0.23515625 0.196875 0.26171875
6 0.609375 0.9046875 0.28046875 0.18984375
6 0.24609375 0.49609375 0.21953125 0.27578125
6 0.234375 0.10078125 0.24140625 0.20078125
6 0.0859375 0.38828125 0.171875 0.2703125
6 0.7515625 0.45703125 0.225 0.253125
6 0.4390625 0.74921875 0.26640625 0.23671875
6 0.9140625 0.85546875 0.16640625 0.25078125
6 0.1625 0.709375 0.2359375 0.22890625
6 0.79609375 0.1640625 0.18046875 0.22890625