6 0.959375 0.50546875 0.075 0.2453125
6 0.259375 0.89375 0.21953125 0.2125
6 0.0359375 0.05234375 0.071875 0.1046875
2 0.5 0.51484375 0.3390625 0.35234375
5 0.0359375 0.71640625 0.06640625 0.06640625
6 0.74609375 0.04921875 0.2171875 0.0984375
5 0.12890625 0.07734375 0.10859375 0.08828125
6 0.409375 0.965625 0.25859375 0.06875
6 0.4390625 0.24375 0.228125 0.22890625
6 0.09296875 0.92421875 0.1859375 0.1515625
6 0.89140625 0.94921875 0.2109375 0.1015625
6 0.359375 0.8265625 0.21953125 0.23671875
6 0.909375 0.09921875 0.18046875 0.1984375
6 0.1734375 0.7078125 0.225 0.253125
6 0.2609375 0.128125 0.278125 0.25625
6 0.29453125 0.39140625 0.228125 0.26484375
6 0.9359375 0.80546875 0.121875 0.2453125
6 0.675 0.2296875 0.25546875 0.2671875
6 0.82109375 0.43359375 0.24140625 0.22890625
6 0.10703125 0.5609375 0.2140625 0.2234375
6 0.79453125 0.70234375 0.25 0.26484375
6 0.10390625 0.33828125 0.2078125 0.2421875