6 0.090625 0.14609375 0.18046875 0.24765625
6 0.9609375 0.3125 0.071875 0.2234375
6 0.64140625 0.90859375 0.2390625 0.1828125
5 0.3390625 0.61953125 0.0890625 0.0828125
6 0.159375 0.97109375 0.23046875 0.0578125
2 0.5 0.5328125 0.328125 0.3390625
6 0.7078125 0.0328125 0.221875 0.065625
6 0.75390625 0.4875 0.203125 0.2421875
6 0.15546875 0.89921875 0.24453125 0.20078125
6 0.6234375 0.8 0.2359375 0.20625
6 0.7484375 0.3609375 0.21953125 0.19296875
6 0.2359375 0.06171875 0.228125 0.1234375
6 0.3859375 0.8375 0.221875 0.1984375
6 0.21640625 0.50390625 0.24453125 0.22578125
6 0.88359375 0.6515625 0.228125 0.20625
6 0.8765625 0.15703125 0.24140625 0.23125
6 0.290625 0.234375 0.24140625 0.22578125
6 0.65859375 0.171875 0.2109375 0.2125
6 0.90546875 0.8734375 0.18359375 0.21484375
6 0.053125 0.21328125 0.10625 0.23671875