6 0.015625 0.103125 0.03046875 0.18984375
2 0.49296875 0.496875 0.3359375 0.3390625
6 0.94453125 0.315625 0.1109375 0.25625
6 0.93359375 0.07578125 0.128125 0.1515625
6 0.065625 0.696875 0.13046875 0.23125
6 0.678125 0.05234375 0.19453125 0.1046875
6 0.33046875 0.87890625 0.2390625 0.2421875
6 0.071875 0.48125 0.14375 0.23125
6 0.40703125 0.77421875 0.21953125 0.22578125
6 0.5421875 0.93203125 0.209375 0.1359375
6 0.56953125 0.2 0.2609375 0.25625
6 0.2890625 0.08984375 0.221875 0.17890625
6 0.7765625 0.90625 0.25859375 0.1875
6 0.6375 0.734375 0.21953125 0.21796875
6 0.24140625 0.625 0.21640625 0.2203125
6 0.80703125 0.57578125 0.253125 0.23671875
6 0.10390625 0.88125 0.2078125 0.23125
6 0.2484375 0.30703125 0.24140625 0.2125
6 0.80859375 0.1828125 0.24453125 0.2453125