6 0.975 0.22421875 0.05 0.20078125
6 0.21953125 0.01640625 0.25 0.0328125
6 0.45546875 0.05078125 0.23359375 0.1015625
6 0.95390625 0.665625 0.09140625 0.2671875
6 0.059375 0.06171875 0.11875 0.1234375
6 0.15390625 0.9609375 0.2640625 0.078125
2 0.4875 0.496875 0.39140625 0.3609375
6 0.68359375 0.03828125 0.2296875 0.0765625
6 0.05703125 0.43828125 0.1140625 0.2703125
5 0.1890625 0.9078125 0.071875 0.07421875
6 0.37109375 0.9171875 0.2140625 0.165625
6 0.5984375 0.7453125 0.253125 0.2234375
6 0.79140625 0.88984375 0.25 0.2203125
6 0.784375 0.6375 0.253125 0.25078125
6 0.1375 0.1890625 0.23046875 0.2234375
6 0.89453125 0.421875 0.2109375 0.2703125