6 0.246875 0.0109375 0.221875 0.021875
6 0.3765625 0.9890625 0.23046875 0.021875
6 0.121875 0.9859375 0.228125 0.02734375
6 0.9734375 0.39140625 0.053125 0.21484375
2 0.5 0.496875 0.40546875 0.38828125
6 0.9515625 0.5921875 0.09140625 0.2203125
6 0.946875 0.91328125 0.10546875 0.1734375
6 0.9 0.8015625 0.1890625 0.23671875
6 0.91171875 0.04921875 0.1703125 0.0984375
6 0.059375 0.77109375 0.11875 0.2421875
6 0.065625 0.31953125 0.13046875 0.23125
6 0.1015625 0.08125 0.203125 0.1625
6 0.4234375 0.2 0.2359375 0.22890625
6 0.2140625 0.5484375 0.228125 0.22578125
6 0.79296875 0.42734375 0.21953125 0.2203125
6 0.37890625 0.859375 0.23046875 0.2203125
6 0.9140625 0.1953125 0.16640625 0.21484375
6 0.73984375 0.1140625 0.2296875 0.228125
6 0.240625 0.32265625 0.2140625 0.21484375
6 0.7234375 0.66640625 0.2140625 0.20390625
6 0.60703125 0.8609375 0.225 0.2234375