6 0.0109375 0.13359375 0.021875 0.2125
6 0.01796875 0.73515625 0.0359375 0.2203125
2 0.503125 0.496875 0.35 0.32265625
6 0.95859375 0.709375 0.078125 0.23984375
6 0.0390625 0.50390625 0.078125 0.2703125
6 0.93203125 0.953125 0.13046875 0.09375
6 0.08203125 0.04296875 0.1640625 0.08515625
6 0.275 0.046875 0.23359375 0.09375
6 0.39140625 0.95859375 0.2390625 0.0828125
6 0.68359375 0.94765625 0.228125 0.1046875
6 0.66640625 0.084375 0.23359375 0.16796875
6 0.5375 0.74140625 0.20859375 0.21484375
6 0.09296875 0.928125 0.1859375 0.14296875
6 0.4765625 0.10625 0.23046875 0.2125
6 0.921875 0.303125 0.15 0.23125
6 0.82109375 0.72734375 0.21953125 0.23671875
6 0.8875 0.0828125 0.21953125 0.165625
6 0.40390625 0.80546875 0.246875 0.234375
6 0.3640625 0.3015625 0.24453125 0.21796875
6 0.73359375 0.3171875 0.25546875 0.23125
6 0.140625 0.709375 0.23046875 0.23984375
6 0.86796875 0.509375 0.253125 0.21484375
6 0.1125 0.2875 0.225 0.25625