6 0.5890625 0.0359375 0.25546875 0.071875
6 0.53828125 0.05625 0.3546875 0.1125
6 0.93203125 0.0671875 0.1359375 0.134375
2 0.5015625 0.50390625 0.30859375 0.30859375
6 0.4125 0.9265625 0.346875 0.146875
6 0.3015625 0.184375 0.30859375 0.325
6 0.9234375 0.36953125 0.146875 0.28125
6 0.78203125 0.86953125 0.2359375 0.2453125
6 0.83359375 0.53046875 0.2390625 0.27265625
6 0.5640625 0.22734375 0.25546875 0.23984375
6 0.178125 0.890625 0.309375 0.21875
6 0.578125 0.73515625 0.3 0.2421875
6 0.85859375 0.78671875 0.22734375 0.26015625
6 0.61328125 0.3140625 0.296875 0.253125