6 0.91640625 0.334375 0.1609375 0.21796875
6 0.84453125 0.975 0.271875 0.04921875
6 0.9265625 0.9296875 0.146875 0.140625
6 0.0234375 0.59609375 0.046875 0.2234375
6 0.65859375 0.01953125 0.221875 0.03828125
6 0.9390625 0.41875 0.11640625 0.23125
6 0.053125 0.2125 0.10546875 0.27578125
2 0.4984375 0.496875 0.403125 0.3109375
6 0.2125 0.9765625 0.225 0.046875
0 0.8203125 0.7546875 0.359375 0.490625
6 0.11796875 0.084375 0.2140625 0.16796875
6 0.4109375 0.93125 0.2390625 0.1375
6 0.10703125 0.44453125 0.2140625 0.25625
6 0.74609375 0.1375 0.2859375 0.253125
6 0.3375 0.76484375 0.25859375 0.23984375
6 0.75390625 0.38125 0.225 0.25078125