6 0.971875 0.03984375 0.05546875 0.0796875
6 0.021875 0.2703125 0.04375 0.20625
6 0.24453125 0.73984375 0.2390625 0.27265625
6 0.34296875 0.7078125 0.24140625 0.22578125
6 0.04453125 0.4546875 0.0890625 0.2203125
6 0.24609375 0.8953125 0.24140625 0.209375
6 0.571875 0.965625 0.23359375 0.06875
6 0.09921875 0.94296875 0.1953125 0.1140625
2 0.5 0.50859375 0.328125 0.32265625
6 0.6734375 0.29921875 0.203125 0.1953125
6 0.659375 0.7234375 0.23046875 0.20625
6 0.40859375 0.2421875 0.19453125 0.2203125
6 0.665625 0.09375 0.23046875 0.1875
6 0.721875 0.9078125 0.2109375 0.184375
6 0.90703125 0.7703125 0.18046875 0.2671875
6 0.21796875 0.3390625 0.25859375 0.23671875
6 0.85859375 0.33984375 0.25 0.23984375
6 0.1515625 0.5609375 0.24140625 0.234375
6 0.10546875 0.125 0.2109375 0.22890625
6 0.725 0.6890625 0.1984375 0.24140625