2 0.5 0.49453125 0.35 0.34453125
6 0.934375 0.165625 0.125 0.2203125
6 0.9234375 0.0484375 0.146875 0.09609375
6 0.24296875 0.87890625 0.2640625 0.2421875
5 0.409375 0.24140625 0.09140625 0.08515625
6 0.93359375 0.7125 0.128125 0.2234375
6 0.07890625 0.575 0.1578125 0.23125
6 0.1984375 0.77421875 0.196875 0.23671875
6 0.91796875 0.40234375 0.15859375 0.19296875
6 0.10390625 0.0984375 0.2078125 0.1875
6 0.53359375 0.88671875 0.2609375 0.21484375
6 0.778125 0.88125 0.24453125 0.21484375
6 0.6234375 0.7109375 0.2359375 0.23125
6 0.109375 0.30078125 0.21875 0.2296875
6 0.228125 0.465625 0.221875 0.253125
6 0.75859375 0.4296875 0.19453125 0.23125
6 0.75390625 0.21328125 0.2640625 0.2125