6 0.3125 0.71796875 0.24140625 0.25625
6 0.97734375 0.1578125 0.0453125 0.234375
6 0.8984375 0.9859375 0.19140625 0.02734375
6 0.2875 0.97890625 0.275 0.0421875
6 0.953125 0.91015625 0.0890625 0.17890625
2 0.5015625 0.49453125 0.353125 0.34453125
6 0.28203125 0.65546875 0.203125 0.19296875
6 0.06640625 0.9078125 0.1328125 0.184375
6 0.14296875 0.503125 0.21953125 0.234375
6 0.62890625 0.74140625 0.24140625 0.23125
6 0.85703125 0.78359375 0.24140625 0.22890625
6 0.9125 0.571875 0.16953125 0.22890625
6 0.0984375 0.7109375 0.196875 0.2203125