6 0.01953125 0.95703125 0.0390625 0.08515625
6 0.0359375 0.7765625 0.071875 0.26484375
2 0.5 0.496875 0.378125 0.371875
6 0.0265625 0.059375 0.053125 0.11328125
6 0.95234375 0.94609375 0.0953125 0.1078125
5 0.12109375 0.48515625 0.075 0.06640625
6 0.0390625 0.29453125 0.078125 0.25859375
6 0.05546875 0.534375 0.1109375 0.23125
6 0.17890625 0.965625 0.23046875 0.06875
6 0.9 0.03203125 0.2 0.06328125
6 0.7625 0.409375 0.203125 0.278125
6 0.24140625 0.50390625 0.2109375 0.253125
6 0.5703125 0.9265625 0.246875 0.146875
6 0.14609375 0.765625 0.253125 0.2703125
6 0.159375 0.07421875 0.246875 0.1484375
6 0.9 0.39140625 0.19453125 0.22578125
6 0.390625 0.73125 0.2640625 0.25078125
6 0.90703125 0.7890625 0.18046875 0.25078125
6 0.196875 0.26328125 0.2390625 0.25078125
6 0.86640625 0.1859375 0.228125 0.20625
6 0.41953125 0.23671875 0.24453125 0.2203125
6 0.7 0.71875 0.25546875 0.23671875