6 0.01953125 0.95 0.0390625 0.1
6 0.45 0.98203125 0.2390625 0.0359375
6 0.93203125 0.025 0.1359375 0.04921875
6 0.0265625 0.509375 0.053125 0.23125
6 0.12109375 0.025 0.23046875 0.04921875
5 0.38203125 0.94375 0.06953125 0.06875
6 0.040625 0.2671875 0.08046875 0.23671875
2 0.5015625 0.496875 0.38046875 0.35546875
5 0.6140625 0.08828125 0.071875 0.07734375
6 0.296875 0.08671875 0.178125 0.1734375
6 0.76953125 0.07421875 0.221875 0.1484375
6 0.8265625 0.80859375 0.26953125 0.27265625
6 0.79140625 0.63203125 0.23359375 0.20078125
6 0.18046875 0.88828125 0.21640625 0.20625
6 0.16953125 0.4984375 0.228125 0.1875
6 0.196875 0.234375 0.23359375 0.22578125
6 0.48359375 0.1609375 0.228125 0.2125
6 0.278125 0.67109375 0.23359375 0.21796875
6 0.7890625 0.3515625 0.23359375 0.234375
6 0.0890625 0.70078125 0.178125 0.2234375
6 0.90390625 0.1609375 0.1859375 0.20078125
6 0.5890625 0.74765625 0.228125 0.21796875