6 0.95859375 0.04375 0.0796875 0.0875
6 0.32109375 0.315625 0.2359375 0.26171875
6 0.7234375 0.90390625 0.23046875 0.1875
5 0.4359375 0.04375 0.128125 0.0875
6 0.26953125 0.0234375 0.24453125 0.046875
6 0.69453125 0.0234375 0.21640625 0.046875
6 0.3359375 0.9265625 0.278125 0.146875
2 0.50546875 0.50859375 0.30546875 0.30546875
6 0.64609375 0.92578125 0.225 0.1484375
6 0.134375 0.09375 0.23046875 0.1875
5 0.821875 0.3578125 0.06640625 0.07734375
5 0.165625 0.49453125 0.075 0.06875
6 0.67109375 0.29921875 0.2359375 0.20078125
6 0.934375 0.69140625 0.125 0.22578125
6 0.65546875 0.153125 0.21640625 0.20625
6 0.515625 0.79375 0.225 0.2421875
6 0.9015625 0.475 0.19140625 0.23984375
6 0.9515625 0.11796875 0.096875 0.1828125