6 0.128125 0.0125 0.228125 0.025
6 0.9609375 0.7875 0.071875 0.23671875
6 0.63359375 0.05546875 0.23359375 0.11015625
2 0.5015625 0.50390625 0.3359375 0.33046875
6 0.95 0.44765625 0.09453125 0.234375
6 0.06953125 0.1296875 0.1390625 0.25859375
6 0.06796875 0.93515625 0.1359375 0.1296875
6 0.18359375 0.13046875 0.25 0.2234375
6 0.0625 0.7671875 0.125 0.234375
6 0.8984375 0.903125 0.196875 0.19375
6 0.859375 0.071875 0.23046875 0.14296875
6 0.50703125 0.12421875 0.246875 0.24765625
6 0.4765625 0.85546875 0.253125 0.25078125
6 0.83203125 0.60859375 0.246875 0.22578125
6 0.215625 0.45625 0.2640625 0.25078125
6 0.809375 0.3703125 0.246875 0.25625
6 0.3625 0.2765625 0.24140625 0.22890625
6 0.23203125 0.81953125 0.26953125 0.22890625