6 0.94609375 0.43828125 0.103125 0.28671875
6 0.06953125 0.675 0.1390625 0.25859375
6 0.64296875 0.70078125 0.246875 0.184375
6 0.0359375 0.29765625 0.071875 0.253125
6 0.01953125 0.91015625 0.0390625 0.17890625
6 0.45 0.0125 0.23359375 0.025
6 0.45859375 0.903125 0.2359375 0.19375
6 0.659375 0.29375 0.21953125 0.21796875
2 0.5 0.49609375 0.3 0.3859375
6 0.12578125 0.97890625 0.2359375 0.0421875
6 0.9265625 0.9046875 0.146875 0.190625
6 0.765625 0.7109375 0.20859375 0.2203125
6 0.453125 0.72734375 0.1890625 0.1875
6 0.171875 0.41171875 0.2609375 0.20078125
6 0.71953125 0.93359375 0.20546875 0.13203125
6 0.64453125 0.8171875 0.2390625 0.20625
6 0.88046875 0.21484375 0.228125 0.22578125
6 0.92734375 0.0890625 0.1453125 0.178125
6 0.5640625 0.20078125 0.25546875 0.2203125
6 0.92109375 0.6515625 0.153125 0.2453125
6 0.33671875 0.10859375 0.2421875 0.2171875
6 0.46484375 0.1453125 0.18203125 0.22578125
6 0.15 0.57890625 0.184375 0.2015625
6 0.284375 0.84296875 0.2515625 0.3140625