2 0.5015625 0.5015625 0.296875 0.36953125
6 0.98359375 0.078125 0.0296875 0.15625
6 0.05 0.46015625 0.1 0.24765625
6 0.3875 0.96796875 0.24140625 0.06328125
6 0.334375 0.103125 0.225 0.20625
6 0.94453125 0.49140625 0.10546875 0.23984375
6 0.86796875 0.06484375 0.20859375 0.1296875
6 0.11796875 0.7203125 0.2359375 0.20078125
6 0.921875 0.8015625 0.15546875 0.22578125
6 0.190625 0.3359375 0.23046875 0.22578125
6 0.2609375 0.57265625 0.2109375 0.24765625
6 0.34453125 0.81015625 0.228125 0.23125
6 0.72890625 0.77265625 0.23046875 0.2125
6 0.81796875 0.584375 0.23046875 0.21484375
6 0.74296875 0.3578125 0.2359375 0.1984375
6 0.10859375 0.11953125 0.21640625 0.22890625
6 0.9125 0.2328125 0.16953125 0.20625