6 0.01796875 0.46015625 0.0359375 0.22578125
6 0.96640625 0.80703125 0.0609375 0.20390625
2 0.5015625 0.5015625 0.353125 0.375
6 0.03203125 0.76015625 0.0640625 0.24765625
6 0.69140625 0.0453125 0.2390625 0.090625
6 0.0890625 0.06328125 0.178125 0.1265625
6 0.06640625 0.24296875 0.1328125 0.2296875
6 0.7546875 0.93203125 0.234375 0.1359375
6 0.91875 0.078125 0.15625 0.15625
6 0.825 0.7453125 0.21640625 0.234375
6 0.60390625 0.7453125 0.253125 0.2234375
6 0.4765625 0.084375 0.225 0.16796875
6 0.184375 0.73515625 0.23046875 0.21484375
6 0.215625 0.496875 0.253125 0.2453125
6 0.3875 0.82890625 0.23046875 0.24765625
6 0.925 0.48359375 0.14453125 0.22890625
6 0.82890625 0.3171875 0.21953125 0.21484375
6 0.640625 0.20390625 0.2140625 0.209375