6 0.3375 0.315625 0.24296875 0.20859375
6 0.82265625 0.2578125 0.240625 0.22734375
6 0.60390625 0.01640625 0.2515625 0.0328125
6 0.02578125 0.2453125 0.0515625 0.20859375
6 0.0609375 0.0796875 0.121875 0.159375
2 0.50234375 0.51484375 0.31171875 0.346875
6 0.0453125 0.54375 0.08984375 0.23046875
6 0.94140625 0.48125 0.11171875 0.21953125
6 0.3390625 0.2359375 0.22421875 0.2328125
6 0.95390625 0.68984375 0.0875 0.21953125
6 0.8171875 0.071875 0.24609375 0.14375
6 0.75 0.6515625 0.24296875 0.23046875
6 0.61484375 0.94140625 0.25703125 0.11640625
6 0.184375 0.928125 0.2265625 0.14375
6 0.93515625 0.89375 0.1234375 0.2125
6 0.728125 0.31171875 0.24296875 0.21171875
6 0.32265625 0.78984375 0.2734375 0.2578125
6 0.11640625 0.38515625 0.23203125 0.22734375
6 0.5296875 0.140625 0.25703125 0.265625
6 0.58359375 0.7828125 0.26484375 0.2328125
6 0.19296875 0.5640625 0.23203125 0.221875