2 0.49296875 0.5328125 0.35859375 0.4765625
6 0.571875 0.02890625 0.2390625 0.0578125
6 0.89296875 0.025 0.2140625 0.04921875
6 0.603125 0.7875 0.2609375 0.23671875
6 0.365625 0.9296875 0.246875 0.140625
6 0.77109375 0.92265625 0.25859375 0.15390625
6 0.0890625 0.62421875 0.178125 0.2234375
6 0.659375 0.61171875 0.21953125 0.24765625
6 0.8859375 0.44921875 0.221875 0.2921875
6 0.734375 0.09765625 0.24140625 0.1953125
6 0.8625 0.75234375 0.2359375 0.22578125
6 0.7390625 0.3109375 0.228125 0.2203125
6 0.1484375 0.465625 0.2359375 0.2203125
6 0.265625 0.25859375 0.25859375 0.22578125
6 0.1125 0.11015625 0.225 0.2203125