5 0.03984375 0.97890625 0.0796875 0.0421875
6 0.2875 0.496875 0.225 0.2671875
2 0.50390625 0.50703125 0.275 0.29765625
6 0.934375 0.98359375 0.13046875 0.0328125
6 0.55703125 0.98046875 0.2140625 0.03828125
6 0.0390625 0.8390625 0.078125 0.2234375
6 0.653125 0.021875 0.23359375 0.04375
6 0.0359375 0.13671875 0.071875 0.1953125
6 0.4234375 0.92421875 0.26953125 0.1515625
6 0.9 0.7578125 0.19453125 0.209375
6 0.8234375 0.21484375 0.275 0.23125
6 0.90390625 0.059375 0.19140625 0.11875
5 0.340625 0.70390625 0.103125 0.090625
6 0.43046875 0.84609375 0.23359375 0.19296875
6 0.840625 0.88046875 0.2359375 0.234375
6 0.378125 0.07578125 0.20546875 0.1515625
6 0.5640625 0.14453125 0.24453125 0.25078125
6 0.1390625 0.396875 0.23359375 0.23671875
6 0.40703125 0.25859375 0.246875 0.2421875
6 0.05078125 0.55390625 0.10078125 0.20625