6 0.98046875 0.31015625 0.0390625 0.26171875
6 0.034375 0.31640625 0.06875 0.2359375
6 0.9234375 0.97890625 0.146875 0.0421875
2 0.5015625 0.50546875 0.353125 0.371875
6 0.05 0.5359375 0.1 0.23984375
6 0.9109375 0.03984375 0.171875 0.0796875
6 0.92890625 0.57421875 0.1359375 0.26171875
6 0.9 0.79609375 0.19453125 0.22578125
6 0.128125 0.06640625 0.24453125 0.13203125
6 0.76875 0.93203125 0.228125 0.1359375
6 0.71796875 0.70546875 0.2859375 0.209375
6 0.221875 0.67890625 0.26640625 0.234375
6 0.3265625 0.903125 0.246875 0.19375
6 0.078125 0.90234375 0.15546875 0.1953125
6 0.88046875 0.19296875 0.221875 0.23671875
6 0.540625 0.88125 0.225 0.23671875
6 0.7734375 0.47421875 0.24140625 0.25859375
6 0.59140625 0.2109375 0.23359375 0.26171875
6 0.20546875 0.4796875 0.25546875 0.21484375
6 0.159375 0.278125 0.24140625 0.24765625