6 0.35546875 0.0109375 0.23515625 0.021875
6 0.33046875 0.9890625 0.22421875 0.021875
6 0.9234375 0.9109375 0.153125 0.1734375
6 0.0234375 0.3546875 0.04609375 0.2171875
6 0.24453125 0.378125 0.2375 0.21953125
6 0.89765625 0.95625 0.19921875 0.08671875
6 0.084375 0.94609375 0.16875 0.1046875
6 0.02578125 0.7765625 0.0515625 0.2359375
6 0.121875 0.9046875 0.2375 0.190625
6 0.034375 0.08671875 0.06796875 0.1734375
5 0.834375 0.30078125 0.0953125 0.0921875
2 0.50546875 0.41484375 0.30625 0.3140625
5 0.5203125 0.784375 0.0734375 0.06796875
6 0.596875 0.040625 0.24296875 0.08125
6 0.17890625 0.06796875 0.2265625 0.13515625
6 0.1765625 0.27890625 0.22109375 0.2171875
6 0.0734375 0.56171875 0.146875 0.2578125
6 0.90546875 0.13984375 0.1828125 0.25234375
6 0.72265625 0.9078125 0.22109375 0.184375
6 0.37578125 0.13515625 0.25390625 0.23828125
6 0.4671875 0.896875 0.240625 0.20625
6 0.8921875 0.43359375 0.21015625 0.23828125
6 0.67890625 0.6015625 0.2484375 0.26015625
6 0.2828125 0.77109375 0.24296875 0.2625
6 0.8875 0.6703125 0.225 0.2625
6 0.69921875 0.171875 0.24609375 0.25234375