6 0.096875 0.9796875 0.19375 0.0375
2 0.5015625 0.50390625 0.36953125 0.3578125
6 0.50859375 0.94921875 0.228125 0.1015625
6 0.040625 0.871875 0.08046875 0.22890625
6 0.2875 0.95703125 0.20859375 0.08515625
6 0.93203125 0.06640625 0.13046875 0.13203125
6 0.90546875 0.24765625 0.18359375 0.2203125
6 0.93046875 0.7203125 0.13359375 0.21796875
6 0.72890625 0.91328125 0.20859375 0.1734375
6 0.24296875 0.4984375 0.2140625 0.253125
6 0.425 0.0921875 0.221875 0.184375
6 0.85546875 0.453125 0.221875 0.1953125
6 0.91796875 0.9171875 0.15859375 0.165625
6 0.19453125 0.08984375 0.228125 0.17890625
6 0.68671875 0.0796875 0.2359375 0.159375
6 0.553125 0.2296875 0.1890625 0.20625
6 0.27890625 0.278125 0.253125 0.19296875
6 0.075 0.41328125 0.15 0.22578125
6 0.690625 0.70234375 0.24140625 0.2203125
6 0.209375 0.8109375 0.225 0.20625