6 0.9609375 0.55546875 0.071875 0.2671875
6 0.03046875 0.43359375 0.0609375 0.22890625
6 0.47890625 0.0140625 0.24140625 0.02734375
6 0.6734375 0.0484375 0.203125 0.09609375
6 0.971875 0.88828125 0.05546875 0.2234375
2 0.5 0.503125 0.378125 0.39375
6 0.059375 0.31015625 0.11875 0.2203125
6 0.74296875 0.11015625 0.2359375 0.2203125
6 0.9359375 0.11328125 0.121875 0.22578125
6 0.8625 0.9375 0.246875 0.125
6 0.30546875 0.9390625 0.25546875 0.12109375
6 0.09609375 0.915625 0.19140625 0.16796875
6 0.790625 0.5359375 0.2140625 0.22890625
6 0.275 0.28359375 0.228125 0.23125
6 0.0640625 0.6375 0.128125 0.23984375
6 0.521875 0.19296875 0.25546875 0.23671875
6 0.1328125 0.1015625 0.234375 0.203125
6 0.69609375 0.7296875 0.24140625 0.209375
6 0.22890625 0.61015625 0.23046875 0.23984375