2 0.509375 0.53203125 0.396875 0.4625
6 0.05703125 0.04921875 0.1140625 0.0984375
6 0.0390625 0.465625 0.078125 0.28125
6 0.303125 0.05390625 0.228125 0.1078125
6 0.7 0.025 0.26640625 0.04921875
5 0.9640625 0.16953125 0.071875 0.1015625
6 0.9234375 0.05234375 0.153125 0.1046875
6 0.16796875 0.9078125 0.2359375 0.17890625
6 0.24140625 0.37734375 0.25546875 0.22578125
6 0.11953125 0.79375 0.2109375 0.1875
6 0.15703125 0.23828125 0.30859375 0.25625
6 0.428125 0.165625 0.2109375 0.209375
6 0.64140625 0.1375 0.23359375 0.1984375
6 0.909375 0.42734375 0.175 0.28125
6 0.24453125 0.62109375 0.30546875 0.25625