6 0.37890625 0.0109375 0.225 0.021875
6 0.046875 0.94375 0.09375 0.109375
2 0.5 0.49609375 0.35 0.346875
6 0.0734375 0.0359375 0.146875 0.071875
6 0.94453125 0.59609375 0.1109375 0.26171875
6 0.3265625 0.28671875 0.2640625 0.27578125
6 0.8515625 0.24765625 0.26953125 0.24765625
6 0.79140625 0.06171875 0.2390625 0.1234375
6 0.065625 0.5671875 0.13046875 0.20390625
6 0.775 0.48515625 0.2390625 0.2703125
6 0.384375 0.83984375 0.246875 0.21484375
6 0.1140625 0.29765625 0.228125 0.25859375
6 0.8375 0.90078125 0.246875 0.1984375
6 0.19296875 0.7125 0.246875 0.2453125
6 0.6 0.2125 0.25546875 0.23125
6 0.615625 0.76484375 0.246875 0.25078125