6 0.24140625 0.17109375 0.25 0.2703125
6 0.034375 0.884375 0.06875 0.23125
6 0.02890625 0.51953125 0.0578125 0.2921875
2 0.5 0.503125 0.321875 0.35
6 0.1640625 0.0953125 0.23359375 0.18984375
6 0.1859375 0.93125 0.2890625 0.1375
6 0.88359375 0.246875 0.21640625 0.27265625
6 0.76953125 0.859375 0.2390625 0.23125
6 0.521875 0.90078125 0.28359375 0.1984375
6 0.89609375 0.67890625 0.203125 0.27265625
6 0.73359375 0.1015625 0.2421875 0.203125
6 0.2390625 0.428125 0.2609375 0.27265625
6 0.3609375 0.7671875 0.25 0.25078125
6 0.75546875 0.5328125 0.25 0.2890625
6 0.45390625 0.21875 0.246875 0.25078125