6 0.01953125 0.2703125 0.0390625 0.2421875
6 0.9625 0.23828125 0.06953125 0.26171875
6 0.046875 0.046875 0.09375 0.09375
6 0.971875 0.72890625 0.05546875 0.23984375
2 0.4984375 0.5203125 0.403125 0.490625
6 0.68046875 0.06875 0.2609375 0.1375
6 0.296875 0.65546875 0.24453125 0.2421875
6 0.41796875 0.91328125 0.2859375 0.1734375
6 0.678125 0.73828125 0.24453125 0.23671875
6 0.8640625 0.85234375 0.221875 0.2453125
6 0.8109375 0.2890625 0.29453125 0.25859375
6 0.2125 0.24140625 0.2359375 0.26171875
6 0.1390625 0.825 0.278125 0.2890625
6 0.75390625 0.51640625 0.24140625 0.234375