5 0.62109375 0.01953125 0.09140625 0.03828125
6 0.0359375 0.046875 0.071875 0.09375
2 0.49609375 0.54609375 0.325 0.3171875
6 0.68203125 0.3046875 0.3359375 0.25078125
6 0.2765625 0.3125 0.23046875 0.234375
6 0.71640625 0.0921875 0.228125 0.184375
6 0.06953125 0.46953125 0.1390625 0.27265625
1 0.87734375 0.89765625 0.2453125 0.2046875
6 0.86484375 0.11953125 0.2296875 0.2390625
6 0.175 0.09765625 0.2890625 0.1953125
6 0.34296875 0.73515625 0.26953125 0.20390625
6 0.60390625 0.93125 0.2640625 0.1375
6 0.4015625 0.10859375 0.225 0.2171875
6 0.56796875 0.7921875 0.253125 0.20078125
6 0.19140625 0.5953125 0.228125 0.22578125
6 0.1234375 0.8734375 0.246875 0.23125