6 0.034375 0.3640625 0.06875 0.228125
6 0.9625 0.1171875 0.075 0.234375
2 0.49609375 0.5375 0.34140625 0.36328125
6 0.95 0.38828125 0.09453125 0.25859375
6 0.678125 0.85234375 0.24453125 0.2890625
6 0.93359375 0.93671875 0.128125 0.1265625
6 0.8125 0.85234375 0.2140625 0.2453125
6 0.846875 0.0578125 0.25 0.115625
6 0.2359375 0.5953125 0.2390625 0.253125
6 0.140625 0.23984375 0.24140625 0.2421875
6 0.38359375 0.8390625 0.271875 0.234375
6 0.13359375 0.87890625 0.24453125 0.23671875
6 0.453125 0.1078125 0.2390625 0.21484375
6 0.7859375 0.6171875 0.271875 0.22578125
6 0.79140625 0.32109375 0.25 0.25078125