6 0.08203125 0.07578125 0.1640625 0.14609375
6 0.046875 0.28828125 0.09375 0.2484375
6 0.9375 0.07578125 0.11953125 0.1515625
6 0.084375 0.01328125 0.16875 0.0265625
6 0.175 0.10625 0.25546875 0.1953125
6 0.94296875 0.8953125 0.10859375 0.209375
6 0.70390625 0.37890625 0.246875 0.25078125
2 0.49609375 0.5015625 0.31953125 0.29765625
6 0.29609375 0.9765625 0.23046875 0.046875
6 0.9109375 0.44921875 0.171875 0.24765625
6 0.4390625 0.15 0.221875 0.2671875
6 0.253125 0.23984375 0.20546875 0.21484375
6 0.2125 0.45078125 0.2359375 0.2234375
6 0.88359375 0.70546875 0.221875 0.24765625
6 0.66953125 0.1296875 0.24453125 0.2421875
6 0.771875 0.8609375 0.228125 0.22890625
6 0.92890625 0.15390625 0.1421875 0.1828125