6 0.98203125 0.88125 0.0359375 0.2203125
6 0.984375 0.54375 0.03046875 0.2125
6 0.86953125 0.0203125 0.2609375 0.040625
2 0.5015625 0.503125 0.353125 0.33359375
6 0.68515625 0.95 0.2453125 0.1
6 0.45 0.23984375 0.2109375 0.23125
6 0.31796875 0.15390625 0.2640625 0.2421875
6 0.12109375 0.6484375 0.24140625 0.23984375
6 0.528125 0.0671875 0.275 0.134375
6 0.09453125 0.47265625 0.1890625 0.25078125
6 0.07890625 0.90859375 0.1578125 0.1828125
6 0.46796875 0.8015625 0.25859375 0.25859375
6 0.84453125 0.59765625 0.2609375 0.24765625
6 0.70390625 0.80703125 0.246875 0.23125
6 0.25546875 0.790625 0.23359375 0.23125
6 0.74609375 0.21640625 0.28046875 0.2453125