6 0.03046875 0.70078125 0.0609375 0.21796875
6 0.63515625 0.01484375 0.1953125 0.0296875
5 0.9765625 0.0125 0.046875 0.025
2 0.509375 0.49453125 0.40859375 0.3609375
6 0.971875 0.38125 0.05546875 0.2453125
6 0.05 0.21796875 0.1 0.253125
6 0.946875 0.90234375 0.1 0.1953125
6 0.43203125 0.03828125 0.2359375 0.0765625
6 0.859375 0.05078125 0.2140625 0.1015625
6 0.90859375 0.64609375 0.178125 0.2234375
6 0.62890625 0.928125 0.28046875 0.14296875
6 0.4359375 0.7578125 0.23359375 0.2421875
6 0.840625 0.4421875 0.25859375 0.2125
6 0.175 0.11015625 0.23359375 0.2203125
6 0.08046875 0.890625 0.1609375 0.21875
6 0.27890625 0.8953125 0.253125 0.209375
6 0.096875 0.5265625 0.19375 0.20625
6 0.228125 0.665625 0.228125 0.2125
6 0.803125 0.82890625 0.2390625 0.2203125
6 0.715625 0.62265625 0.246875 0.23125
6 0.2625 0.36796875 0.23046875 0.234375
6 0.8640625 0.21640625 0.25 0.22890625