6 0.815625 0.1171875 0.21953125 0.21796875
6 0.0765625 0.9734375 0.153125 0.053125
6 0.328125 0.28125 0.2109375 0.20390625
6 0.0390625 0.91953125 0.078125 0.1609375
6 0.50703125 0.98203125 0.25859375 0.0359375
6 0.9609375 0.15859375 0.071875 0.23984375
2 0.5 0.49609375 0.321875 0.30859375
6 0.275 0.94765625 0.25546875 0.1046875
6 0.2265625 0.03203125 0.25859375 0.06328125
6 0.29453125 0.87890625 0.23359375 0.21484375
6 0.946875 0.3921875 0.10546875 0.25625
6 0.08203125 0.73125 0.1640625 0.21796875
6 0.47109375 0.07734375 0.21953125 0.15390625
6 0.0859375 0.6015625 0.171875 0.23984375
6 0.9265625 0.82265625 0.14140625 0.2234375
6 0.2640625 0.35703125 0.2 0.21796875
6 0.7390625 0.92265625 0.23359375 0.15390625
6 0.46953125 0.778125 0.2 0.26171875
6 0.571875 0.24765625 0.25 0.21484375
6 0.77890625 0.48203125 0.25859375 0.23671875
6 0.8140625 0.2125 0.228125 0.21484375
6 0.690625 0.72578125 0.225 0.234375
6 0.08359375 0.36484375 0.16640625 0.234375