6 0.96640625 0.12265625 0.06640625 0.21796875
6 0.409375 0.9875 0.23046875 0.025
6 0.259375 0.45625 0.246875 0.2671875
6 0.27890625 0.9859375 0.26953125 0.02734375
6 0.853125 0.9140625 0.25 0.171875
6 0.8359375 0.50390625 0.24453125 0.253125
6 0.01640625 0.284375 0.0328125 0.21875
6 0.39609375 0.7453125 0.225 0.2234375
2 0.50390625 0.496875 0.2859375 0.3109375
6 0.77890625 0.41015625 0.1859375 0.2203125
5 0.98046875 0.57734375 0.0390625 0.08515625
6 0.0515625 0.9375 0.103125 0.125
6 0.09140625 0.67109375 0.1828125 0.2140625
6 0.75390625 0.94765625 0.2640625 0.1046875
5 0.615625 0.6640625 0.09140625 0.07734375
5 0.09140625 0.36328125 0.10546875 0.09375
6 0.47109375 0.8265625 0.23046875 0.253125
6 0.190625 0.49296875 0.23046875 0.2203125
6 0.1125 0.1015625 0.225 0.203125
6 0.8484375 0.071875 0.25859375 0.14296875
6 0.590625 0.0578125 0.25859375 0.115625
6 0.27109375 0.11328125 0.2140625 0.22578125
6 0.8 0.6296875 0.25546875 0.234375
6 0.10546875 0.7921875 0.2109375 0.22890625
6 0.66796875 0.23515625 0.24140625 0.234375