6 0.9734375 0.65703125 0.053125 0.234375
2 0.49453125 0.50390625 0.34453125 0.36953125
6 0.0234375 0.40625 0.046875 0.234375
6 0.19453125 0.0484375 0.25 0.09609375
6 0.65390625 0.20078125 0.2640625 0.24765625
6 0.828125 0.95703125 0.24453125 0.08515625
6 0.90859375 0.546875 0.178125 0.2453125
6 0.546875 0.93359375 0.23359375 0.13203125
6 0.740625 0.54375 0.1859375 0.26171875
6 0.1640625 0.89921875 0.2609375 0.20078125
6 0.1125 0.55078125 0.225 0.23671875
6 0.846875 0.33203125 0.23359375 0.234375
6 0.34140625 0.21328125 0.221875 0.22890625
6 0.8125 0.78203125 0.2359375 0.22578125
6 0.1015625 0.22578125 0.203125 0.23671875
6 0.3 0.72421875 0.23359375 0.23125