6 0.85703125 0.50390625 0.21953125 0.25859375
6 0.0640625 0.9765625 0.128125 0.046875
6 0.0453125 0.078125 0.090625 0.15625
5 0.203125 0.14765625 0.05546875 0.06328125
6 0.0265625 0.64609375 0.053125 0.26171875
6 0.46640625 0.89921875 0.21640625 0.1953125
6 0.95234375 0.02421875 0.0953125 0.0484375
6 0.275 0.95859375 0.228125 0.0828125
6 0.41796875 0.94609375 0.2640625 0.1078125
2 0.503125 0.503125 0.3390625 0.3109375
6 0.06640625 0.334375 0.1328125 0.25625
6 0.8390625 0.7203125 0.25 0.21796875
6 0.1734375 0.61328125 0.253125 0.2453125
6 0.6359375 0.828125 0.24453125 0.26171875
6 0.58046875 0.1640625 0.25 0.2234375
6 0.709375 0.33359375 0.24140625 0.2203125
6 0.2421875 0.575 0.23125 0.22890625
5 0.315625 0.61875 0.07578125 0.06484375