6 0.01796875 0.5328125 0.0359375 0.28359375
6 0.975 0.078125 0.05 0.15625
6 0.115625 0.978125 0.23046875 0.04375
2 0.5 0.50546875 0.35 0.34453125
6 0.72265625 0.0328125 0.2640625 0.065625
6 0.05703125 0.83203125 0.1140625 0.28125
6 0.72890625 0.94296875 0.2640625 0.1140625
6 0.2078125 0.07265625 0.24375 0.1453125
6 0.0890625 0.2578125 0.178125 0.27265625
6 0.9234375 0.62265625 0.146875 0.25859375
6 0.33203125 0.665625 0.275 0.2125
6 0.90234375 0.26640625 0.1953125 0.2703125
6 0.2 0.83984375 0.228125 0.2703125
6 0.73359375 0.578125 0.25546875 0.24765625
6 0.4375 0.90625 0.253125 0.1875
6 0.13359375 0.51640625 0.2609375 0.278125
6 0.6375 0.79921875 0.24140625 0.22578125
6 0.41328125 0.1140625 0.2609375 0.228125
6 0.559375 0.26484375 0.275 0.20390625