6 0.95390625 0.79453125 0.09140625 0.25078125
6 0.75078125 0.9734375 0.2359375 0.053125
2 0.50390625 0.5359375 0.346875 0.35
6 0.05390625 0.4921875 0.1078125 0.265625
6 0.61640625 0.03984375 0.26640625 0.0796875
6 0.2703125 0.078125 0.259375 0.15625
6 0.471875 0.15390625 0.2390625 0.24765625
6 0.8625 0.35 0.26953125 0.28125
6 0.8015625 0.78359375 0.2140625 0.234375
6 0.709375 0.1828125 0.24140625 0.2234375
6 0.24609375 0.56328125 0.24140625 0.2671875
6 0.60859375 0.86484375 0.2609375 0.22578125
6 0.2109375 0.8234375 0.271875 0.253125