6 0.9375 0.0125 0.125 0.025
4 0.4609375 0.06875 0.35234375 0.1375
6 0.08203125 0.021875 0.1640625 0.04375
6 0.27890625 0.76328125 0.253125 0.20390625
6 0.36953125 0.98359375 0.228125 0.0328125
6 0.653125 0.9734375 0.221875 0.053125
6 0.05703125 0.66796875 0.1140625 0.28359375
6 0.7265625 0.06640625 0.2140625 0.13203125
2 0.50390625 0.496875 0.36953125 0.38828125
6 0.91953125 0.9640625 0.15546875 0.071875
6 0.946875 0.3234375 0.10546875 0.2125
6 0.715625 0.153125 0.225 0.1953125
6 0.296875 0.65546875 0.2390625 0.1984375
6 0.1828125 0.078125 0.228125 0.15625
6 0.1375 0.91875 0.23046875 0.1625
6 0.90703125 0.59375 0.18046875 0.22890625
6 0.7890625 0.39140625 0.21640625 0.2203125
6 0.903125 0.13671875 0.1890625 0.22890625
6 0.08203125 0.2203125 0.1640625 0.209375
6 0.20703125 0.38984375 0.253125 0.21796875
6 0.51796875 0.80859375 0.24140625 0.2125
6 0.7109375 0.6765625 0.23359375 0.234375