2 0.50234375 0.4890625 0.43046875 0.3828125
6 0.01796875 0.86796875 0.0359375 0.20390625
6 0.3484375 0.01640625 0.2359375 0.0328125
6 0.0828125 0.971875 0.165625 0.05625
6 0.70546875 0.36796875 0.23359375 0.25625
6 0.66640625 0.05390625 0.23359375 0.1078125
6 0.0734375 0.2421875 0.146875 0.23125
6 0.246875 0.60859375 0.2390625 0.24765625
6 0.06796875 0.64765625 0.1359375 0.2203125
6 0.9390625 0.54296875 0.11640625 0.209375
6 0.603125 0.8921875 0.2109375 0.209375
6 0.90703125 0.090625 0.1859375 0.18125
6 0.378125 0.83203125 0.2609375 0.25859375
6 0.128125 0.42421875 0.228125 0.23125
6 0.484375 0.17109375 0.203125 0.209375
6 0.30703125 0.2703125 0.25859375 0.23125
6 0.85703125 0.31796875 0.24140625 0.22890625
6 0.75859375 0.66015625 0.25546875 0.23984375