6 0.0984375 0.05234375 0.19140625 0.09921875
2 0.50546875 0.5015625 0.29453125 0.28125
6 0.03046875 0.92421875 0.0609375 0.1515625
5 0.6875 0.41484375 0.1359375 0.11875
6 0.25 0.15703125 0.2890625 0.23671875
6 0.59453125 0.978125 0.24453125 0.04375
6 0.61015625 0.02734375 0.2390625 0.0546875
6 0.28203125 0.60078125 0.253125 0.26484375
6 0.890625 0.6984375 0.2140625 0.22890625
6 0.2765625 0.915625 0.225 0.16796875
6 0.87421875 0.9140625 0.2328125 0.171875
6 0.5640625 0.26171875 0.23359375 0.22578125
6 0.7609375 0.11640625 0.2234375 0.22265625
6 0.04140625 0.2015625 0.08203125 0.2125