6 0.7875 0.51796875 0.20859375 0.1984375
6 0.01796875 0.765625 0.0359375 0.23671875
6 0.0609375 0.89921875 0.121875 0.20078125
6 0.9015625 0.69453125 0.19140625 0.2421875
6 0.41953125 0.9875 0.2390625 0.025
6 0.025 0.1046875 0.05 0.20390625
2 0.49609375 0.5109375 0.303125 0.278125
6 0.14140625 0.93125 0.24453125 0.1375
6 0.609375 0.33046875 0.21953125 0.209375
6 0.41796875 0.74375 0.1859375 0.19296875
6 0.340625 0.75234375 0.23046875 0.20390625
6 0.259375 0.92265625 0.203125 0.15390625
6 0.1125 0.6078125 0.2140625 0.2125
5 0.1390625 0.253125 0.0609375 0.0609375
5 0.928125 0.08515625 0.071875 0.06640625
6 0.703125 0.55625 0.2 0.2203125
6 0.25859375 0.2671875 0.221875 0.28671875
5 0.06796875 0.2921875 0.08046875 0.07734375
6 0.5109375 0.77265625 0.2 0.2125
5 0.153125 0.478125 0.078125 0.0796875
6 0.8625 0.75859375 0.253125 0.184375
6 0.94375 0.90859375 0.10625 0.1828125
6 0.521875 0.09375 0.1890625 0.1875
6 0.796875 0.29453125 0.2 0.24765625
6 0.9234375 0.209375 0.153125 0.22578125
5 0.50390625 0.390625 0.06796875 0.06484375