6 0.09140625 0.5046875 0.1828125 0.30625
6 0.84140625 0.9765625 0.25546875 0.046875
6 0.109375 0.38828125 0.20859375 0.209375
2 0.5015625 0.52578125 0.34140625 0.375
6 0.95234375 0.88828125 0.0953125 0.2234375
6 0.60703125 0.96953125 0.246875 0.0609375
6 0.91484375 0.04375 0.1703125 0.0875
6 0.07109375 0.08828125 0.14140625 0.1765625
6 0.275 0.525 0.2 0.22890625
6 0.778125 0.24765625 0.26640625 0.23671875
6 0.584375 0.1296875 0.225 0.2203125
6 0.10859375 0.91015625 0.21640625 0.17890625
6 0.8125 0.4765625 0.25859375 0.23671875
6 0.5125 0.83046875 0.275 0.26171875