2 0.50546875 0.5 0.41953125 0.421875
6 0.0234375 0.28203125 0.046875 0.234375
6 0.96796875 0.384375 0.0640625 0.25625
6 0.0828125 0.971875 0.165625 0.05625
6 0.87890625 0.94609375 0.2359375 0.1078125
6 0.24296875 0.05625 0.2359375 0.1125
6 0.0734375 0.0921875 0.146875 0.184375
6 0.26796875 0.675 0.246875 0.2703125
6 0.08046875 0.74375 0.1609375 0.21484375
6 0.7125 0.75078125 0.25859375 0.2890625
6 0.89296875 0.5953125 0.20859375 0.24765625
6 0.559375 0.8828125 0.253125 0.234375
6 0.73203125 0.253125 0.2640625 0.2421875
6 0.25390625 0.3234375 0.28046875 0.2671875
6 0.296875 0.86640625 0.25546875 0.22890625