6 0.27421875 0.86484375 0.27578125 0.2171875
6 0.4734375 0.08515625 0.2 0.1703125
6 0.609375 0.67109375 0.2296875 0.2140625
6 0.14765625 0.390625 0.21875 0.22734375
6 0.58359375 0.73046875 0.1828125 0.10546875
6 0.96328125 0.01796875 0.0734375 0.03515625
6 0.30078125 0.68046875 0.1859375 0.20625
6 0.85625 0.0921875 0.23203125 0.17890625
6 0.91015625 0.284375 0.16953125 0.21171875
6 0.03828125 0.05859375 0.0765625 0.11640625
6 0.07890625 0.9765625 0.1578125 0.046875
6 0.0734375 0.40546875 0.146875 0.2484375
6 0.815625 0.29375 0.21015625 0.21953125
6 0.0734375 0.190625 0.146875 0.209375
6 0.62421875 0.03125 0.19375 0.0625
6 0.878125 0.609375 0.22109375 0.22734375
5 0.7375 0.2015625 0.0875 0.07890625
2 0.50546875 0.4890625 0.3171875 0.31171875
6 0.94375 0.68046875 0.11171875 0.22734375
6 0.79140625 0.06875 0.2078125 0.1375
6 0.39375 0.671875 0.240625 0.23828125
6 0.39921875 0.0734375 0.21328125 0.14609375
6 0.2703125 0.92265625 0.2296875 0.1546875
6 0.18046875 0.18046875 0.240625 0.20859375
6 0.915625 0.8078125 0.1640625 0.20078125
6 0.0765625 0.784375 0.153125 0.20859375
6 0.73671875 0.684375 0.18828125 0.2140625
6 0.128125 0.653125 0.2078125 0.2171875
6 0.9015625 0.47578125 0.19140625 0.20859375
6 0.29765625 0.21171875 0.2171875 0.2171875