6 0.03359375 0.70078125 0.06640625 0.278125
2 0.50703125 0.50390625 0.33046875 0.3140625
6 0.059375 0.05234375 0.11875 0.1046875
0 0.50546875 0.503125 0.33359375 0.3109375
6 0.0234375 0.30859375 0.046875 0.23125
6 0.83203125 0.98203125 0.225 0.0359375
6 0.190625 0.05234375 0.24140625 0.1046875
6 0.15546875 0.94921875 0.24453125 0.1015625
6 0.92734375 0.09453125 0.1453125 0.1890625
6 0.2359375 0.59375 0.2609375 0.234375
6 0.75546875 0.9046875 0.278125 0.18984375
6 0.15703125 0.71640625 0.253125 0.2203125
6 0.9234375 0.8375 0.146875 0.2203125
6 0.51640625 0.8484375 0.21640625 0.23125
6 0.7375 0.72578125 0.225 0.20078125
6 0.38359375 0.2875 0.23359375 0.234375
6 0.1625 0.3578125 0.253125 0.24765625
6 0.6015625 0.21328125 0.26953125 0.23984375