6 0.20703125 0.65546875 0.2140625 0.2421875
6 0.9125 0.06171875 0.175 0.1234375
6 0.35390625 0.16953125 0.246875 0.25625
6 0.90390625 0.98359375 0.1859375 0.0328125
6 0.025 0.18984375 0.05 0.2421875
6 0.87109375 0.50703125 0.2359375 0.21484375
6 0.26875 0.984375 0.234375 0.03125
6 0.88359375 0.03046875 0.228125 0.0609375
6 0.9 0.9421875 0.1890625 0.115625
6 0.49609375 0.025 0.24140625 0.04921875
2 0.49453125 0.49140625 0.3609375 0.32265625
6 0.16953125 0.0234375 0.2609375 0.046875
5 0.98203125 0.4328125 0.0359375 0.0828125
6 0.8984375 0.60078125 0.196875 0.20390625
6 0.12109375 0.4515625 0.24140625 0.23125
6 0.465625 0.90859375 0.3 0.1828125
6 0.25859375 0.71640625 0.221875 0.21484375
6 0.4390625 0.15 0.21640625 0.21796875
6 0.65390625 0.2875 0.275 0.23984375
6 0.11796875 0.9296875 0.2359375 0.140625
6 0.0734375 0.77421875 0.146875 0.23671875
6 0.921875 0.221875 0.15546875 0.2125
6 0.50546875 0.73515625 0.24453125 0.1984375
6 0.71640625 0.653125 0.2109375 0.1984375
6 0.740625 0.87890625 0.246875 0.2421875