2 0.49453125 0.6046875 0.39375 0.44609375
6 0.05703125 0.965625 0.1140625 0.06875
6 0.596875 0.9640625 0.28359375 0.071875
6 0.8859375 0.4625 0.221875 0.23125
6 0.6015625 0.8609375 0.2640625 0.20078125
6 0.753125 0.55078125 0.20546875 0.23125
6 0.9484375 0.20390625 0.103125 0.23671875
5 0.96484375 0.3796875 0.0703125 0.0875
5 0.61796875 0.30703125 0.09140625 0.09609375
6 0.3625 0.94609375 0.2140625 0.1078125
6 0.5859375 0.209375 0.1890625 0.209375
6 0.93203125 0.05546875 0.13046875 0.11015625
6 0.215625 0.859375 0.2140625 0.21484375
6 0.41640625 0.08828125 0.24453125 0.1765625
6 0.1234375 0.546875 0.246875 0.2671875
6 0.42890625 0.7109375 0.2359375 0.22578125
6 0.79609375 0.15390625 0.23046875 0.21484375
6 0.0890625 0.86796875 0.178125 0.21484375
6 0.90703125 0.66640625 0.18046875 0.22578125
6 0.0671875 0.4140625 0.13359375 0.21640625