6 0.9828125 0.53515625 0.034375 0.1953125
6 0.975 0.3125 0.05 0.20625
6 0.9625 0.95703125 0.06953125 0.08515625
2 0.49609375 0.49453125 0.325 0.38828125
6 0.06640625 0.04765625 0.1328125 0.0953125
6 0.053125 0.50703125 0.10546875 0.22578125
6 0.159375 0.9171875 0.21953125 0.165625
6 0.2140625 0.78671875 0.21640625 0.2234375
6 0.89453125 0.13671875 0.2 0.1953125
6 0.66953125 0.7234375 0.228125 0.26171875
6 0.43359375 0.82890625 0.25 0.253125
6 0.07890625 0.265625 0.1578125 0.2125
6 0.3375 0.2875 0.225 0.2234375
6 0.734375 0.36328125 0.21953125 0.22578125
6 0.8609375 0.61953125 0.228125 0.2203125
6 0.2140625 0.12265625 0.21640625 0.2125
6 0.5640625 0.1828125 0.2390625 0.21796875