6 0.846875 0.9875 0.21640625 0.025
6 0.54609375 0.09375 0.225 0.1875
6 0.8453125 0.02734375 0.259375 0.0546875
6 0.9734375 0.825 0.053125 0.22890625
6 0.72890625 0.60078125 0.20859375 0.23671875
2 0.496875 0.50390625 0.3 0.28671875
6 0.88046875 0.08984375 0.2109375 0.1734375
6 0.04453125 0.74375 0.0890625 0.2203125
6 0.85859375 0.940625 0.24453125 0.11875
6 0.05390625 0.13203125 0.1078125 0.1984375
6 0.6375 0.1015625 0.225 0.203125
6 0.48359375 0.26875 0.29453125 0.20625
6 0.071875 0.34375 0.14375 0.23125
6 0.17109375 0.85703125 0.23046875 0.2421875
6 0.44296875 0.85234375 0.21953125 0.2453125
6 0.2234375 0.23671875 0.23046875 0.23125
6 0.653125 0.8375 0.25 0.23125
6 0.2140625 0.50703125 0.25 0.253125
6 0.84140625 0.29375 0.23359375 0.22890625