2 0.490625 0.50546875 0.325 0.42734375
6 0.03359375 0.5484375 0.06640625 0.26484375
6 0.05390625 0.08359375 0.1078125 0.1671875
5 0.73203125 0.85234375 0.0859375 0.0796875
6 0.37890625 0.05078125 0.23046875 0.1015625
6 0.253125 0.603125 0.26640625 0.2921875
6 0.60703125 0.06484375 0.24140625 0.1296875
6 0.90546875 0.14453125 0.18359375 0.25078125
6 0.165625 0.14609375 0.246875 0.23125
6 0.67890625 0.64609375 0.2359375 0.2890625
6 0.10703125 0.7453125 0.2140625 0.28359375
6 0.84140625 0.440625 0.278125 0.23671875
6 0.5359375 0.86484375 0.2609375 0.25859375
6 0.440625 0.19296875 0.303125 0.20390625