2 0.50390625 0.503125 0.35859375 0.37734375
6 0.9828125 0.5546875 0.034375 0.21875
5 0.484375 0.6640625 0.075 0.0609375
6 0.0359375 0.8578125 0.071875 0.22890625
6 0.90390625 0.4421875 0.1859375 0.25078125
6 0.2984375 0.97109375 0.23046875 0.0578125
6 0.05 0.26328125 0.1 0.26171875
6 0.88203125 0.03203125 0.2359375 0.06328125
6 0.70546875 0.9390625 0.2890625 0.12109375
6 0.45859375 0.765625 0.2390625 0.24765625
6 0.396875 0.07421875 0.2609375 0.1484375
6 0.240625 0.65 0.25859375 0.2203125
6 0.20703125 0.84140625 0.275 0.20625
6 0.121875 0.09765625 0.24375 0.1953125
6 0.74296875 0.38828125 0.24140625 0.2203125
6 0.12109375 0.4765625 0.24140625 0.23671875
6 0.79609375 0.78203125 0.2359375 0.23125
6 0.38046875 0.25859375 0.25 0.2203125
6 0.740625 0.16015625 0.25859375 0.23671875