6 0.9765625 0.8234375 0.046875 0.2421875
6 0.6421875 0.984375 0.26875 0.03125
6 0.796875 0.315625 0.221875 0.22890625
6 0.871875 0.0109375 0.221875 0.021875
6 0.01484375 0.9265625 0.0296875 0.146875
6 0.346875 0.253125 0.2609375 0.24765625
6 0.703125 0.975 0.26640625 0.04921875
6 0.684375 0.2796875 0.23046875 0.28359375
6 0.03046875 0.28515625 0.0609375 0.22890625
6 0.921875 0.98046875 0.15 0.03828125
2 0.49609375 0.50390625 0.346875 0.3359375
6 0.9 0.93125 0.19453125 0.1375
6 0.94296875 0.24921875 0.1140625 0.23984375
6 0.88359375 0.1265625 0.221875 0.1765625
6 0.51328125 0.03828125 0.2609375 0.0765625
6 0.48046875 0.1875 0.2 0.23671875
6 0.284375 0.13046875 0.23046875 0.234375
6 0.75 0.55625 0.21640625 0.2421875
6 0.81953125 0.75078125 0.228125 0.20078125
6 0.11953125 0.08515625 0.2390625 0.1703125
6 0.403125 0.85703125 0.228125 0.23125
6 0.8984375 0.47265625 0.196875 0.25078125
6 0.5359375 0.884375 0.221875 0.2203125
6 0.0734375 0.7125 0.146875 0.234375
6 0.1765625 0.871875 0.2359375 0.234375
6 0.25390625 0.65546875 0.23046875 0.22578125
6 0.1140625 0.478125 0.228125 0.25625