6 0.009375 0.33515625 0.01875 0.2046875
6 0.1609375 0.9890625 0.2109375 0.021875
6 0.70390625 0.278125 0.225 0.22578125
6 0.02890625 0.08828125 0.0578125 0.1765625
6 0.95546875 0.453125 0.08359375 0.25078125
6 0.2625 0.0921875 0.23046875 0.184375
5 0.7515625 0.0328125 0.103125 0.065625
6 0.46953125 0.978125 0.228125 0.04375
2 0.49296875 0.5015625 0.3859375 0.3578125
6 0.0859375 0.56484375 0.171875 0.2421875
6 0.2625 0.29609375 0.225 0.22890625
6 0.153125 0.59921875 0.2 0.1953125
6 0.74296875 0.9515625 0.246875 0.09609375
6 0.409375 0.09375 0.203125 0.1875
6 0.90390625 0.07421875 0.1859375 0.1484375
6 0.578125 0.11953125 0.240625 0.2390625
6 0.784375 0.53828125 0.23046875 0.234375
6 0.921875 0.87578125 0.15 0.2203125
6 0.140625 0.32265625 0.225 0.23671875
6 0.3 0.721875 0.23359375 0.2421875
6 0.890625 0.66015625 0.20859375 0.21796875
6 0.53203125 0.765625 0.225 0.209375
6 0.85546875 0.27109375 0.25546875 0.25078125
6 0.1109375 0.81796875 0.221875 0.23671875