6 0.9515625 0.05078125 0.09140625 0.1015625
6 0.9703125 0.3265625 0.059375 0.234375
5 0.86953125 0.475 0.13359375 0.12421875
2 0.503125 0.52890625 0.328125 0.34140625
6 0.2421875 0.04921875 0.225 0.0984375
6 0.734375 0.96796875 0.23046875 0.06328125
6 0.95 0.5578125 0.09453125 0.234375
6 0.7390625 0.04140625 0.228125 0.0828125
6 0.06953125 0.06328125 0.1390625 0.1265625
6 0.3015625 0.6421875 0.21953125 0.23125
6 0.0625 0.84140625 0.125 0.22890625
6 0.9015625 0.8921875 0.19140625 0.21484375
6 0.83046875 0.2578125 0.228125 0.25625
6 0.3390625 0.36328125 0.228125 0.24765625
6 0.57890625 0.2578125 0.253125 0.22890625
6 0.146875 0.2328125 0.24453125 0.2234375
6 0.0984375 0.58125 0.196875 0.2203125
6 0.603125 0.765625 0.2109375 0.21484375
6 0.30546875 0.8734375 0.26640625 0.2421875
6 0.80546875 0.6625 0.23359375 0.2234375