6 0.5609375 0.80703125 0.2 0.23671875
6 0.7375 0.49453125 0.20859375 0.18984375
6 0.959375 0.07421875 0.075 0.1484375
6 0.9015625 0.978125 0.19140625 0.04375
6 0.05625 0.6046875 0.1125 0.159375
6 0.6984375 0.96015625 0.19140625 0.0796875
2 0.49609375 0.49453125 0.35859375 0.3390625
5 0.69609375 0.82265625 0.1359375 0.11875
6 0.0375 0.78203125 0.075 0.22578125
6 0.7484375 0.6484375 0.246875 0.23984375
6 0.10546875 0.0359375 0.2109375 0.071875
6 0.4875 0.92265625 0.20859375 0.15390625
6 0.74921875 0.05625 0.2328125 0.1125
6 0.29453125 0.071875 0.228125 0.14296875
6 0.10390625 0.1703125 0.2078125 0.215625
6 0.51640625 0.0796875 0.2390625 0.159375
6 0.18203125 0.26875 0.24140625 0.1953125
6 0.903125 0.83984375 0.1890625 0.253125
6 0.18203125 0.50390625 0.19140625 0.2703125
6 0.14140625 0.88984375 0.20546875 0.2203125
6 0.88046875 0.21875 0.23359375 0.26171875
6 0.30390625 0.65390625 0.2140625 0.21796875
6 0.909375 0.48046875 0.16953125 0.26171875
5 0.05234375 0.46875 0.1046875 0.1515625