6 0.3 0.9890625 0.2390625 0.021875
6 0.5125 0.9890625 0.225 0.021875
6 0.85390625 0.9890625 0.21953125 0.021875
6 0.03046875 0.5125 0.0609375 0.24765625
2 0.5015625 0.50390625 0.3859375 0.396875
6 0.959375 0.67734375 0.08046875 0.253125
6 0.23046875 0.81015625 0.2609375 0.25859375
6 0.653125 0.08828125 0.20546875 0.1765625
6 0.296875 0.06328125 0.2609375 0.1265625
6 0.0625 0.7328125 0.125 0.24765625
6 0.61796875 0.8109375 0.25859375 0.234375
6 0.68046875 0.915625 0.228125 0.16796875
6 0.8359375 0.4671875 0.25546875 0.28359375
6 0.34609375 0.7078125 0.24140625 0.23125
6 0.075 0.1875 0.15 0.23125
6 0.89140625 0.88125 0.2109375 0.209375
6 0.3890625 0.20234375 0.24453125 0.21796875
6 0.13203125 0.4078125 0.25859375 0.253125
6 0.859375 0.1296875 0.2640625 0.25859375