6 0.03046875 0.5109375 0.0609375 0.23984375
6 0.76796875 0.859375 0.24140625 0.23125
6 0.925 0.0109375 0.14453125 0.021875
6 0.03359375 0.721875 0.06640625 0.21484375
6 0.325 0.9859375 0.20546875 0.02734375
6 0.04296875 0.0328125 0.0859375 0.065625
6 0.2734375 0.571875 0.203125 0.2453125
2 0.5 0.49453125 0.35 0.29453125
5 0.1234375 0.50859375 0.1359375 0.1296875
5 0.340625 0.94375 0.0859375 0.07421875
6 0.09921875 0.890625 0.1953125 0.21875
6 0.296875 0.0453125 0.221875 0.090625
5 0.4 0.88671875 0.078125 0.07734375
6 0.209375 0.88984375 0.203125 0.21484375
6 0.55546875 0.0609375 0.221875 0.12109375
6 0.18203125 0.66796875 0.23046875 0.20078125
6 0.5328125 0.9265625 0.24375 0.146875
6 0.809375 0.08671875 0.23046875 0.1734375
6 0.14453125 0.128125 0.21640625 0.20625
6 0.78359375 0.4546875 0.2 0.2421875
6 0.340625 0.2421875 0.2359375 0.209375
6 0.89609375 0.87578125 0.203125 0.20390625
6 0.66953125 0.67734375 0.23359375 0.22578125
6 0.90546875 0.28125 0.18359375 0.2203125
6 0.09296875 0.32109375 0.1859375 0.2234375
6 0.63046875 0.2578125 0.2390625 0.22890625