6 0.9703125 0.6703125 0.059375 0.21875
6 0.65703125 0.01953125 0.2859375 0.03828125
6 0.33828125 0.0203125 0.2609375 0.040625
6 0.0390625 0.8625 0.078125 0.23671875
6 0.04296875 0.496875 0.0859375 0.2125
6 0.39140625 0.74140625 0.24453125 0.26484375
6 0.60859375 0.94453125 0.3390625 0.11015625
6 0.140625 0.91875 0.26953125 0.1625
6 0.60703125 0.7421875 0.253125 0.23984375
6 0.0984375 0.1015625 0.196875 0.203125
6 0.8859375 0.940625 0.221875 0.11875
6 0.29609375 0.14765625 0.2140625 0.21796875
2 0.490625 0.496875 0.446875 0.421875
6 0.9265625 0.46796875 0.14140625 0.1984375
6 0.1390625 0.35390625 0.271875 0.20625
6 0.7859375 0.57265625 0.21640625 0.253125
6 0.14140625 0.6765625 0.26640625 0.2125
6 0.70703125 0.13671875 0.246875 0.23984375
6 0.89453125 0.23671875 0.20546875 0.26484375