6 0.9484375 0.79765625 0.096875 0.21796875
6 0.984375 0.09921875 0.03046875 0.1984375
6 0.38046875 0.0125 0.26640625 0.025
5 0.378125 0.95859375 0.14453125 0.0828125
2 0.49609375 0.50390625 0.3859375 0.39140625
5 0.759375 0.1609375 0.103125 0.090625
6 0.071875 0.0828125 0.14375 0.165625
6 0.75703125 0.4890625 0.23046875 0.278125
6 0.32109375 0.6984375 0.21953125 0.1953125
6 0.8 0.06328125 0.24453125 0.1265625
6 0.88046875 0.64296875 0.228125 0.25078125
6 0.60546875 0.22421875 0.278125 0.234375
6 0.5109375 0.871875 0.2609375 0.25625
6 0.884375 0.23125 0.225 0.24765625
6 0.1234375 0.3984375 0.246875 0.25625
6 0.15703125 0.62109375 0.26953125 0.234375
6 0.703125 0.77421875 0.25546875 0.25859375
6 0.14453125 0.86796875 0.28359375 0.25859375