6 0.3875 0.0109375 0.26953125 0.021875
6 0.27109375 0.3484375 0.1859375 0.30546875
6 0.0125 0.2328125 0.025 0.2125
6 0.2015625 0.396875 0.196875 0.20390625
6 0.290625 0.28203125 0.1640625 0.16796875
2 0.5 0.503125 0.35 0.3390625
6 0.92890625 0.04140625 0.1359375 0.0828125
6 0.10703125 0.9390625 0.2140625 0.12109375
6 0.65703125 0.8609375 0.2859375 0.21796875
6 0.39140625 0.8953125 0.25546875 0.209375
6 0.25390625 0.084375 0.29140625 0.16796875
6 0.8765625 0.71796875 0.21953125 0.20078125
6 0.225 0.6859375 0.271875 0.253125
6 0.8625 0.49296875 0.26953125 0.2421875
6 0.7125 0.290625 0.25859375 0.23984375