6 0.95546875 0.59375 0.0890625 0.20625
6 0.040625 0.06328125 0.08046875 0.1265625
6 0.96796875 0.86640625 0.0640625 0.1734375
5 0.9890625 0.34609375 0.021875 0.075
6 0.7390625 0.0125 0.25 0.025
6 0.9609375 0.66796875 0.078125 0.2125
6 0.04296875 0.6515625 0.0859375 0.25078125
3 0.5109375 0.4984375 0.371875 0.6609375
6 0.07109375 0.3125 0.1359375 0.20078125
6 0.25 0.25078125 0.178125 0.1984375
6 0.08203125 0.22734375 0.1640625 0.20078125
6 0.68359375 0.94609375 0.24453125 0.1078125
6 0.05390625 0.86875 0.1078125 0.190625
6 0.690625 0.125 0.21953125 0.20078125
6 0.50390625 0.071875 0.23046875 0.14296875
6 0.26640625 0.07421875 0.23359375 0.1484375
6 0.89453125 0.17734375 0.2 0.21796875
6 0.24140625 0.87734375 0.25 0.2125
6 0.196875 0.4640625 0.228125 0.234375