6 0.95859375 0.15 0.078125 0.23984375
6 0.0265625 0.04140625 0.053125 0.0828125
6 0.1625 0.01640625 0.23046875 0.0328125
3 0.503125 0.5 0.43359375 0.4328125
6 0.0734375 0.52578125 0.146875 0.1875
5 0.06640625 0.3828125 0.121875 0.1046875
6 0.46953125 0.96640625 0.2109375 0.0671875
6 0.8921875 0.0328125 0.203125 0.065625
6 0.1015625 0.95859375 0.203125 0.0828125
6 0.68046875 0.9421875 0.221875 0.115625
6 0.340625 0.084375 0.246875 0.16796875
6 0.2265625 0.40390625 0.196875 0.2453125
6 0.83359375 0.578125 0.2109375 0.21484375
6 0.728125 0.2765625 0.228125 0.25078125
6 0.0984375 0.6171875 0.196875 0.19296875
6 0.4265625 0.8015625 0.246875 0.209375
6 0.51796875 0.184375 0.21953125 0.22578125
6 0.10546875 0.81953125 0.2109375 0.20078125
6 0.71796875 0.76484375 0.23046875 0.22890625