6 0.96953125 0.94453125 0.0609375 0.11015625
3 0.5015625 0.521875 0.4859375 0.44921875
6 0.03359375 0.26171875 0.06640625 0.253125
6 0.9703125 0.07109375 0.059375 0.1421875
6 0.05703125 0.50390625 0.1140625 0.25859375
6 0.615625 0.815625 0.23046875 0.209375
6 0.9125 0.83046875 0.16953125 0.17890625
6 0.66796875 0.91328125 0.24140625 0.1734375
6 0.0984375 0.08828125 0.196875 0.1765625
6 0.39140625 0.84609375 0.271875 0.26484375
6 0.078125 0.75078125 0.15546875 0.2453125
6 0.8125 0.08828125 0.275 0.1765625
6 0.58203125 0.16796875 0.253125 0.22578125
6 0.16640625 0.2890625 0.271875 0.24765625
6 0.90703125 0.23828125 0.18046875 0.26171875
6 0.78359375 0.66640625 0.25546875 0.21484375
6 0.89453125 0.47109375 0.20546875 0.23671875