3 0.4984375 0.49296875 0.4359375 0.47421875
6 0.02890625 0.27734375 0.0578125 0.2484375
6 0.82890625 0.97109375 0.25859375 0.0578125
6 0.05703125 0.91015625 0.1140625 0.17890625
6 0.12109375 0.05078125 0.23046875 0.1015625
6 0.090625 0.7109375 0.175 0.2203125
6 0.30390625 0.22578125 0.21953125 0.209375
6 0.47890625 0.0578125 0.253125 0.115625
6 0.159375 0.2453125 0.225 0.23671875
6 0.834375 0.0796875 0.253125 0.159375
6 0.915625 0.2234375 0.1640625 0.23125
6 0.6515625 0.7890625 0.246875 0.22890625
6 0.871875 0.828125 0.24453125 0.25625
6 0.18046875 0.53828125 0.2390625 0.2234375
6 0.4875 0.8375 0.225 0.2421875
6 0.8265625 0.55546875 0.2359375 0.25625
6 0.628125 0.16640625 0.26640625 0.1953125
6 0.7609375 0.3390625 0.221875 0.209375
6 0.2765625 0.76875 0.2359375 0.23671875