6 0.98046875 0.790625 0.0390625 0.20390625
3 0.503125 0.496875 0.5 0.5375
6 0.0234375 0.828125 0.046875 0.2234375
6 0.034375 0.07734375 0.06875 0.1484375
6 0.94296875 0.02734375 0.1140625 0.0546875
6 0.746875 0.90859375 0.271875 0.1828125
6 0.9234375 0.94765625 0.146875 0.1046875
6 0.490625 0.94296875 0.225 0.1140625
6 0.06640625 0.60078125 0.1328125 0.2234375
6 0.159375 0.7578125 0.23046875 0.25859375
6 0.31171875 0.08515625 0.2640625 0.1703125
6 0.88046875 0.1515625 0.23359375 0.24765625
6 0.8265625 0.75625 0.253125 0.2453125
6 0.56328125 0.1015625 0.2453125 0.203125
6 0.29140625 0.8921875 0.2609375 0.21484375
6 0.840625 0.509375 0.225 0.23671875
6 0.19609375 0.32265625 0.2640625 0.2203125
6 0.37890625 0.7390625 0.25234375 0.23671875