6 0.015625 0.91875 0.03046875 0.1625
6 0.971875 0.3484375 0.05546875 0.2234375
6 0.040625 0.665625 0.08046875 0.2125
6 0.1 0.9859375 0.2 0.02734375
3 0.49296875 0.50859375 0.58046875 0.54296875
6 0.05703125 0.103125 0.1140625 0.20625
6 0.053125 0.35703125 0.10546875 0.25625
6 0.940625 0.6078125 0.1140625 0.2125
6 0.16640625 0.1296875 0.26640625 0.2421875
6 0.590625 0.07421875 0.23046875 0.1484375
6 0.696875 0.93515625 0.25 0.1296875
6 0.2265625 0.33359375 0.23046875 0.209375
6 0.859375 0.43515625 0.2359375 0.22578125
6 0.578125 0.8140625 0.25546875 0.20078125
6 0.3734375 0.88984375 0.21953125 0.209375
6 0.18359375 0.89375 0.18359375 0.2125
6 0.1359375 0.546875 0.26640625 0.25625
6 0.85546875 0.08125 0.23359375 0.1625
6 0.790625 0.2453125 0.2359375 0.21484375
6 0.4125 0.16015625 0.225 0.21484375