6 0.03359375 0.94609375 0.06640625 0.1078125
6 0.9734375 0.0953125 0.053125 0.18984375
6 0.9359375 0.40390625 0.128125 0.2125
3 0.5015625 0.49609375 0.48046875 0.4515625
6 0.05546875 0.034375 0.1109375 0.06875
6 0.38671875 0.971875 0.2578125 0.05625
6 0.9359375 0.88671875 0.128125 0.2203125
6 0.1 0.1515625 0.2 0.209375
6 0.06953125 0.64296875 0.1390625 0.25078125
6 0.18125 0.92109375 0.23125 0.1578125
6 0.35859375 0.08515625 0.2359375 0.1703125
6 0.09609375 0.371875 0.19140625 0.23671875
6 0.24140625 0.30703125 0.228125 0.234375
6 0.79296875 0.72421875 0.225 0.21484375
6 0.59296875 0.8171875 0.2359375 0.234375
6 0.76796875 0.1296875 0.23046875 0.2203125
6 0.8375 0.35390625 0.246875 0.234375
6 0.32109375 0.76484375 0.26953125 0.25078125
6 0.55859375 0.16953125 0.2390625 0.23984375