6 0.52109375 0.94296875 0.3140625 0.1140625
5 0.609375 0.9546875 0.13046875 0.090625
6 0.025 0.2671875 0.05 0.209375
3 0.35 0.46171875 0.33359375 0.42734375
6 0.021875 0.809375 0.04375 0.19375
6 0.390625 0.88984375 0.103125 0.20390625
6 0.959375 0.96796875 0.08046875 0.06328125
6 0.24296875 0.834375 0.18046875 0.19296875
6 0.96953125 0.71875 0.0609375 0.23671875
6 0.246875 0.9640625 0.20546875 0.071875
6 0.21796875 0.12421875 0.203125 0.24765625
6 0.5125 0.6859375 0.28046875 0.2703125
6 0.08203125 0.05234375 0.1640625 0.1046875
6 0.1484375 0.6859375 0.2640625 0.26484375
6 0.0890625 0.48203125 0.178125 0.253125
6 0.21796875 0.2421875 0.1859375 0.1984375
6 0.078125 0.26484375 0.15546875 0.21484375
6 0.09453125 0.9140625 0.1890625 0.171875
6 0.83046875 0.1046875 0.20546875 0.1984375
6 0.896875 0.27109375 0.2 0.20625