3 0.521875 0.459375 0.51875 0.5125
6 0.23515625 0.03125 0.21875 0.0625
6 0.04765625 0.94140625 0.0953125 0.11640625
5 0.72109375 0.1921875 0.0875 0.08671875
6 0.47265625 0.9296875 0.21328125 0.140625
6 0.93125 0.78515625 0.1375 0.2390625
6 0.628125 0.053125 0.21328125 0.10546875
6 0.946875 0.334375 0.10078125 0.18671875
6 0.08203125 0.17109375 0.1640625 0.1625
6 0.93828125 0.53671875 0.1171875 0.23828125
6 0.23515625 0.571875 0.196875 0.21171875
6 0.0890625 0.4109375 0.17734375 0.2359375
6 0.91640625 0.12734375 0.15546875 0.2328125
6 0.10078125 0.71875 0.2015625 0.203125
6 0.78671875 0.59609375 0.240625 0.24921875