3 0.50859375 0.503125 0.50546875 0.60859375
6 0.55390625 0.07578125 0.21953125 0.1515625
6 0.2390625 0.69140625 0.23359375 0.23125
6 0.97734375 0.5015625 0.0453125 0.209375
6 0.6375 0.9890625 0.18046875 0.021875
6 0.93203125 0.93671875 0.1359375 0.1265625
6 0.034375 0.259375 0.06875 0.25
6 0.840625 0.93671875 0.20859375 0.1265625
6 0.65859375 0.0328125 0.2359375 0.065625
6 0.571875 0.93515625 0.24453125 0.1296875
6 0.34296875 0.09921875 0.23046875 0.1984375
6 0.11640625 0.76484375 0.228125 0.2453125
6 0.896875 0.64609375 0.19453125 0.25078125
6 0.16953125 0.33984375 0.2390625 0.26171875
6 0.1140625 0.08828125 0.228125 0.1765625
6 0.8875 0.21796875 0.21953125 0.2203125
6 0.390625 0.86640625 0.23046875 0.20625
6 0.7734375 0.76171875 0.2140625 0.2234375
6 0.80546875 0.41328125 0.2390625 0.22578125
6 0.04765625 0.6921875 0.09453125 0.26640625