6 0.98203125 0.559375 0.0359375 0.209375
6 0.01953125 0.0953125 0.0390625 0.18984375
6 0.9484375 0.05078125 0.103125 0.1015625
6 0.2 0.5578125 0.21640625 0.27265625
3 0.490625 0.47109375 0.4359375 0.74375
6 0.74140625 0.0140625 0.25 0.02734375
6 0.03203125 0.9296875 0.0640625 0.140625
6 0.575 0.978125 0.25546875 0.04375
6 0.86640625 0.7578125 0.2390625 0.21484375
6 0.871875 0.10625 0.21640625 0.2125
6 0.9234375 0.96796875 0.146875 0.06328125
6 0.14921875 0.1015625 0.2609375 0.203125
6 0.89453125 0.20234375 0.2109375 0.22890625
6 0.87109375 0.4390625 0.253125 0.25078125
6 0.10390625 0.540625 0.2078125 0.25625
6 0.4890625 0.88046875 0.26640625 0.234375
6 0.23359375 0.90625 0.25 0.1875
6 0.3828125 0.090625 0.25625 0.18125
6 0.78046875 0.5609375 0.228125 0.20625
6 0.7640625 0.9140625 0.25 0.171875
6 0.09296875 0.2234375 0.1859375 0.2203125
6 0.246875 0.33359375 0.2390625 0.23125
6 0.696875 0.25859375 0.24453125 0.28125