6 0.971875 0.04296875 0.05546875 0.08515625
3 0.4984375 0.496875 0.44140625 0.44375
6 0.828125 0.53046875 0.24453125 0.2125
5 0.04609375 0.90625 0.09140625 0.09375
6 0.6984375 0.034375 0.24140625 0.06875
6 0.415625 0.19453125 0.21953125 0.2125
6 0.2875 0.05234375 0.196875 0.1046875
6 0.94296875 0.9078125 0.1140625 0.184375
6 0.10390625 0.0765625 0.2078125 0.153125
6 0.06796875 0.26875 0.1359375 0.25078125
6 0.92890625 0.36953125 0.1359375 0.24765625
6 0.221875 0.6515625 0.20546875 0.21796875
6 0.8984375 0.63515625 0.196875 0.21796875
6 0.246875 0.93671875 0.23359375 0.1265625
6 0.3 0.25625 0.2109375 0.1984375
6 0.5765625 0.896875 0.253125 0.20625
6 0.36953125 0.8109375 0.25 0.22890625
6 0.871875 0.103125 0.24453125 0.20625
6 0.0890625 0.73125 0.178125 0.2234375
6 0.1375 0.43828125 0.253125 0.2421875
6 0.759375 0.28515625 0.246875 0.2234375
6 0.71953125 0.71328125 0.221875 0.22578125