3 0.5171875 0.4984375 0.35703125 0.37421875
6 0.9625 0.5328125 0.06953125 0.25625
6 0.646875 0.9765625 0.25 0.046875
6 0.9140625 0.03046875 0.16640625 0.0609375
5 0.4609375 0.71796875 0.071875 0.0796875
6 0.471875 0.03203125 0.25546875 0.06328125
6 0.06796875 0.06328125 0.1359375 0.1265625
6 0.94453125 0.91328125 0.10546875 0.1734375
6 0.70546875 0.2296875 0.33359375 0.1953125
6 0.7859375 0.43828125 0.25 0.28671875
6 0.0859375 0.73515625 0.171875 0.2421875
6 0.08359375 0.503125 0.16640625 0.26171875
6 0.2859375 0.696875 0.26640625 0.2421875
6 0.08046875 0.26015625 0.1609375 0.2671875
6 0.48359375 0.8625 0.23359375 0.209375
6 0.7 0.81796875 0.20546875 0.2203125
6 0.50546875 0.18046875 0.25546875 0.22890625