5 0.03046875 0.54140625 0.0609375 0.20625
5 0.19140625 0.44375 0.06640625 0.07734375
6 0.021875 0.07109375 0.04375 0.1421875
3 0.53046875 0.0703125 0.3609375 0.140625
6 0.0265625 0.74921875 0.053125 0.22578125
6 0.1109375 0.98203125 0.21640625 0.0359375
6 0.0875 0.4078125 0.175 0.28125
5 0.403125 0.28359375 0.08359375 0.06640625
3 0.503125 0.496875 0.43359375 0.43828125
6 0.20703125 0.37890625 0.21953125 0.25078125
6 0.653125 0.975 0.24453125 0.04921875
5 0.2875 0.23984375 0.09140625 0.08828125
6 0.81953125 0.5203125 0.20546875 0.21484375
6 0.81953125 0.03828125 0.2390625 0.0765625
6 0.41953125 0.95546875 0.2390625 0.0890625
6 0.61796875 0.753125 0.24140625 0.2234375
6 0.85859375 0.8953125 0.228125 0.209375
6 0.88203125 0.653125 0.23046875 0.23671875
6 0.171875 0.675 0.25 0.2421875
6 0.67890625 0.184375 0.2859375 0.2421875
6 0.38203125 0.80859375 0.225 0.20078125