6 0.04453125 0.96640625 0.0890625 0.0671875
6 0.95546875 0.02890625 0.0890625 0.0578125
6 0.95 0.47109375 0.09453125 0.209375
3 0.503125 0.49609375 0.50546875 0.50703125
6 0.94140625 0.6875 0.11640625 0.328125
6 0.046875 0.64140625 0.09375 0.2140625
6 0.81953125 0.0359375 0.19453125 0.071875
6 0.52890625 0.97109375 0.23046875 0.0578125
6 0.303125 0.94609375 0.228125 0.1078125
6 0.7609375 0.93671875 0.20546875 0.1265625
6 0.05546875 0.38046875 0.1109375 0.26484375
6 0.778125 0.34609375 0.21640625 0.234375
6 0.503125 0.07734375 0.2390625 0.15390625
6 0.1640625 0.4859375 0.228125 0.2453125
6 0.471875 0.825 0.271875 0.2234375
6 0.13046875 0.82890625 0.2609375 0.25859375
6 0.859375 0.16015625 0.2359375 0.1984375
6 0.71640625 0.76171875 0.23359375 0.2234375