6 0.04296875 0.46953125 0.0859375 0.22890625
6 0.9734375 0.38671875 0.053125 0.20078125
6 0.29296875 0.98359375 0.225 0.0328125
3 0.51640625 0.48515625 0.6109375 0.57265625
6 0.246875 0.1421875 0.228125 0.22890625
6 0.4265625 0.03046875 0.225 0.0609375
6 0.04296875 0.88125 0.0859375 0.23671875
5 0.790625 0.03984375 0.0859375 0.0796875
6 0.10703125 0.43125 0.203125 0.21796875
6 0.24609375 0.25859375 0.24140625 0.209375
6 0.9265625 0.93359375 0.146875 0.13203125
6 0.09296875 0.63515625 0.1859375 0.2125
6 0.721875 0.23125 0.21640625 0.2421875
6 0.0734375 0.2453125 0.146875 0.24765625
6 0.546875 0.83046875 0.21640625 0.21796875
6 0.89296875 0.14453125 0.20859375 0.2453125
6 0.7265625 0.9078125 0.2359375 0.184375
6 0.921875 0.7421875 0.15546875 0.22890625
6 0.346875 0.78515625 0.21640625 0.2203125
6 0.18046875 0.88828125 0.221875 0.2234375
6 0.87109375 0.46796875 0.203125 0.24765625
6 0.75859375 0.71796875 0.2 0.1953125