6 0.65859375 0.9078125 0.23359375 0.184375
6 0.9703125 0.92578125 0.059375 0.1484375
6 0.9828125 0.61875 0.034375 0.23125
6 0.01796875 0.61953125 0.0359375 0.2421875
3 0.49609375 0.49609375 0.4859375 0.51796875
6 0.7609375 0.953125 0.23359375 0.09375
6 0.23359375 0.0203125 0.2140625 0.040625
6 0.9515625 0.3609375 0.09140625 0.2421875
5 0.90703125 0.90625 0.125 0.11015625
6 0.490625 0.82109375 0.28046875 0.18203125
6 0.121875 0.8171875 0.2109375 0.184375
6 0.13203125 0.91875 0.21953125 0.1625
6 0.2734375 0.72734375 0.23046875 0.20390625
6 0.803125 0.11875 0.2109375 0.2203125
6 0.35546875 0.9046875 0.228125 0.18984375
6 0.9109375 0.1421875 0.171875 0.21796875
6 0.521875 0.125 0.228125 0.22890625
6 0.78203125 0.334375 0.20859375 0.22890625
6 0.8609375 0.54140625 0.25 0.22890625
6 0.278125 0.2234375 0.21640625 0.23125
6 0.09140625 0.12578125 0.1828125 0.2359375
6 0.14296875 0.55625 0.24140625 0.2203125
6 0.8140625 0.76015625 0.2609375 0.23125
6 0.10859375 0.34609375 0.21640625 0.22890625