6 0.02890625 0.2484375 0.0578125 0.21875
6 0.18046875 0.65390625 0.2390625 0.22890625
6 0.8734375 0.9859375 0.2140625 0.02734375
3 0.5109375 0.50859375 0.5390625 0.54296875
6 0.91953125 0.05078125 0.1609375 0.1015625
6 0.94296875 0.7421875 0.10859375 0.22890625
6 0.32109375 0.92578125 0.246875 0.1484375
6 0.09140625 0.89765625 0.1828125 0.2046875
6 0.328125 0.7578125 0.25 0.18203125
6 0.89140625 0.3953125 0.2109375 0.20625
6 0.853125 0.5921875 0.2109375 0.209375
6 0.86953125 0.1984375 0.25 0.1984375
6 0.50546875 0.1609375 0.23359375 0.184375
6 0.15 0.4421875 0.2390625 0.22890625