6 0.96640625 0.69140625 0.0609375 0.20390625
6 0.9765625 0.4890625 0.046875 0.2234375
6 0.871875 0.98046875 0.21640625 0.03828125
6 0.0375 0.5015625 0.075 0.23671875
3 0.503125 0.50546875 0.4390625 0.46015625
6 0.246875 0.85 0.21640625 0.2125
6 0.215625 0.034375 0.23046875 0.06875
6 0.0859375 0.74140625 0.171875 0.23671875
6 0.9109375 0.915625 0.178125 0.16796875
6 0.909375 0.25859375 0.18046875 0.253125
6 0.6515625 0.87890625 0.296875 0.22578125
6 0.3140625 0.2125 0.29453125 0.28125
6 0.071875 0.93203125 0.14375 0.1359375
6 0.240625 0.6484375 0.2140625 0.21796875
6 0.0875 0.29453125 0.175 0.2203125
6 0.4015625 0.9046875 0.23046875 0.18984375
6 0.86796875 0.084375 0.2359375 0.16796875
6 0.840625 0.45625 0.225 0.1953125
6 0.7375 0.6609375 0.2359375 0.22578125
6 0.703125 0.2109375 0.221875 0.2125