6 0.1015625 0.0109375 0.203125 0.021875
6 0.90703125 0.68671875 0.1859375 0.2421875
6 0.05 0.7078125 0.1 0.2703125
3 0.4984375 0.50703125 0.4859375 0.46796875
6 0.22890625 0.3625 0.2140625 0.27265625
6 0.95546875 0.21484375 0.0890625 0.23125
5 0.76953125 0.3265625 0.09453125 0.090625
6 0.07109375 0.2125 0.14140625 0.23671875
6 0.08203125 0.94296875 0.1640625 0.1140625
6 0.0765625 0.36484375 0.153125 0.278125
6 0.73203125 0.95859375 0.2359375 0.0828125
6 0.9109375 0.9421875 0.171875 0.115625
6 0.896875 0.0703125 0.2 0.140625
6 0.1609375 0.55078125 0.24453125 0.25859375
6 0.878125 0.78671875 0.23359375 0.234375
6 0.390625 0.90859375 0.284375 0.1828125
6 0.384375 0.11171875 0.2640625 0.2234375