6 0.971875 0.47421875 0.05546875 0.23671875
6 0.91640625 0.01640625 0.16640625 0.0328125
3 0.50390625 0.503125 0.453125 0.46015625
6 0.259375 0.03046875 0.24140625 0.0609375
6 0.85703125 0.77578125 0.23046875 0.2234375
6 0.3 0.79921875 0.28359375 0.27578125
6 0.725 0.76015625 0.2390625 0.21484375
6 0.1078125 0.9375 0.215625 0.125
6 0.075 0.2765625 0.15 0.2234375
6 0.12890625 0.62265625 0.23046875 0.2421875
6 0.30546875 0.20625 0.221875 0.23671875
6 0.51953125 0.1609375 0.25 0.2453125
6 0.815625 0.39375 0.25859375 0.20390625
6 0.51640625 0.8828125 0.24453125 0.22890625