6 0.02109375 0.96796875 0.04140625 0.06328125
6 0.97734375 0.70703125 0.0453125 0.2140625
6 0.0109375 0.1609375 0.021875 0.184375
6 0.9859375 0.38828125 0.028125 0.209375
6 0.02109375 0.57265625 0.04140625 0.20390625
6 0.01953125 0.38046875 0.0390625 0.1984375
6 0.93984375 0.01484375 0.1203125 0.0296875
6 0.096875 0.0109375 0.19375 0.021875
3 0.503125 0.4984375 0.471875 0.49609375
6 0.72578125 0.0203125 0.2578125 0.040625
6 0.9109375 0.95546875 0.171875 0.0890625
6 0.44609375 0.046875 0.225 0.09375
6 0.2234375 0.92578125 0.23046875 0.1484375
6 0.45703125 0.93671875 0.246875 0.1265625
6 0.584375 0.79921875 0.23046875 0.2203125
6 0.6609375 0.9078125 0.21640625 0.184375
6 0.82890625 0.7890625 0.23046875 0.2453125
6 0.8765625 0.171875 0.23046875 0.20625
6 0.45390625 0.18046875 0.2140625 0.1953125
6 0.203125 0.50859375 0.2 0.18984375
6 0.1390625 0.115625 0.21640625 0.1984375
6 0.8359375 0.56171875 0.2390625 0.21484375
6 0.259375 0.2796875 0.203125 0.20625
6 0.08359375 0.825 0.16640625 0.23984375
6 0.80546875 0.359375 0.23359375 0.1953125
6 0.30390625 0.76484375 0.253125 0.22890625