6 0.96953125 0.5234375 0.0609375 0.17109375
6 0.97890625 0.7421875 0.04140625 0.21796875
6 0.23203125 0.06484375 0.2640625 0.1296875
6 0.8390625 0.41484375 0.29453125 0.09609375
6 0.05703125 0.971875 0.1140625 0.05625
3 0.503125 0.51796875 0.421875 0.4296875
6 0.2 0.64296875 0.24453125 0.1953125
6 0.4625 0.05234375 0.23046875 0.1046875
6 0.8015625 0.55625 0.225 0.20390625
6 0.81953125 0.8703125 0.2109375 0.1984375
6 0.721875 0.9296875 0.2390625 0.140625
6 0.2125 0.53046875 0.20859375 0.1953125
6 0.75546875 0.671875 0.21640625 0.19296875
6 0.159375 0.8515625 0.275 0.23125