5 0.02890625 0.240625 0.0578125 0.178125
6 0.03359375 0.709375 0.06640625 0.20078125
6 0.0234375 0.2125 0.046875 0.2421875
6 0.98046875 0.3953125 0.0390625 0.20625
3 0.5 0.5046875 0.48359375 0.5375
6 0.40703125 0.0109375 0.21953125 0.021875
6 0.9734375 0.9140625 0.053125 0.171875
5 0.078125 0.278125 0.0609375 0.0609375
6 0.04296875 0.42265625 0.0859375 0.2453125
5 0.97734375 0.615625 0.0453125 0.090625
5 0.075 0.17109375 0.078125 0.07734375
6 0.4734375 0.9765625 0.24140625 0.046875
6 0.70703125 0.68203125 0.20859375 0.234375
6 0.92890625 0.10625 0.1359375 0.2125
6 0.778125 0.1421875 0.221875 0.25625
6 0.1359375 0.92265625 0.228125 0.15390625
6 0.871875 0.30546875 0.2109375 0.1875
6 0.9 0.71796875 0.19453125 0.23984375
6 0.19296875 0.35390625 0.225 0.25078125
6 0.825 0.503125 0.23359375 0.2453125
6 0.225 0.0828125 0.228125 0.165625
6 0.23359375 0.79765625 0.228125 0.22890625
6 0.53359375 0.86328125 0.20546875 0.21796875
6 0.60390625 0.17109375 0.203125 0.20390625