6 0.021875 0.93828125 0.04375 0.1203125
6 0.09453125 0.28671875 0.1890625 0.24765625
6 0.2125 0.7203125 0.25859375 0.27265625
6 0.378125 0.02578125 0.23125 0.0515625
6 0.90703125 0.85234375 0.1859375 0.29453125
6 0.103125 0.39140625 0.2 0.22578125
3 0.5 0.49609375 0.4 0.4078125
6 0.3125 0.7203125 0.253125 0.278125
6 0.671875 0.86796875 0.30546875 0.2421875
6 0.1140625 0.87890625 0.228125 0.2421875
6 0.890625 0.08125 0.2140625 0.1625
6 0.7140625 0.13203125 0.25546875 0.2421875
6 0.51640625 0.821875 0.19453125 0.26640625