6 0.0859375 0.98203125 0.171875 0.0359375
3 0.50546875 0.50859375 0.528125 0.58671875
6 0.9234375 0.04296875 0.146875 0.08515625
6 0.88203125 0.89921875 0.23046875 0.20078125
6 0.42890625 0.09375 0.21953125 0.1875
6 0.2515625 0.8125 0.24140625 0.24765625
6 0.090625 0.73125 0.18046875 0.25078125
6 0.8390625 0.33203125 0.23359375 0.22890625
6 0.63359375 0.2 0.2390625 0.20078125
6 0.13203125 0.46796875 0.2640625 0.253125
6 0.190625 0.221875 0.24140625 0.21796875
6 0.5109375 0.871875 0.2890625 0.234375