6 0.45859375 0.9890625 0.23359375 0.021875
3 0.49609375 0.49609375 0.4359375 0.70546875
6 0.95 0.01953125 0.1 0.03828125
6 0.01953125 0.265625 0.0390625 0.2234375
6 0.6734375 0.84609375 0.2359375 0.23125
6 0.04296875 0.92421875 0.0859375 0.1515625
6 0.95 0.6609375 0.09453125 0.25859375
6 0.20390625 0.9546875 0.24140625 0.090625
5 0.578125 0.128125 0.078125 0.0796875
6 0.084375 0.06171875 0.16875 0.1234375
6 0.69140625 0.09765625 0.228125 0.1953125
6 0.9390625 0.31796875 0.11640625 0.25078125
6 0.07109375 0.4984375 0.14140625 0.253125
6 0.21953125 0.42421875 0.221875 0.253125
6 0.13359375 0.74375 0.221875 0.23671875
6 0.7859375 0.22890625 0.24453125 0.21484375
6 0.4125 0.090625 0.253125 0.18125
6 0.771875 0.46171875 0.23359375 0.25625
6 0.3359375 0.86640625 0.228125 0.23984375
6 0.809375 0.765625 0.2359375 0.253125
6 0.1890625 0.184375 0.26640625 0.24765625