6 0.01953125 0.94296875 0.0390625 0.1140625
6 0.07890625 0.9875 0.1578125 0.025
6 0.9515625 0.31953125 0.096875 0.253125
6 0.27109375 0.834375 0.25859375 0.21484375
6 0.73046875 0.89375 0.28359375 0.20625
6 0.68203125 0.0140625 0.24140625 0.02734375
6 0.078125 0.0234375 0.15546875 0.046875
3 0.50859375 0.490625 0.6109375 0.5453125
6 0.06640625 0.26875 0.1328125 0.371875
6 0.9140625 0.9390625 0.171875 0.12109375
5 0.196875 0.38046875 0.10546875 0.1046875
6 0.67890625 0.9546875 0.2359375 0.090625
6 0.234375 0.30703125 0.21953125 0.25625
6 0.071875 0.76640625 0.14375 0.2515625
6 0.8609375 0.3390625 0.24453125 0.23125
6 0.47265625 0.07265625 0.2421875 0.1453125
6 0.240625 0.9140625 0.25 0.171875
6 0.92109375 0.57734375 0.153125 0.25625
6 0.484375 0.9046875 0.225 0.18984375
6 0.221875 0.08828125 0.26640625 0.1765625
6 0.76796875 0.6890625 0.21953125 0.21484375
6 0.6609375 0.17890625 0.24453125 0.24765625
6 0.8734375 0.11171875 0.246875 0.2234375
6 0.1109375 0.53828125 0.221875 0.23984375