6 0.08046875 0.13515625 0.1609375 0.253125
6 0.96640625 0.94765625 0.0609375 0.1046875
6 0.91640625 0.19140625 0.1609375 0.22890625
6 0.22265625 0.98984375 0.2359375 0.0203125
6 0.05859375 0.50859375 0.11640625 0.2453125
3 0.50859375 0.50390625 0.425 0.490625
6 0.52890625 0.14453125 0.21953125 0.22890625
6 0.17109375 0.03203125 0.23046875 0.06328125
6 0.1015625 0.4296875 0.203125 0.2421875
6 0.20703125 0.62109375 0.23046875 0.22890625
6 0.62109375 0.02734375 0.2671875 0.0546875
6 0.87109375 0.29921875 0.24140625 0.23984375
6 0.621875 0.140625 0.221875 0.21484375
6 0.14453125 0.7125 0.228125 0.234375
6 0.165625 0.209375 0.225 0.23125
6 0.4546875 0.93203125 0.25625 0.1359375
6 0.0953125 0.903125 0.190625 0.19375
6 0.69296875 0.93515625 0.246875 0.1296875
6 0.74296875 0.7765625 0.2359375 0.21484375
6 0.81953125 0.590625 0.26640625 0.1953125
6 0.34453125 0.80703125 0.2390625 0.23125
6 0.9515625 0.71640625 0.096875 0.2078125
6 0.96953125 0.50234375 0.0609375 0.203125
6 0.2609375 0.15625 0.24375 0.23203125
6 0.76484375 0.35625 0.22734375 0.25703125