3 0.49296875 0.503125 0.53046875 0.56484375
6 0.36640625 0.034375 0.2390625 0.06875
6 0.6265625 0.96015625 0.2359375 0.0796875
6 0.9375 0.8921875 0.11953125 0.21484375
6 0.93203125 0.078125 0.1359375 0.15625
6 0.384375 0.92578125 0.2140625 0.1484375
6 0.06640625 0.11953125 0.1328125 0.2390625
6 0.5265625 0.13046875 0.225 0.2609375
6 0.54609375 0.83203125 0.2140625 0.18203125
6 0.11875 0.90859375 0.234375 0.1828125
6 0.1375 0.68984375 0.21953125 0.234375
6 0.740625 0.09609375 0.24375 0.1921875
6 0.83046875 0.45625 0.23359375 0.20078125
6 0.903125 0.665625 0.1890625 0.22890625
6 0.2890625 0.20546875 0.2609375 0.2234375
6 0.8875 0.25859375 0.2140625 0.2203125
6 0.76796875 0.834375 0.246875 0.23125