6 0.8109375 0.7765625 0.271875 0.23671875
6 0.09921875 0.98984375 0.1953125 0.0203125
6 0.4609375 0.82265625 0.171875 0.15703125
6 0.4078125 0.98984375 0.2 0.0203125
6 0.765625 0.3828125 0.203125 0.28125
6 0.9765625 0.76015625 0.046875 0.1984375
6 0.03203125 0.75625 0.0640625 0.1625
3 0.5 0.49296875 0.55546875 0.5671875
6 0.49609375 0.025 0.2359375 0.04921875
6 0.06484375 0.03828125 0.1296875 0.0765625
6 0.24921875 0.87421875 0.2546875 0.2515625
6 0.75234375 0.94296875 0.1828125 0.1140625
6 0.69140625 0.72421875 0.23359375 0.2421875
6 0.3109375 0.10078125 0.23359375 0.20078125
6 0.9109375 0.91875 0.171875 0.1625
6 0.0625 0.55625 0.125 0.23125
6 0.09296875 0.88671875 0.1859375 0.21484375
6 0.5734375 0.9171875 0.196875 0.165625
6 0.178125 0.40625 0.1890625 0.25625
6 0.875 0.525 0.19453125 0.2234375
6 0.6234375 0.15390625 0.225 0.2203125
6 0.10546875 0.1640625 0.2109375 0.2453125