6 0.28359375 0.0109375 0.2390625 0.021875
6 0.7015625 0.2578125 0.21953125 0.2125
3 0.503125 0.51796875 0.48359375 0.67734375
6 0.01796875 0.79453125 0.0359375 0.2125
5 0.284375 0.43515625 0.0640625 0.071875
6 0.9546875 0.10859375 0.084375 0.2171875
6 0.0625 0.475 0.125 0.20078125
6 0.225 0.27265625 0.221875 0.209375
6 0.20546875 0.3609375 0.21640625 0.20390625
5 0.07734375 0.9609375 0.1171875 0.078125
6 0.79609375 0.76484375 0.24140625 0.25625
6 0.471875 0.94921875 0.21640625 0.1015625
6 0.115625 0.86328125 0.196875 0.25625
6 0.0828125 0.03828125 0.165625 0.0765625
6 0.26640625 0.9296875 0.2 0.140625
6 0.290625 0.0609375 0.25859375 0.12109375
6 0.7484375 0.3484375 0.21953125 0.2125
6 0.9453125 0.78671875 0.109375 0.2453125
6 0.0609375 0.57421875 0.121875 0.1953125
6 0.60546875 0.90078125 0.18359375 0.1875
6 0.6984375 0.0703125 0.25859375 0.140625
6 0.49609375 0.11953125 0.23046875 0.1734375
6 0.19453125 0.625 0.2 0.19296875
6 0.884375 0.51796875 0.225 0.22578125
6 0.92109375 0.3125 0.153125 0.2234375
6 0.67578125 0.909375 0.19921875 0.18125