6 0.97734375 0.33828125 0.0453125 0.2140625
3 0.503125 0.48203125 0.51640625 0.5453125
6 0.03046875 0.084375 0.0609375 0.16796875
6 0.053125 0.3375 0.10546875 0.29453125
6 0.040625 0.896875 0.08046875 0.20625
6 0.95078125 0.1015625 0.0921875 0.203125
5 0.9359375 0.8 0.1 0.08828125
6 0.503125 0.06171875 0.246875 0.1234375
6 0.18359375 0.28203125 0.228125 0.25078125
6 0.778125 0.26484375 0.23359375 0.23125
6 0.8359375 0.50859375 0.23359375 0.25625
6 0.34140625 0.79375 0.23359375 0.2421875
6 0.11640625 0.725 0.2328125 0.228125
6 0.5984375 0.8125 0.2640625 0.253125
6 0.1625 0.50703125 0.23046875 0.209375