6 0.01953125 0.71640625 0.0390625 0.22578125
6 0.97890625 0.421875 0.04140625 0.209375
6 0.80859375 0.0109375 0.2390625 0.021875
6 0.01796875 0.12421875 0.0359375 0.19296875
6 0.2109375 0.753125 0.29453125 0.328125
3 0.49609375 0.525 0.49140625 0.4875
6 0.70859375 0.94921875 0.25 0.1015625
6 0.1234375 0.1078125 0.20859375 0.21484375
6 0.43046875 0.93125 0.24453125 0.1375
6 0.915625 0.9046875 0.1640625 0.18984375
6 0.078125 0.8953125 0.15546875 0.209375
6 0.91875 0.078125 0.15625 0.15625
6 0.8734375 0.2453125 0.21953125 0.20390625
6 0.1234375 0.615625 0.24140625 0.21796875
6 0.83203125 0.64296875 0.2359375 0.21796875
6 0.340625 0.1015625 0.25625 0.203125
6 0.09296875 0.42734375 0.1859375 0.22578125
6 0.8234375 0.440625 0.2140625 0.20390625
6 0.67890625 0.1609375 0.2359375 0.21796875
6 0.7125 0.79609375 0.253125 0.21484375