6 0.3484375 0.28125 0.20859375 0.20390625
3 0.49453125 0.50703125 0.43359375 0.42421875
6 0.7890625 0.31953125 0.2109375 0.2421875
6 0.35859375 0.01484375 0.2890625 0.0296875
6 0.60390625 0.025 0.2140625 0.04921875
6 0.7109375 0.07734375 0.221875 0.15390625
6 0.96953125 0.815625 0.0609375 0.22578125
6 0.3875 0.965625 0.21953125 0.06875
6 0.26953125 0.3625 0.2109375 0.22890625
6 0.6890625 0.2546875 0.2609375 0.20625
6 0.83046875 0.953125 0.20546875 0.09375
6 0.34296875 0.9140625 0.2359375 0.171875
6 0.940625 0.26015625 0.1140625 0.2453125
6 0.08046875 0.09375 0.1609375 0.1875
6 0.184375 0.1859375 0.2359375 0.23984375
6 0.9234375 0.4859375 0.146875 0.234375
6 0.08359375 0.9078125 0.16640625 0.184375
6 0.10546875 0.70546875 0.2109375 0.2203125
6 0.45703125 0.11015625 0.24140625 0.21484375