6 0.984375 0.9171875 0.03046875 0.165625
6 0.9390625 0.24375 0.121875 0.278125
6 0.903125 0.75078125 0.1890625 0.234375
6 0.028125 0.63671875 0.05546875 0.2421875
3 0.496875 0.49453125 0.471875 0.43828125
6 0.8953125 0.01796875 0.209375 0.0359375
6 0.56953125 0.9765625 0.221875 0.046875
6 0.78671875 0.96640625 0.2203125 0.0671875
6 0.5609375 0.0359375 0.2390625 0.071875
6 0.853125 0.3953125 0.228125 0.2125
6 0.384375 0.94453125 0.246875 0.11015625
6 0.79609375 0.79765625 0.246875 0.21796875
6 0.565625 0.79921875 0.225 0.21484375
6 0.85703125 0.5203125 0.246875 0.23125
6 0.165625 0.60625 0.246875 0.23125
6 0.1609375 0.8734375 0.23359375 0.22578125
6 0.353125 0.77265625 0.228125 0.234375
6 0.6890625 0.165625 0.2609375 0.2421875
6 0.078125 0.1625 0.15546875 0.23671875
6 0.1125 0.3859375 0.225 0.23671875