6 0.7734375 0.0125 0.21953125 0.025
3 0.49296875 0.4546875 0.525 0.675
6 0.40703125 0.128125 0.2359375 0.22890625
6 0.77109375 0.359375 0.23046875 0.2125
6 0.04453125 0.803125 0.0890625 0.2453125
6 0.5546875 0.96640625 0.234375 0.0671875
6 0.628125 0.859375 0.2609375 0.2203125
6 0.940625 0.29609375 0.1140625 0.25078125
6 0.3375 0.95546875 0.225 0.0890625
6 0.2953125 0.1015625 0.225 0.203125
6 0.8234375 0.44609375 0.2359375 0.23125
6 0.071875 0.1015625 0.14375 0.203125
6 0.715625 0.08125 0.2359375 0.1625
6 0.91640625 0.0921875 0.1609375 0.184375
6 0.76640625 0.884375 0.2390625 0.23125
6 0.925 0.7921875 0.14453125 0.26171875
6 0.103125 0.325 0.20546875 0.2421875
6 0.20703125 0.7765625 0.253125 0.23125
6 0.10859375 0.5671875 0.21640625 0.22578125