6 0.0109375 0.18984375 0.021875 0.20390625
6 0.02109375 0.78125 0.04140625 0.2234375
6 0.7609375 0.0125 0.2390625 0.025
3 0.50546875 0.66640625 0.5109375 0.46796875
6 0.46640625 0.96796875 0.24453125 0.06328125
3 0.4 0.33359375 0.571875 0.490625
6 0.053125 0.9421875 0.10546875 0.115625
6 0.12890625 0.04140625 0.2140625 0.0828125
5 0.865625 0.54296875 0.08046875 0.0828125
6 0.7125 0.94609375 0.21953125 0.1078125
6 0.78359375 0.88125 0.25 0.1984375
6 0.21796875 0.93515625 0.2359375 0.1296875
6 0.16953125 0.72578125 0.25 0.2125
6 0.82890625 0.67109375 0.21953125 0.2671875
6 0.11640625 0.20546875 0.2328125 0.2765625
6 0.10390625 0.6078125 0.2078125 0.225
6 0.3140625 0.0703125 0.24453125 0.140625
6 0.90390625 0.40390625 0.1859375 0.20078125
6 0.89453125 0.084375 0.20546875 0.16796875
6 0.6640625 0.1296875 0.2609375 0.23671875
6 0.72890625 0.3578125 0.2140625 0.2421875