6 0.2390625 0.9875 0.2109375 0.025
6 0.971875 0.265625 0.05546875 0.2453125
3 0.50390625 0.51640625 0.48046875 0.49296875
6 0.490625 0.025 0.253125 0.04921875
6 0.36796875 0.971875 0.2140625 0.05625
6 0.89140625 0.02890625 0.21640625 0.0578125
6 0.8875 0.96015625 0.2140625 0.0796875
6 0.07109375 0.89375 0.14140625 0.2125
6 0.06953125 0.65390625 0.1390625 0.234375
6 0.60703125 0.93359375 0.24140625 0.13203125
6 0.075 0.33203125 0.15 0.25078125
6 0.28359375 0.73984375 0.228125 0.234375
6 0.178125 0.4890625 0.25 0.28359375
6 0.128125 0.1078125 0.25546875 0.21484375
6 0.834375 0.8359375 0.26953125 0.2125
6 0.615625 0.153125 0.25859375 0.278125
6 0.37890625 0.21640625 0.2359375 0.23984375
6 0.85390625 0.171875 0.23046875 0.2234375
6 0.846875 0.61328125 0.278125 0.26171875