5 0.76953125 0.01953125 0.09453125 0.03828125
6 0.821875 0.12421875 0.2890625 0.24765625
6 0.91796875 0.76875 0.15859375 0.28671875
6 0.97890625 0.184375 0.04140625 0.24765625
6 0.125 0.1484375 0.25 0.23671875
3 0.5015625 0.50390625 0.4140625 0.396875
5 0.34609375 0.6765625 0.075 0.07421875
6 0.08359375 0.37578125 0.16640625 0.23984375
5 0.4765625 0.23515625 0.06953125 0.06875
6 0.61953125 0.22734375 0.228125 0.2125
5 0.43203125 0.07421875 0.08046875 0.07734375
5 0.19140625 0.0234375 0.078125 0.046875
6 0.60859375 0.0796875 0.2578125 0.159375
6 0.86953125 0.93125 0.25 0.1375
6 0.65703125 0.790625 0.29140625 0.23671875
6 0.1015625 0.7109375 0.203125 0.2421875
6 0.3390625 0.88671875 0.278125 0.2203125
5 0.64296875 0.78671875 0.06953125 0.0703125
6 0.92421875 0.45546875 0.1515625 0.25390625
6 0.821875 0.63828125 0.2046875 0.234375