6 0.94453125 0.021875 0.1109375 0.04375
6 0.471875 0.825 0.30546875 0.1953125
3 0.50390625 0.5203125 0.553125 0.61171875
6 0.4140625 0.9765625 0.21640625 0.046875
6 0.3125 0.93515625 0.246875 0.1296875
6 0.10390625 0.03671875 0.2078125 0.0734375
6 0.0515625 0.6828125 0.103125 0.2421875
6 0.28203125 0.12421875 0.2359375 0.24765625
6 0.13359375 0.1640625 0.26640625 0.20078125
6 0.1015625 0.89375 0.203125 0.2125
6 0.6125 0.0796875 0.246875 0.159375
6 0.91796875 0.21875 0.15859375 0.25078125
6 0.90703125 0.91171875 0.18046875 0.1765625
6 0.82109375 0.72734375 0.21953125 0.22578125
6 0.70859375 0.90859375 0.2203125 0.1828125
6 0.903125 0.5203125 0.1890625 0.24765625
6 0.715625 0.24375 0.24140625 0.22890625
6 0.25390625 0.36484375 0.26953125 0.22890625
5 0.259375 0.6234375 0.084375 0.0953125