6 0.025 0.28671875 0.05 0.22578125
3 0.48359375 0.5015625 0.5390625 0.5453125
6 0.44609375 0.05234375 0.2359375 0.1046875
6 0.13046875 0.0453125 0.228125 0.090625
6 0.9453125 0.646875 0.109375 0.2375
6 0.06640625 0.7484375 0.1328125 0.259375
6 0.92890625 0.3921875 0.14140625 0.22890625
6 0.73203125 0.8390625 0.21953125 0.20625
6 0.228125 0.828125 0.20546875 0.234375
6 0.134375 0.2 0.225 0.2125
6 0.6859375 0.20625 0.23359375 0.1984375
6 0.8140625 0.5328125 0.20546875 0.234375
6 0.35703125 0.16796875 0.21953125 0.19296875
6 0.50703125 0.86953125 0.23046875 0.234375