3 0.5140625 0.440625 0.55 0.73828125
6 0.04453125 0.15390625 0.0890625 0.28671875
6 0.90546875 0.98359375 0.18359375 0.0328125
6 0.715625 0.97109375 0.225 0.0578125
6 0.8859375 0.71484375 0.21640625 0.18984375
6 0.32890625 0.83203125 0.2859375 0.23671875
6 0.6375 0.0953125 0.25859375 0.18984375
6 0.0640625 0.93359375 0.128125 0.13203125
6 0.190625 0.246875 0.25859375 0.20625
6 0.65703125 0.8015625 0.246875 0.209375
6 0.9390625 0.334375 0.121875 0.23984375
6 0.384375 0.14296875 0.21953125 0.253125
6 0.18203125 0.07734375 0.2359375 0.15390625
6 0.890625 0.88125 0.2140625 0.18203125
6 0.07890625 0.41796875 0.1578125 0.2484375
6 0.50234375 0.9265625 0.2390625 0.146875
6 0.87890625 0.5203125 0.23046875 0.22578125
6 0.8765625 0.1078125 0.24140625 0.21484375
6 0.09609375 0.73828125 0.19140625 0.24765625