6 0.01640625 0.46328125 0.0328125 0.2015625
3 0.4984375 0.503125 0.4359375 0.421875
6 0.19296875 0.046875 0.26953125 0.09375
6 0.94609375 0.36953125 0.103125 0.24765625
6 0.66953125 0.96796875 0.278125 0.06328125
6 0.7625 0.04296875 0.24140625 0.08515625
6 0.2625 0.184375 0.21953125 0.18203125
6 0.253125 0.30546875 0.19453125 0.23125
6 0.8734375 0.69453125 0.24140625 0.23125
6 0.375 0.790625 0.2390625 0.209375
6 0.075 0.28125 0.15 0.23671875
6 0.90703125 0.103125 0.18046875 0.20625
6 0.48203125 0.13359375 0.253125 0.2453125
6 0.7015625 0.83046875 0.253125 0.2453125
6 0.82109375 0.46015625 0.23046875 0.25859375
6 0.15546875 0.71484375 0.25 0.25625