6 0.03203125 0.9421875 0.0640625 0.115625
6 0.63203125 0.2078125 0.25859375 0.20078125
6 0.9609375 0.16015625 0.071875 0.2421875
6 0.9609375 0.0328125 0.078125 0.065625
3 0.50390625 0.5015625 0.48046875 0.45703125
6 0.78359375 0.7671875 0.221875 0.1953125
6 0.2296875 0.9734375 0.234375 0.053125
6 0.859375 0.884375 0.253125 0.23125
6 0.603125 0.03203125 0.228125 0.06328125
6 0.93046875 0.7 0.13359375 0.23671875
6 0.15703125 0.91171875 0.23046875 0.1765625
6 0.52890625 0.1296875 0.2140625 0.1765625
6 0.1125 0.07578125 0.225 0.1515625
6 0.59453125 0.85546875 0.24453125 0.25625
6 0.803125 0.08125 0.278125 0.1625