3 0.4671875 0.4765625 0.7953125 0.58046875
6 0.009375 0.31484375 0.01875 0.1953125
6 0.9890625 0.50546875 0.021875 0.1953125
5 0.84296875 0.2875 0.0640625 0.06875
6 0.88984375 0.0328125 0.2140625 0.065625
6 0.6515625 0.94453125 0.23046875 0.11015625
6 0.071875 0.4921875 0.14375 0.246875
6 0.2875 0.06640625 0.2359375 0.13203125
6 0.66953125 0.78203125 0.2390625 0.1984375
6 0.41953125 0.87890625 0.2 0.209375
6 0.51796875 0.07734375 0.21953125 0.15390625
6 0.9 0.3703125 0.19453125 0.21796875
6 0.08359375 0.07578125 0.16640625 0.1515625
6 0.159375 0.915625 0.2140625 0.16796875
6 0.85859375 0.64609375 0.21640625 0.20078125
6 0.278125 0.675 0.2 0.209375
6 0.9234375 0.83984375 0.146875 0.22578125
6 0.7640625 0.15546875 0.23359375 0.20625