6 0.075 0.06484375 0.15 0.1296875
3 0.50390625 0.5125 0.425 0.53984375
5 0.409375 0.2078125 0.075 0.06875
6 0.8109375 0.496875 0.24453125 0.234375
6 0.721875 0.0359375 0.225 0.071875
6 0.25546875 0.953125 0.21640625 0.09375
6 0.059375 0.759375 0.11875 0.225
6 0.85 0.13671875 0.23359375 0.234375
6 0.871875 0.58984375 0.24453125 0.23671875
6 0.09140625 0.92109375 0.1828125 0.1578125
6 0.103125 0.13671875 0.20546875 0.234375
6 0.29296875 0.0953125 0.2140625 0.18984375
6 0.52265625 0.89765625 0.2578125 0.2046875
6 0.73203125 0.78203125 0.246875 0.2421875
6 0.9125 0.84453125 0.16953125 0.278125
6 0.18203125 0.52578125 0.253125 0.27578125
6 0.515625 0.1078125 0.2390625 0.21484375
6 0.2390625 0.2796875 0.25 0.234375
6 0.27890625 0.79765625 0.24140625 0.2453125
6 0.86796875 0.28671875 0.253125 0.2203125