6 0.34609375 0.0109375 0.21953125 0.021875
6 0.98203125 0.82265625 0.0359375 0.1953125
6 0.01640625 0.12734375 0.0328125 0.1890625
6 0.971875 0.4328125 0.05546875 0.209375
3 0.503125 0.503125 0.49453125 0.509375
6 0.034375 0.434375 0.06875 0.2375
6 0.034375 0.8953125 0.06875 0.209375
5 0.77890625 0.85390625 0.09140625 0.0609375
6 0.6765625 0.95703125 0.24140625 0.08515625
6 0.925 0.046875 0.1390625 0.09375
6 0.7265625 0.73828125 0.23046875 0.17109375
6 0.3890625 0.94609375 0.228125 0.1078125
6 0.8890625 0.89140625 0.2 0.2125
6 0.93046875 0.628125 0.1390625 0.21484375
6 0.39453125 0.184375 0.2 0.1875
6 0.1375 0.0703125 0.25859375 0.140625
6 0.6109375 0.83203125 0.25546875 0.20390625
6 0.7515625 0.090625 0.225 0.18125
6 0.84609375 0.28359375 0.2359375 0.2203125
6 0.13359375 0.77421875 0.2390625 0.23671875
6 0.1515625 0.53203125 0.253125 0.23671875
6 0.246875 0.26484375 0.25 0.2203125
5 0.9 0.86875 0.09375 0.0953125