6 0.034375 0.2046875 0.06875 0.2625
6 0.984375 0.0796875 0.03046875 0.15390625
6 0.878125 0.01484375 0.21875 0.0296875
3 0.50859375 0.50859375 0.55 0.58671875
6 0.6375 0.17109375 0.23046875 0.26484375
6 0.7015625 0.02578125 0.246875 0.0515625
6 0.48046875 0.9765625 0.23359375 0.046875
6 0.4328125 0.09609375 0.228125 0.1921875
6 0.1 0.08125 0.2 0.1625
6 0.815625 0.95703125 0.2359375 0.08515625
6 0.09453125 0.940625 0.1890625 0.11875
6 0.05703125 0.496875 0.1140625 0.2453125
6 0.9328125 0.90078125 0.134375 0.1984375
6 0.40390625 0.21484375 0.2640625 0.1984375
6 0.2390625 0.11171875 0.20546875 0.2234375
6 0.28203125 0.91015625 0.2359375 0.17890625
6 0.8390625 0.63671875 0.2390625 0.24765625
6 0.9109375 0.44375 0.171875 0.24765625
6 0.81953125 0.17734375 0.271875 0.2671875
6 0.17890625 0.36953125 0.25859375 0.253125
6 0.6609375 0.88828125 0.25 0.2234375
6 0.10703125 0.71484375 0.2140625 0.26171875