3 0.50546875 0.49453125 0.43359375 0.4546875
6 0.046875 0.04765625 0.09375 0.0953125
6 0.959375 0.6609375 0.075 0.23671875
6 0.60703125 0.790625 0.21953125 0.25859375
6 0.3125 0.94453125 0.25859375 0.11015625
6 0.9375 0.07734375 0.125 0.15390625
6 0.42109375 0.11328125 0.303125 0.22578125
6 0.075 0.64609375 0.15 0.2453125
6 0.1484375 0.140625 0.253125 0.25859375
6 0.725 0.12265625 0.31640625 0.2453125
6 0.91640625 0.415625 0.1609375 0.2203125
6 0.240625 0.61953125 0.225 0.2703125
6 0.4109375 0.82890625 0.2109375 0.1875
6 0.8109375 0.70234375 0.221875 0.23671875
6 0.9109375 0.890625 0.178125 0.21875