6 0.02109375 0.9640625 0.04140625 0.071875
6 0.14375 0.98984375 0.165625 0.0203125
6 0.1859375 0.0125 0.2390625 0.025
6 0.0140625 0.16015625 0.028125 0.20390625
6 0.01640625 0.6078125 0.0328125 0.203125
6 0.959375 0.50859375 0.075 0.22890625
3 0.50546875 0.503125 0.49453125 0.509375
5 0.7859375 0.975 0.0890625 0.04921875
5 0.09453125 0.0828125 0.1609375 0.16015625
6 0.0390625 0.81953125 0.078125 0.22890625
5 0.31640625 0.8625 0.1109375 0.09921875
6 0.91953125 0.03046875 0.15546875 0.0609375
6 0.3640625 0.96796875 0.20546875 0.06328125
6 0.04296875 0.3921875 0.0859375 0.20078125
6 0.6375 0.8125 0.196875 0.21484375
6 0.61484375 0.91953125 0.2359375 0.1609375
6 0.85546875 0.76171875 0.24453125 0.20625
6 0.925 0.9296875 0.15 0.140625
6 0.828125 0.53984375 0.19453125 0.19296875
6 0.26796875 0.71640625 0.196875 0.18203125
6 0.453125 0.8234375 0.21640625 0.18203125
6 0.17109375 0.915625 0.2140625 0.16796875
6 0.5515625 0.1046875 0.246875 0.209375
6 0.89453125 0.3265625 0.2 0.20078125
6 0.178125 0.47421875 0.19453125 0.21484375
6 0.7984375 0.1171875 0.23046875 0.22890625
6 0.303125 0.1640625 0.25546875 0.2234375