6 0.65859375 0.92421875 0.24453125 0.1515625
6 0.48046875 0.21328125 0.23359375 0.2234375
6 0.525 0.06875 0.26640625 0.1375
6 0.115625 0.38984375 0.23046875 0.26171875
6 0.275 0.071875 0.2609375 0.14296875
3 0.50546875 0.54375 0.471875 0.49296875
6 0.93203125 0.71484375 0.1359375 0.29453125
6 0.1359375 0.0953125 0.25546875 0.18984375
6 0.1640625 0.28515625 0.2609375 0.25078125
6 0.7734375 0.96953125 0.24140625 0.0609375
6 0.209375 0.90078125 0.2359375 0.1984375
6 0.4 0.94453125 0.271875 0.11015625
6 0.09140625 0.74609375 0.1828125 0.2421875
6 0.778125 0.6953125 0.23359375 0.23984375
6 0.796875 0.478125 0.2109375 0.21796875
6 0.9359375 0.44453125 0.121875 0.26171875
6 0.875 0.915625 0.2390625 0.16796875
6 0.85 0.3046875 0.221875 0.23984375
6 0.92890625 0.12421875 0.14140625 0.24765625
6 0.0875 0.90078125 0.175 0.1984375
6 0.4875 0.85234375 0.246875 0.2125
6 0.6640625 0.29609375 0.1890625 0.20625
6 0.36640625 0.23515625 0.26640625 0.2453125
6 0.75234375 0.078125 0.2453125 0.15625
6 0.196875 0.57734375 0.2109375 0.25078125