6 0.0125 0.81953125 0.025 0.2125
6 0.9421875 0.090625 0.109375 0.18125
3 0.5125 0.50859375 0.59140625 0.675
6 0.69453125 0.98203125 0.228125 0.0359375
6 0.0859375 0.9375 0.171875 0.125
6 0.6890625 0.0484375 0.278125 0.09609375
6 0.24453125 0.91171875 0.228125 0.1765625
6 0.140625 0.05546875 0.25859375 0.11015625
6 0.30859375 0.78515625 0.26640625 0.253125
6 0.590625 0.88125 0.253125 0.2203125
6 0.4234375 0.11328125 0.2359375 0.22578125
6 0.903125 0.45859375 0.1890625 0.22890625
6 0.7125 0.2109375 0.2640625 0.2234375
6 0.840625 0.6609375 0.20859375 0.22578125
6 0.2125 0.2078125 0.25859375 0.2234375
6 0.14453125 0.48359375 0.221875 0.22890625