6 0.63359375 0.009375 0.2140625 0.01875
6 0.90703125 0.0109375 0.1859375 0.021875
6 0.4765625 0.9890625 0.1859375 0.021875
6 0.96796875 0.56640625 0.0640625 0.25625
3 0.503125 0.49609375 0.40546875 0.62265625
6 0.03359375 0.825 0.06640625 0.2234375
6 0.95390625 0.80859375 0.0859375 0.2453125
6 0.93203125 0.96953125 0.13046875 0.0609375
6 0.0734375 0.95546875 0.146875 0.0890625
6 0.24140625 0.9421875 0.2109375 0.115625
6 0.07109375 0.42578125 0.14140625 0.23984375
6 0.05703125 0.10078125 0.1140625 0.20078125
6 0.9203125 0.1140625 0.159375 0.184375
6 0.45 0.071875 0.228125 0.14296875
6 0.54453125 0.88125 0.21640625 0.1875
6 0.321875 0.803125 0.2109375 0.2125
6 0.8234375 0.8828125 0.20859375 0.17890625
6 0.77890625 0.696875 0.225 0.19296875
6 0.225 0.49453125 0.21640625 0.20078125
6 0.14140625 0.70546875 0.2 0.21484375
6 0.6890625 0.1375 0.221875 0.2203125
6 0.796875 0.5109375 0.221875 0.21796875
6 0.20703125 0.265625 0.225 0.21796875