6 0.01953125 0.4796875 0.0390625 0.2421875
3 0.5015625 0.5015625 0.41953125 0.3859375
6 0.96484375 0.11953125 0.0703125 0.2390625
6 0.859375 0.034375 0.26953125 0.06875
6 0.3609375 0.9765625 0.3 0.046875
6 0.09140625 0.75546875 0.1828125 0.3890625
5 0.6609375 0.88828125 0.071875 0.0796875
6 0.93984375 0.3515625 0.1203125 0.296875
6 0.1234375 0.0609375 0.246875 0.12109375
6 0.075 0.26171875 0.15 0.25859375
6 0.46796875 0.7765625 0.20859375 0.209375
6 0.20546875 0.315625 0.2609375 0.25625
6 0.71640625 0.1015625 0.2609375 0.203125
6 0.89296875 0.815625 0.2140625 0.28671875
6 0.246875 0.86484375 0.26640625 0.26484375
6 0.79140625 0.278125 0.278125 0.253125
6 0.690625 0.7296875 0.25859375 0.253125