3 0.49453125 0.4890625 0.5609375 0.6140625
6 0.56171875 0.0328125 0.2140625 0.065625
6 0.95546875 0.21875 0.0890625 0.23984375
6 0.703125 0.08828125 0.25546875 0.1765625
6 0.090625 0.93671875 0.18046875 0.1265625
6 0.48046875 0.88671875 0.25546875 0.22578125
6 0.934375 0.49296875 0.125 0.24765625
6 0.8375 0.5921875 0.203125 0.2421875
6 0.284375 0.915625 0.26953125 0.16796875
6 0.18359375 0.590625 0.21640625 0.22890625
6 0.08359375 0.29609375 0.16640625 0.22890625
6 0.0890625 0.77109375 0.178125 0.22578125
6 0.8984375 0.80859375 0.19140625 0.2453125
6 0.70859375 0.875 0.221875 0.2453125
6 0.20703125 0.11015625 0.2640625 0.2203125
6 0.32109375 0.23125 0.22890625 0.2515625
6 0.81171875 0.18671875 0.2546875 0.28828125