5 0.63203125 0.15703125 0.09140625 0.0828125
5 0.33359375 0.6859375 0.1 0.09375
6 0.971875 0.1859375 0.05546875 0.20625
3 0.48046875 0.5578125 0.621875 0.4765625
6 0.95859375 0.40625 0.078125 0.25625
6 0.93203125 0.05078125 0.1359375 0.1015625
6 0.234375 0.246875 0.23046875 0.2671875
6 0.21796875 0.70390625 0.28046875 0.21796875
6 0.9359375 0.9171875 0.121875 0.165625
6 0.06796875 0.85234375 0.1359375 0.278125
6 0.3875 0.084375 0.25859375 0.16796875
6 0.49453125 0.91875 0.2390625 0.1625
6 0.875 0.5453125 0.2390625 0.19296875
6 0.9015625 0.7296875 0.19140625 0.209375
6 0.29609375 0.884375 0.25859375 0.20390625
6 0.1234375 0.4515625 0.23046875 0.27578125
6 0.09140625 0.175 0.1828125 0.234375
6 0.8140625 0.28125 0.23359375 0.2421875