6 0.01640625 0.0828125 0.0328125 0.165625
5 0.0359375 0.64453125 0.06640625 0.071875
6 0.8875 0.765625 0.21953125 0.18203125
2 0.4984375 0.503125 0.48046875 0.47109375
6 0.03203125 0.42734375 0.0640625 0.23125
6 0.89453125 0.0140625 0.2109375 0.02734375
6 0.04296875 0.91484375 0.0859375 0.165625
6 0.93203125 0.36953125 0.1359375 0.253125
6 0.121875 0.05078125 0.228125 0.1015625
6 0.18359375 0.9421875 0.221875 0.115625
6 0.434375 0.92578125 0.24140625 0.1484375
6 0.89140625 0.86484375 0.19453125 0.17109375
6 0.17109375 0.62265625 0.2140625 0.20390625
6 0.3390625 0.20625 0.228125 0.2421875
6 0.7765625 0.35234375 0.2140625 0.24765625
6 0.678125 0.89765625 0.240625 0.2046875
6 0.16953125 0.2125 0.24453125 0.20390625
6 0.79140625 0.11171875 0.23359375 0.21796875
6 0.31953125 0.790625 0.2390625 0.2203125
6 0.1875 0.4203125 0.21953125 0.20625