3 0.51484375 0.553125 0.5109375 0.509375
6 0.96484375 0.0578125 0.0703125 0.115625
6 0.634375 0.971875 0.253125 0.05625
6 0.18203125 0.534375 0.20859375 0.19296875
6 0.059375 0.92734375 0.11875 0.1421875
6 0.084375 0.41953125 0.16875 0.2171875
6 0.1015625 0.7453125 0.196875 0.22890625
6 0.5984375 0.85546875 0.25859375 0.1953125
6 0.284375 0.25859375 0.225 0.24765625
6 0.528125 0.209375 0.26640625 0.22578125
6 0.090625 0.2203125 0.18046875 0.22578125
6 0.90859375 0.671875 0.178125 0.253125
6 0.89140625 0.36953125 0.2109375 0.2203125
6 0.375 0.86640625 0.23359375 0.234375
6 0.86796875 0.14453125 0.253125 0.25625
6 0.73203125 0.32734375 0.2109375 0.29453125
6 0.775 0.665625 0.20078125 0.30390625