6 0.0375 0.98046875 0.075 0.03828125
6 0.9828125 0.93515625 0.034375 0.1296875
6 0.39453125 0.97109375 0.18359375 0.0578125
3 0.50078125 0.490625 0.61015625 0.61796875
6 0.428125 0.0140625 0.228125 0.02734375
6 0.959375 0.52578125 0.08046875 0.23671875
5 0.88203125 0.93515625 0.0859375 0.0796875
5 0.04453125 0.38046875 0.0890625 0.1046875
6 0.19453125 0.02890625 0.2390625 0.0578125
6 0.071875 0.91484375 0.14375 0.1671875
6 0.934375 0.79375 0.13046875 0.22578125
6 0.63203125 0.0375 0.21953125 0.07421875
6 0.09609375 0.165625 0.19140625 0.29765625
6 0.85859375 0.65390625 0.23359375 0.27265625
6 0.40859375 0.92421875 0.221875 0.1515625
6 0.8390625 0.13671875 0.25 0.23984375
6 0.915625 0.325 0.1640625 0.2203125
6 0.44140625 0.1296875 0.221875 0.2203125
6 0.215625 0.8921875 0.1859375 0.1875
6 0.2125 0.38828125 0.2359375 0.2421875
6 0.10859375 0.71796875 0.21640625 0.22890625