6 0.79296875 0.3046875 0.21953125 0.234375
6 0.01640625 0.28046875 0.0328125 0.1984375
5 0.1234375 0.3109375 0.0640625 0.05546875
6 0.971875 0.46953125 0.05546875 0.2125
6 0.046875 0.434375 0.09375 0.253125
6 0.15546875 0.05390625 0.25546875 0.1078125
5 0.509375 0.025 0.103125 0.04921875
5 0.9578125 0.0203125 0.078125 0.040625
3 0.484375 0.475 0.646875 0.5703125
6 0.94609375 0.746875 0.103125 0.26484375
6 0.15859375 0.428125 0.19453125 0.2453125
6 0.3609375 0.0484375 0.18359375 0.09609375
6 0.503125 0.8359375 0.221875 0.22890625
6 0.884375 0.21484375 0.225 0.22578125
6 0.70859375 0.94765625 0.24453125 0.1046875
6 0.796875 0.09921875 0.25 0.1984375
6 0.0640625 0.77265625 0.128125 0.22890625
6 0.1015625 0.14296875 0.203125 0.23671875
6 0.290625 0.834375 0.20859375 0.21484375
6 0.1609375 0.915625 0.25 0.16796875
6 0.5390625 0.13359375 0.23359375 0.17890625
6 0.64296875 0.81015625 0.23046875 0.22578125
6 0.85546875 0.58984375 0.23359375 0.2703125