6 0.240625 0.31171875 0.1421875 0.13046875
6 0.96875 0.028125 0.0625 0.05625
6 0.4015625 0.01484375 0.25703125 0.0296875
6 0.7078125 0.52578125 0.21328125 0.28203125
6 0.9671875 0.2546875 0.065625 0.24921875
2 0.5015625 0.5015625 0.303125 0.2984375
6 0.13828125 0.96328125 0.215625 0.0734375
6 0.1625 0.91328125 0.24296875 0.1734375
6 0.0296875 0.90625 0.059375 0.18125
6 0.39921875 0.94296875 0.26796875 0.1140625
6 0.19375 0.23984375 0.23515625 0.2359375
6 0.04921875 0.2859375 0.0984375 0.25234375
6 0.1671875 0.059375 0.24375 0.11875
6 0.7828125 0.928125 0.259375 0.14375
6 0.64375 0.74375 0.26484375 0.246875
6 0.271875 0.3765625 0.2265625 0.2546875
6 0.925 0.79921875 0.14453125 0.2171875
6 0.87265625 0.35078125 0.24296875 0.25234375
6 0.31953125 0.63671875 0.2296875 0.27109375
6 0.8609375 0.11640625 0.21328125 0.22734375
6 0.88359375 0.61796875 0.22109375 0.2171875
6 0.56796875 0.109375 0.2296875 0.21875
6 0.68046875 0.2734375 0.240625 0.2328125
6 0.11171875 0.7171875 0.2234375 0.225