5 0.11640625 0.33046875 0.05 0.05546875
6 0.4515625 0.9890625 0.225 0.021875
6 0.03203125 0.5671875 0.0640625 0.23671875
6 0.91953125 0.17890625 0.15546875 0.24765625
6 0.4984375 0.8375 0.24140625 0.22578125
6 0.1765625 0.47109375 0.28046875 0.24765625
6 0.725 0.02890625 0.25 0.0578125
3 0.5 0.50859375 0.4 0.465625
5 0.3 0.66015625 0.078125 0.06875
6 0.4015625 0.82890625 0.21953125 0.20390625
6 0.05546875 0.26328125 0.1109375 0.234375
6 0.728125 0.8046875 0.228125 0.1875
6 0.8640625 0.23515625 0.2390625 0.234375
6 0.08203125 0.07421875 0.1640625 0.1484375
6 0.93203125 0.4546875 0.13046875 0.253125
6 0.78359375 0.5953125 0.2109375 0.253125
6 0.86953125 0.928125 0.25 0.14296875
6 0.26796875 0.26171875 0.23046875 0.21484375