6 0.0125 0.20546875 0.025 0.17890625
6 0.0484375 0.884375 0.096875 0.23125
6 0.34296875 0.96640625 0.2640625 0.0671875
6 0.11953125 0.95703125 0.23359375 0.08515625
6 0.0375 0.02890625 0.075 0.0578125
6 0.20859375 0.93359375 0.29453125 0.13203125
6 0.55390625 0.059375 0.246875 0.11875
6 0.4375 0.05625 0.275 0.1125
3 0.5015625 0.50546875 0.475 0.44921875
6 0.7265625 0.978125 0.2359375 0.04375
6 0.33046875 0.1875 0.228125 0.2421875
6 0.903125 0.1046875 0.1890625 0.20390625
6 0.43203125 0.8234375 0.26953125 0.24765625
6 0.509375 0.209375 0.303125 0.21484375
6 0.19296875 0.41015625 0.2359375 0.28125
6 0.64140625 0.875 0.21640625 0.22890625
6 0.13203125 0.16640625 0.23046875 0.26171875