6 0.009375 0.596875 0.01875 0.209375
6 0.04296875 0.10859375 0.0859375 0.2171875
3 0.5 0.47109375 0.471875 0.73828125
6 0.47734375 0.0796875 0.2109375 0.159375
6 0.01953125 0.85703125 0.0390625 0.20390625
6 0.95 0.9515625 0.09453125 0.09609375
6 0.94609375 0.06328125 0.103125 0.1265625
6 0.553125 0.95 0.225 0.1
6 0.95390625 0.7890625 0.0859375 0.234375
6 0.39453125 0.05234375 0.2109375 0.1046875
6 0.92890625 0.49609375 0.1359375 0.21484375
6 0.80546875 0.63046875 0.20546875 0.2203125
6 0.3125 0.89375 0.21953125 0.2125
6 0.1984375 0.0953125 0.2140625 0.18984375
6 0.1765625 0.4859375 0.23046875 0.20078125
6 0.68203125 0.05390625 0.225 0.1078125
6 0.284375 0.77578125 0.225 0.20625
6 0.1140625 0.9375 0.228125 0.125
6 0.2484375 0.20546875 0.21953125 0.1953125
6 0.62890625 0.8484375 0.196875 0.19296875
6 0.80859375 0.90625 0.228125 0.1875
6 0.840625 0.34296875 0.23046875 0.21796875
6 0.12890625 0.62265625 0.21953125 0.23671875
6 0.084375 0.296875 0.16875 0.225