6 0.01953125 0.24140625 0.0390625 0.18984375
6 0.446875 0.1875 0.25 0.2203125
6 0.15703125 0.0140625 0.21953125 0.02734375
6 0.02109375 0.70625 0.04140625 0.21796875
3 0.50703125 0.4984375 0.425 0.42421875
6 0.51640625 0.79765625 0.2390625 0.2125
6 0.0484375 0.071875 0.096875 0.14296875
6 0.971875 0.3015625 0.05546875 0.20625
5 0.63359375 0.0234375 0.121875 0.046875
6 0.0625 0.2671875 0.125 0.23671875
6 0.296875 0.08125 0.2890625 0.1625
6 0.29296875 0.2 0.296875 0.17890625
6 0.61640625 0.76171875 0.221875 0.21796875
6 0.70390625 0.15390625 0.2859375 0.19296875
6 0.0734375 0.509375 0.146875 0.21484375
6 0.225 0.62265625 0.24453125 0.24765625
6 0.1015625 0.915625 0.203125 0.16796875
6 0.8359375 0.84296875 0.2609375 0.23125
6 0.8875 0.6390625 0.21953125 0.22578125
6 0.82109375 0.35 0.25859375 0.22578125
5 0.31015625 0.0359375 0.059375 0.04609375
6 0.9578125 0.08828125 0.084375 0.1765625