3 0.5140625 0.50078125 0.421875 0.78359375
6 0.2671875 0.01484375 0.253125 0.0296875
6 0.96640625 0.44765625 0.06640625 0.2453125
5 0.72890625 0.2890625 0.075 0.0828125
6 0.7375 0.0234375 0.275 0.046875
6 0.05546875 0.95546875 0.1109375 0.0890625
6 0.21953125 0.53984375 0.21640625 0.2421875
6 0.94140625 0.78515625 0.1109375 0.22578125
6 0.0640625 0.55625 0.128125 0.23671875
6 0.51640625 0.92578125 0.24453125 0.1484375
6 0.4421875 0.078125 0.225 0.15625
6 0.296875 0.26328125 0.24453125 0.26171875
6 0.8265625 0.9171875 0.253125 0.165625
6 0.9078125 0.090625 0.178125 0.18125
6 0.834375 0.6375 0.21953125 0.22890625
6 0.21796875 0.6828125 0.23046875 0.2203125
6 0.70859375 0.13515625 0.2390625 0.209375
6 0.7734375 0.4328125 0.225 0.2203125
6 0.096875 0.31796875 0.19375 0.2453125