6 0.05546875 0.79921875 0.1109375 0.2921875
6 0.5484375 0.85703125 0.23046875 0.20390625
6 0.015625 0.1171875 0.03046875 0.22890625
6 0.7734375 0.0125 0.225 0.025
6 0.98203125 0.30859375 0.0359375 0.21484375
6 0.01640625 0.36328125 0.0328125 0.2203125
3 0.49140625 0.4984375 0.5390625 0.5671875
6 0.6765625 0.8625 0.246875 0.21484375
6 0.940625 0.04375 0.115625 0.0875
6 0.52890625 0.0203125 0.2140625 0.040625
6 0.39140625 0.96796875 0.2 0.06328125
6 0.94296875 0.9390625 0.10859375 0.12109375
6 0.3171875 0.03828125 0.23125 0.0765625
6 0.77890625 0.92578125 0.21953125 0.1484375
6 0.0984375 0.9421875 0.196875 0.115625
6 0.21953125 0.90625 0.221875 0.18203125
6 0.12109375 0.34140625 0.196875 0.209375
6 0.234375 0.1875 0.2359375 0.21484375
6 0.878125 0.721875 0.221875 0.209375
6 0.2375 0.71328125 0.20859375 0.20390625
6 0.6484375 0.11015625 0.2359375 0.2203125
6 0.8109375 0.3578125 0.21640625 0.22578125
6 0.10859375 0.5578125 0.21640625 0.234375
6 0.925 0.5109375 0.14453125 0.23984375