6 0.04296875 0.1078125 0.0859375 0.21484375
6 0.9828125 0.4515625 0.034375 0.209375
3 0.50546875 0.50390625 0.421875 0.42421875
6 0.60703125 0.98359375 0.20859375 0.0328125
6 0.3 0.021875 0.228125 0.04375
6 0.76875 0.02734375 0.234375 0.0546875
6 0.31875 0.9609375 0.228125 0.078125
6 0.903125 0.76171875 0.1890625 0.20078125
6 0.796875 0.77265625 0.221875 0.21796875
6 0.1234375 0.92578125 0.2359375 0.1484375
6 0.94453125 0.08671875 0.10546875 0.1734375
6 0.0625 0.2078125 0.125 0.21796875
6 0.90703125 0.93125 0.18046875 0.1375
6 0.828125 0.5484375 0.228125 0.23671875
6 0.071875 0.46328125 0.14375 0.2453125
6 0.4265625 0.2109375 0.23046875 0.21796875
6 0.51953125 0.871875 0.25 0.2234375
6 0.234375 0.1515625 0.2359375 0.21484375
6 0.2125 0.3609375 0.203125 0.209375
6 0.2140625 0.61171875 0.23359375 0.23125
6 0.790625 0.32109375 0.23046875 0.21796875
6 0.08046875 0.75625 0.1609375 0.234375