6 0.0375 0.96953125 0.075 0.0609375
6 0.0984375 0.01484375 0.196875 0.0296875
6 0.4625 0.81796875 0.296875 0.23125
6 0.159375 0.984375 0.196875 0.03125
3 0.50390625 0.4984375 0.475 0.50703125
6 0.87109375 0.025 0.23046875 0.04921875
6 0.06953125 0.753125 0.1390625 0.2671875
6 0.41953125 0.05546875 0.21640625 0.11015625
6 0.79140625 0.5453125 0.20546875 0.2921875
6 0.909375 0.44765625 0.175 0.27265625
6 0.32109375 0.92265625 0.24140625 0.15390625
6 0.934375 0.721875 0.13046875 0.2703125
6 0.234375 0.09375 0.21953125 0.1875
6 0.603125 0.125 0.23359375 0.2453125
6 0.259375 0.74140625 0.18046875 0.1984375
6 0.75546875 0.8046875 0.25 0.2421875
6 0.259375 0.3234375 0.21953125 0.25078125
6 0.09609375 0.234375 0.19140625 0.24765625
6 0.1265625 0.56484375 0.225 0.2203125
6 0.85390625 0.16640625 0.25859375 0.23984375