6 0.95703125 0.0140625 0.0859375 0.02734375
6 0.0140625 0.03984375 0.028125 0.0796875
6 0.96953125 0.92421875 0.0609375 0.1515625
6 0.121875 0.0109375 0.2109375 0.021875
6 0.975 0.4515625 0.05 0.1984375
6 0.96796875 0.1859375 0.0640625 0.22890625
3 0.4984375 0.503125 0.4640625 0.49296875
6 0.41953125 0.02890625 0.221875 0.0578125
6 0.28359375 0.92421875 0.21640625 0.1515625
6 0.80703125 0.07421875 0.20859375 0.1484375
6 0.25390625 0.10078125 0.21953125 0.20078125
6 0.67890625 0.80859375 0.2140625 0.1953125
6 0.49140625 0.88984375 0.228125 0.2203125
6 0.5859375 0.11328125 0.1890625 0.22578125
6 0.82890625 0.51953125 0.23046875 0.23984375
6 0.084375 0.771875 0.16875 0.2
6 0.2140625 0.34140625 0.21640625 0.21484375
6 0.7640625 0.2890625 0.2390625 0.2203125
6 0.078125 0.20078125 0.15546875 0.1984375
6 0.3640625 0.19296875 0.171875 0.1984375