6 0.08203125 0.01796875 0.1640625 0.0359375
3 0.49609375 0.4984375 0.4859375 0.51796875
6 0.875 0.98359375 0.21640625 0.0328125
6 0.9609375 0.44609375 0.071875 0.253125
6 0.85390625 0.8 0.21953125 0.2234375
6 0.04296875 0.371875 0.0859375 0.2421875
6 0.5765625 0.03046875 0.246875 0.0609375
6 0.903125 0.03984375 0.1890625 0.0796875
6 0.584375 0.9640625 0.225 0.071875
6 0.059375 0.62421875 0.11875 0.2234375
6 0.34140625 0.0578125 0.23359375 0.115625
6 0.365625 0.93203125 0.234375 0.1359375
6 0.625 0.16015625 0.24453125 0.20390625
6 0.621875 0.79453125 0.24453125 0.21796875
6 0.80859375 0.3921875 0.228125 0.1953125
6 0.1890625 0.3921875 0.20546875 0.21796875
6 0.834375 0.16953125 0.246875 0.234375
6 0.2109375 0.834375 0.228125 0.24765625