6 0.975 0.88515625 0.05 0.2296875
3 0.503125 0.49453125 0.5 0.6140625
6 0.95703125 0.5796875 0.08046875 0.26171875
6 0.66953125 0.01953125 0.24453125 0.03828125
6 0.89609375 0.02890625 0.203125 0.0578125
6 0.35 0.034375 0.25 0.06875
6 0.4984375 0.85390625 0.253125 0.19296875
6 0.465625 0.9625 0.29140625 0.07421875
6 0.12109375 0.0484375 0.24140625 0.09609375
6 0.93359375 0.1609375 0.128125 0.2453125
6 0.07109375 0.18984375 0.14140625 0.23671875
6 0.09453125 0.80859375 0.1890625 0.25078125
6 0.259375 0.89921875 0.2359375 0.20078125
6 0.8140625 0.846875 0.271875 0.26171875
6 0.2125 0.35703125 0.246875 0.22890625
6 0.14609375 0.5921875 0.2359375 0.23671875
6 0.5078125 0.1015625 0.25 0.203125
6 0.7625 0.23828125 0.24140625 0.21796875
6 0.86640625 0.42734375 0.2390625 0.23125