6 0.9625 0.09765625 0.06953125 0.18984375
6 0.059375 0.01484375 0.11875 0.0296875
3 0.51953125 0.4984375 0.44453125 0.61171875
6 0.8984375 0.51953125 0.196875 0.22890625
6 0.8953125 0.0203125 0.209375 0.040625
6 0.0734375 0.36484375 0.146875 0.2453125
6 0.8546875 0.9734375 0.234375 0.053125
6 0.65703125 0.96953125 0.2640625 0.0609375
6 0.81953125 0.49609375 0.271875 0.24765625
6 0.721875 0.84453125 0.24453125 0.22890625
6 0.3140625 0.7234375 0.25546875 0.234375
6 0.0609375 0.59921875 0.121875 0.25078125
6 0.5875 0.8828125 0.2359375 0.2234375
6 0.09140625 0.23203125 0.1828125 0.2234375
6 0.78359375 0.28203125 0.26640625 0.2234375
6 0.24140625 0.475 0.2390625 0.2671875
6 0.29609375 0.871875 0.25859375 0.23984375
6 0.646875 0.1421875 0.25 0.23984375