6 0.96953125 0.49609375 0.0609375 0.22578125
3 0.49609375 0.49296875 0.525 0.71640625
6 0.05 0.10625 0.1 0.2125
6 0.49609375 0.03828125 0.2359375 0.0765625
5 0.671875 0.13203125 0.078125 0.0828125
6 0.784375 0.0828125 0.225 0.165625
6 0.8375 0.48359375 0.225 0.25078125
6 0.678125 0.8046875 0.228125 0.209375
6 0.23046875 0.89140625 0.2109375 0.1953125
6 0.490625 0.91171875 0.246875 0.1765625
6 0.16953125 0.29609375 0.24453125 0.234375
6 0.0890625 0.5203125 0.178125 0.22578125
6 0.89296875 0.75859375 0.20859375 0.25625
6 0.190625 0.67734375 0.21953125 0.209375
6 0.39296875 0.16796875 0.26953125 0.22578125
6 0.8609375 0.25234375 0.26640625 0.22890625