6 0.2671875 0.009375 0.225 0.01875
6 0.6859375 0.8125 0.20546875 0.1484375
6 0.9828125 0.3375 0.03359375 0.21796875
6 0.84453125 0.64296875 0.23359375 0.25078125
3 0.503125 0.5015625 0.4390625 0.4625
6 0.6140625 0.02890625 0.271875 0.0578125
6 0.96796875 0.8859375 0.0640625 0.20078125
6 0.15546875 0.440625 0.19453125 0.23125
6 0.95234375 0.02421875 0.0953125 0.0484375
6 0.10703125 0.06171875 0.21328125 0.1234375
6 0.8859375 0.590625 0.20546875 0.1953125
6 0.0890625 0.5921875 0.178125 0.22578125
6 0.26796875 0.93515625 0.25859375 0.1296875
6 0.73359375 0.0609375 0.221875 0.12109375
6 0.6765625 0.88671875 0.23046875 0.2203125
5 0.08203125 0.23671875 0.08046875 0.0828125
6 0.353125 0.14453125 0.24453125 0.22890625
6 0.1015625 0.88828125 0.203125 0.2234375
6 0.89609375 0.125 0.203125 0.20625
6 0.60859375 0.1640625 0.25 0.22890625
6 0.1125 0.515625 0.2046875 0.215625
6 0.92890625 0.5546875 0.1421875 0.184375