6 0.23203125 0.7671875 0.203125 0.1953125
6 0.98046875 0.071875 0.0390625 0.14296875
6 0.4359375 0.94609375 0.2390625 0.1078125
6 0.85859375 0.26015625 0.24453125 0.20078125
6 0.1765625 0.85390625 0.24140625 0.22578125
6 0.08203125 0.1765625 0.1640625 0.20390625
6 0.4875 0.8 0.2640625 0.2234375
6 0.61953125 0.6984375 0.23359375 0.21796875
6 0.76640625 0.77265625 0.2109375 0.21796875
3 0.509375 0.47265625 0.475 0.4765625
5 0.1375 0.07734375 0.06953125 0.06640625
6 0.334375 0.953125 0.20859375 0.09375
6 0.51953125 0.04296875 0.23359375 0.08515625
6 0.74296875 0.9546875 0.253125 0.090625
6 0.7765625 0.61328125 0.23046875 0.22890625
6 0.703125 0.084375 0.228125 0.16796875
6 0.309375 0.09765625 0.225 0.1953125
6 0.88359375 0.15859375 0.221875 0.1953125
6 0.07890625 0.646875 0.1578125 0.259375
6 0.90859375 0.4296875 0.178125 0.22578125
6 0.1875 0.44375 0.225 0.21484375
6 0.90703125 0.9078125 0.18046875 0.184375
6 0.95546875 0.571875 0.08828125 0.228125
6 0.2421875 0.22578125 0.26171875 0.2515625