6 0.834375 0.4296875 0.21953125 0.20390625
6 0.796875 0.23125 0.21640625 0.1875
6 0.04140625 0.1625 0.0828125 0.1875
6 0.971875 0.14453125 0.05546875 0.234375
6 0.7609375 0.98046875 0.20546875 0.03828125
3 0.50703125 0.4859375 0.49140625 0.5703125
6 0.10703125 0.11015625 0.20859375 0.2203125
6 0.1359375 0.96953125 0.1890625 0.0609375
6 0.5015625 0.9640625 0.24140625 0.071875
6 0.57109375 0.82109375 0.253125 0.2203125
6 0.078125 0.684375 0.15546875 0.234375
6 0.80703125 0.85234375 0.24140625 0.1953125
6 0.084375 0.840625 0.16875 0.21875
6 0.3 0.92265625 0.2 0.15390625
6 0.2375 0.5453125 0.2140625 0.21484375
6 0.79296875 0.1046875 0.24140625 0.20390625
6 0.91953125 0.35703125 0.15 0.21796875
6 0.14453125 0.334375 0.25 0.22890625
6 0.2625 0.71875 0.2140625 0.2203125
6 0.3125 0.15859375 0.21953125 0.2234375
6 0.915625 0.671875 0.1640625 0.2203125