6 0.01796875 0.8359375 0.0359375 0.20625
6 0.9578125 0.53828125 0.084375 0.2453125
3 0.496875 0.4890625 0.5109375 0.653125
6 0.0859375 0.96953125 0.171875 0.0609375
6 0.3765625 0.02890625 0.23046875 0.0578125
6 0.8265625 0.97109375 0.2359375 0.0578125
5 0.59609375 0.05078125 0.096875 0.07421875
6 0.265625 0.94609375 0.2359375 0.1078125
6 0.753125 0.05625 0.23125 0.1125
6 0.9359375 0.209375 0.121875 0.26484375
6 0.14296875 0.46796875 0.225 0.25859375
6 0.53359375 0.90859375 0.2703125 0.1828125
6 0.12890625 0.278125 0.246875 0.24765625
6 0.27890625 0.7328125 0.2359375 0.23125
6 0.765625 0.77109375 0.253125 0.25859375