6 0.9890625 0.628125 0.021875 0.2421875
0 0.5578125 0.51796875 0.58203125 0.6171875
6 0.03203125 0.5921875 0.0640625 0.253125
6 0.53203125 0.0140625 0.23046875 0.02734375
6 0.459375 0.98359375 0.225 0.0328125
6 0.6921875 0.97890625 0.225 0.0421875
6 0.91953125 0.9765625 0.1609375 0.046875
6 0.80859375 0.1984375 0.21640625 0.22578125
6 0.74453125 0.04375 0.2109375 0.0875
6 0.921875 0.06640625 0.15 0.13203125
6 0.0640625 0.11328125 0.128125 0.2203125
6 0.2390625 0.2 0.25 0.28359375
6 0.175 0.64296875 0.228125 0.234375
6 0.084375 0.8453125 0.16875 0.23125
6 0.89140625 0.51640625 0.2109375 0.2125
6 0.6359375 0.1875 0.24453125 0.23125
6 0.8890625 0.8 0.221875 0.26171875
6 0.721875 0.66015625 0.24453125 0.2453125
6 0.5765625 0.86953125 0.23046875 0.2125
6 0.0765625 0.35390625 0.153125 0.23984375
6 0.30546875 0.88125 0.25 0.23671875