6 0.9875 0.94765625 0.025 0.1046875
6 0.98203125 0.06171875 0.0359375 0.1234375
6 0.9640625 0.56484375 0.06640625 0.23125
6 0.88046875 0.984375 0.2109375 0.03125
3 0.50703125 0.5125 0.5359375 0.55078125
6 0.0375 0.828125 0.075 0.2234375
6 0.9515625 0.234375 0.096875 0.22578125
5 0.6859375 0.09765625 0.06640625 0.08515625
6 0.271875 0.303125 0.221875 0.22578125
5 0.9359375 0.41328125 0.08359375 0.07734375
6 0.94609375 0.76484375 0.103125 0.2234375
6 0.6734375 0.92421875 0.246875 0.1515625
6 0.775 0.2421875 0.25 0.25859375
6 0.23359375 0.16640625 0.25 0.21796875
6 0.24453125 0.6609375 0.23359375 0.23671875
6 0.10546875 0.05625 0.2109375 0.1125
6 0.12109375 0.440625 0.2140625 0.23671875
6 0.453125 0.88125 0.23359375 0.21484375
6 0.1625 0.81953125 0.203125 0.22890625
6 0.80390625 0.66953125 0.23046875 0.23671875