6 0.9875 0.234375 0.025 0.22578125
6 0.9765625 0.521875 0.046875 0.25078125
6 0.6015625 0.8234375 0.203125 0.24765625
6 0.5265625 0.77265625 0.175 0.184375
3 0.50546875 0.49453125 0.528125 0.4765625
6 0.659375 0.97109375 0.20859375 0.0578125
4 0.8390625 0.7984375 0.321875 0.403125
5 0.15546875 0.41484375 0.08359375 0.0796875
5 0.9390625 0.1515625 0.1 0.09375
6 0.04296875 0.90078125 0.0859375 0.1984375
6 0.190625 0.5796875 0.203125 0.2453125
6 0.515625 0.03046875 0.21953125 0.0609375
6 0.0609375 0.67890625 0.121875 0.26171875
6 0.19609375 0.79375 0.21953125 0.209375
6 0.078125 0.084375 0.15546875 0.16796875
6 0.87109375 0.4421875 0.2359375 0.23984375
6 0.0765625 0.2890625 0.153125 0.2203125
6 0.35390625 0.18046875 0.23046875 0.2125