6 0.9828125 0.61640625 0.034375 0.2046875
6 0.7734375 0.0109375 0.24140625 0.021875
6 0.0265625 0.81796875 0.053125 0.22578125
6 0.975 0.07265625 0.05 0.1453125
6 0.01640625 0.0828125 0.0328125 0.165625
6 0.04453125 0.475 0.0890625 0.21796875
3 0.4875 0.49453125 0.5359375 0.55390625
6 0.2484375 0.9640625 0.24140625 0.071875
6 0.72109375 0.846875 0.24140625 0.1953125
6 0.06640625 0.9546875 0.1328125 0.090625
6 0.165625 0.3390625 0.21953125 0.1875
6 0.23359375 0.69453125 0.19453125 0.2203125
6 0.8984375 0.92578125 0.196875 0.1484375
6 0.9125 0.47109375 0.16953125 0.27578125
6 0.5875 0.79765625 0.24140625 0.20078125
6 0.12890625 0.06640625 0.2140625 0.13203125
6 0.846875 0.1078125 0.21640625 0.19296875
6 0.59140625 0.18046875 0.221875 0.1953125
6 0.784375 0.6078125 0.1859375 0.2125
6 0.3625 0.1828125 0.25859375 0.20625
6 0.06796875 0.26328125 0.1359375 0.21796875
6 0.353125 0.834375 0.25 0.2203125
6 0.0890625 0.6390625 0.178125 0.2203125