6 0.959375 0.70625 0.075 0.2890625
6 0.025 0.1046875 0.05 0.209375
6 0.3875 0.9859375 0.203125 0.02734375
3 0.490625 0.546875 0.64140625 0.5375
6 0.03046875 0.76015625 0.0609375 0.23671875
6 0.1484375 0.034375 0.24140625 0.06875
6 0.50390625 0.03984375 0.21953125 0.0796875
6 0.85390625 0.9390625 0.20859375 0.12109375
6 0.19375 0.9375 0.228125 0.125
6 0.8609375 0.603125 0.25 0.22578125
6 0.0859375 0.4421875 0.171875 0.25078125
6 0.15703125 0.75078125 0.20859375 0.2234375
6 0.7984375 0.265625 0.246875 0.234375
6 0.921875 0.40234375 0.15 0.20390625
6 0.48359375 0.1953125 0.26640625 0.23125
6 0.89453125 0.08671875 0.20546875 0.1734375
6 0.74296875 0.81796875 0.225 0.209375
6 0.24140625 0.17109375 0.221875 0.2421875