6 0.8390625 0.9296875 0.278125 0.140625
6 0.05390625 0.3765625 0.1078125 0.23125
6 0.80859375 0.325 0.2 0.19296875
6 0.9609375 0.0328125 0.078125 0.065625
6 0.590625 0.9171875 0.246875 0.165625
6 0.98203125 0.6890625 0.0359375 0.1984375
6 0.8265625 0.4546875 0.2140625 0.19296875
6 0.1515625 0.75859375 0.24140625 0.23984375
5 0.9640625 0.87890625 0.0609375 0.071875
6 0.075 0.02578125 0.15 0.0515625
3 0.5015625 0.4984375 0.46953125 0.40234375
6 0.05390625 0.69453125 0.1078125 0.2515625
6 0.7265625 0.23671875 0.196875 0.24765625
6 0.496875 0.9140625 0.221875 0.171875
5 0.12890625 0.64609375 0.06953125 0.07421875
5 0.25859375 0.36640625 0.06640625 0.071875
6 0.75 0.88828125 0.2390625 0.21796875
6 0.58203125 0.05234375 0.2359375 0.1046875
6 0.35546875 0.1140625 0.271875 0.184375
6 0.11796875 0.9390625 0.2359375 0.12109375
6 0.1296875 0.08515625 0.234375 0.1703125
6 0.8765625 0.13515625 0.23046875 0.2203125
6 0.865625 0.59765625 0.20859375 0.1875
6 0.178125 0.50390625 0.21640625 0.2421875
6 0.14609375 0.26875 0.203125 0.20078125
6 0.3640625 0.76171875 0.21640625 0.20625