3 0.5015625 0.49609375 0.49140625 0.490625
6 0.0359375 0.3734375 0.071875 0.25078125
6 0.9015625 0.89921875 0.19140625 0.20078125
6 0.55703125 0.05234375 0.24140625 0.1046875
6 0.80546875 0.07578125 0.278125 0.1515625
6 0.0734375 0.9375 0.146875 0.125
6 0.734375 0.75625 0.23046875 0.2671875
6 0.921875 0.6078125 0.15 0.2125
6 0.0765625 0.7421875 0.153125 0.2453125
6 0.5140625 0.8265625 0.228125 0.22578125
6 0.853125 0.38828125 0.271875 0.2421875
6 0.3609375 0.12265625 0.24453125 0.1953125
6 0.2484375 0.3140625 0.25859375 0.2203125
6 0.2640625 0.71328125 0.25 0.2203125