6 0.5125 0.0125 0.246875 0.025
5 0.28203125 0.50390625 0.1140625 0.115625
6 0.09296875 0.98203125 0.1859375 0.0359375
3 0.5390625 0.5046875 0.51640625 0.7640625
6 0.0453125 0.0796875 0.090625 0.159375
6 0.5109375 0.09375 0.3 0.1875
6 0.7765625 0.18203125 0.23046875 0.23671875
6 0.92109375 0.28515625 0.146875 0.2453125
6 0.740625 0.04921875 0.234375 0.0984375
6 0.91484375 0.08671875 0.1703125 0.1734375
6 0.05546875 0.78359375 0.1109375 0.30546875
6 0.8234375 0.44609375 0.1859375 0.27578125
6 0.28359375 0.92578125 0.221875 0.1484375
6 0.7140625 0.81796875 0.24453125 0.2921875
6 0.5140625 0.91875 0.23359375 0.1625
6 0.115625 0.3859375 0.23046875 0.29765625
6 0.253125 0.7234375 0.26640625 0.25078125