6 0.64453125 0.11171875 0.24453125 0.2234375
5 0.3890625 0.6734375 0.0890625 0.08515625
6 0.96328125 0.95546875 0.0671875 0.0890625
6 0.034375 0.4359375 0.06875 0.228125
3 0.496875 0.49140625 0.55 0.509375
5 0.02109375 0.2703125 0.04140625 0.071875
6 0.2046875 0.02578125 0.20625 0.0515625
6 0.540625 0.9609375 0.215625 0.078125
6 0.50390625 0.884375 0.2140625 0.2203125
6 0.30390625 0.9640625 0.246875 0.071875
6 0.7359375 0.1875 0.228125 0.23125
6 0.934375 0.125 0.13046875 0.2234375
6 0.33359375 0.7765625 0.19453125 0.20390625
6 0.6734375 0.77109375 0.23046875 0.21484375
6 0.19140625 0.55625 0.228125 0.18203125
6 0.75859375 0.928125 0.221875 0.14296875
6 0.4015625 0.08984375 0.24140625 0.17890625
6 0.82109375 0.61875 0.203125 0.20625
6 0.20859375 0.37578125 0.20546875 0.20625
6 0.1015625 0.9078125 0.203125 0.184375
6 0.896875 0.328125 0.2 0.22578125
6 0.15703125 0.15546875 0.21953125 0.21796875
6 0.89609375 0.8125 0.203125 0.23671875
6 0.078125 0.70546875 0.15546875 0.22578125