5 0.825 0.61171875 0.121875 0.08828125
6 0.053125 0.5328125 0.10546875 0.2453125
6 0.9640625 0.33203125 0.071875 0.25078125
3 0.50859375 0.478125 0.55546875 0.559375
6 0.96796875 0.6140625 0.0640625 0.2421875
6 0.040625 0.1875 0.08046875 0.23671875
6 0.8265625 0.58515625 0.20859375 0.2234375
6 0.9453125 0.96953125 0.109375 0.0609375
6 0.4515625 0.965625 0.2359375 0.06875
6 0.06796875 0.65703125 0.1359375 0.2125
6 0.925 0.1390625 0.14453125 0.2234375
6 0.23046875 0.94921875 0.228125 0.1015625
6 0.61953125 0.86484375 0.221875 0.22578125
6 0.5140625 0.05546875 0.2390625 0.11015625
6 0.7515625 0.0703125 0.2359375 0.140625
6 0.50859375 0.86796875 0.1890625 0.17109375
6 0.81953125 0.92265625 0.2109375 0.15390625
6 0.2 0.54296875 0.221875 0.23671875
6 0.10703125 0.85 0.2140625 0.21796875
6 0.834375 0.32265625 0.23046875 0.24765625
6 0.32890625 0.15 0.25859375 0.1953125
6 0.1125 0.3359375 0.225 0.24765625