3 0.496875 0.50703125 0.428125 0.49609375
6 0.0265625 0.40078125 0.053125 0.23984375
6 0.9734375 0.26328125 0.053125 0.2234375
6 0.05 0.85 0.1 0.25625
6 0.15390625 0.68046875 0.26953125 0.2703125
6 0.85546875 0.3515625 0.25 0.234375
6 0.26015625 0.97890625 0.2453125 0.0421875
6 0.24296875 0.0375 0.225 0.07421875
6 0.93046875 0.496875 0.1390625 0.25625
6 0.06640625 0.04921875 0.1328125 0.0984375
6 0.06796875 0.6140625 0.1359375 0.23125
6 0.0734375 0.20078125 0.146875 0.21484375
6 0.784375 0.56875 0.203125 0.234375
6 0.8765625 0.06640625 0.2359375 0.13203125
6 0.3234375 0.83984375 0.28046875 0.253125
6 0.24140625 0.15546875 0.2 0.234375
6 0.19609375 0.4796875 0.24140625 0.23671875
6 0.5984375 0.19296875 0.253125 0.22578125
6 0.621875 0.8375 0.24453125 0.23671875
6 0.8390625 0.71640625 0.23359375 0.2203125