6 0.015625 0.74140625 0.03046875 0.209375
6 0.82109375 0.55234375 0.21953125 0.278125
6 0.21953125 0.72890625 0.23359375 0.27265625
6 0.18203125 0.334375 0.2640625 0.2234375
6 0.71875 0.04921875 0.234375 0.0984375
6 0.9015625 0.55234375 0.1859375 0.2671875
2 0.503125 0.496875 0.43359375 0.44375
6 0.19296875 0.45859375 0.2359375 0.25625
6 0.0515625 0.2125 0.103125 0.23671875
6 0.134375 0.77421875 0.203125 0.23125
6 0.890625 0.3046875 0.2140625 0.20625
6 0.74453125 0.1171875 0.2390625 0.2125
6 0.071875 0.93828125 0.14375 0.1203125
6 0.2765625 0.93125 0.26953125 0.1375
6 0.9234375 0.1078125 0.153125 0.21484375
6 0.778125 0.79375 0.228125 0.21484375
6 0.49296875 0.82890625 0.246875 0.22578125
6 0.35703125 0.11171875 0.26953125 0.2234375