6 0.975 0.7796875 0.05 0.21484375
3 0.5 0.496875 0.528125 0.5375
6 0.896875 0.025 0.20546875 0.04921875
6 0.90546875 0.5484375 0.18359375 0.22578125
6 0.0375 0.42265625 0.075 0.22890625
6 0.1890625 0.40078125 0.2109375 0.20078125
6 0.89453125 0.95703125 0.20546875 0.08515625
6 0.06796875 0.9046875 0.1359375 0.18984375
6 0.9359375 0.21875 0.121875 0.25078125
6 0.1125 0.78671875 0.21953125 0.234375
6 0.28984375 0.06171875 0.2578125 0.1234375
6 0.71796875 0.91328125 0.21953125 0.1734375
6 0.56640625 0.80703125 0.25 0.20390625
6 0.67265625 0.090625 0.2359375 0.18125
6 0.771875 0.69296875 0.2109375 0.23984375
6 0.32890625 0.76484375 0.225 0.234375
6 0.1609375 0.5375 0.221875 0.22578125
6 0.3515625 0.22421875 0.253125 0.20625
6 0.76953125 0.2703125 0.221875 0.22578125