6 0.97734375 0.340625 0.0453125 0.23125
5 0.6359375 0.9765625 0.1390625 0.046875
3 0.5 0.490625 0.6859375 0.63671875
6 0.0890625 0.58828125 0.178125 0.278125
6 0.946875 0.11015625 0.10546875 0.2203125
6 0.846875 0.95859375 0.26640625 0.0828125
6 0.25234375 0.04375 0.2953125 0.0875
6 0.92890625 0.71875 0.14140625 0.2921875
6 0.78125 0.05625 0.26875 0.1125
6 0.5265625 0.08671875 0.2640625 0.1734375
6 0.81953125 0.2921875 0.25 0.27578125
6 0.1109375 0.1515625 0.221875 0.21484375
6 0.32109375 0.85 0.2640625 0.26171875
6 0.11953125 0.371875 0.2390625 0.24765625
6 0.34453125 0.18046875 0.26640625 0.25078125
6 0.096875 0.8625 0.19375 0.271875