6 0.95546875 0.0140625 0.0890625 0.02734375
6 0.20625 0.03828125 0.23125 0.0765625
3 0.50546875 0.4984375 0.48359375 0.49609375
6 0.065625 0.96796875 0.13046875 0.06328125
6 0.04453125 0.2578125 0.0890625 0.25625
6 0.9515625 0.30859375 0.09140625 0.23671875
6 0.95 0.79765625 0.09453125 0.2234375
6 0.9 0.9625 0.19453125 0.07421875
6 0.10234375 0.07265625 0.2046875 0.1453125
6 0.678125 0.96640625 0.225 0.0671875
6 0.29140625 0.8359375 0.24453125 0.2234375
6 0.390625 0.90078125 0.2140625 0.1984375
6 0.58203125 0.825 0.19140625 0.21796875
6 0.76796875 0.74765625 0.2140625 0.20078125
6 0.23203125 0.33359375 0.21953125 0.20390625
6 0.10859375 0.496875 0.21640625 0.21796875
6 0.34296875 0.140625 0.23046875 0.23125
6 0.64609375 0.17109375 0.225 0.22578125
6 0.8609375 0.165625 0.228125 0.2203125
6 0.8984375 0.5125 0.196875 0.209375
6 0.1109375 0.71796875 0.2109375 0.21796875
5 0.771875 0.75859375 0.059375 0.06875