6 0.81953125 0.57265625 0.25 0.2921875
6 0.965625 0.59609375 0.0640625 0.18984375
3 0.503125 0.5 0.5390625 0.5375
6 0.7875 0.97890625 0.225 0.0421875
6 0.95546875 0.25859375 0.08359375 0.1984375
6 0.05390625 0.8328125 0.1078125 0.3
6 0.05703125 0.23984375 0.1140625 0.209375
6 0.8234375 0.346875 0.19140625 0.18203125
6 0.10234375 0.078125 0.2046875 0.15625
6 0.17890625 0.54375 0.203125 0.26171875
6 0.5875 0.103125 0.2140625 0.20625
6 0.4015625 0.1609375 0.246875 0.21796875
6 0.58046875 0.8828125 0.2609375 0.234375
6 0.35546875 0.78515625 0.24453125 0.22578125