3 0.5 0.49296875 0.5 0.5125
6 0.04296875 0.478125 0.0859375 0.2453125
6 0.14140625 0.02890625 0.24453125 0.0578125
5 0.95703125 0.3171875 0.08046875 0.0828125
6 0.70703125 0.9515625 0.225 0.09609375
6 0.6640625 0.05546875 0.2109375 0.11015625
6 0.0640625 0.73984375 0.128125 0.21796875
6 0.84296875 0.39921875 0.25859375 0.2421875
6 0.39296875 0.1484375 0.2359375 0.24765625
6 0.175 0.61875 0.21640625 0.29453125
6 0.17109375 0.9078125 0.21953125 0.184375
6 0.35 0.78125 0.25 0.27265625
6 0.86796875 0.85390625 0.246875 0.19296875
6 0.57109375 0.8390625 0.203125 0.21796875
6 0.8640625 0.11328125 0.2390625 0.22578125