6 0.36796875 0.20078125 0.2140625 0.24765625
6 0.0265625 0.3859375 0.053125 0.23671875
6 0.4984375 0.79609375 0.1859375 0.14296875
3 0.50703125 0.5 0.4359375 0.509375
6 0.1140625 0.55625 0.221875 0.24765625
6 0.059375 0.62734375 0.11875 0.2484375
6 0.709375 0.8921875 0.225 0.20390625
5 0.25390625 0.46796875 0.096875 0.09375
6 0.74765625 0.9375 0.2078125 0.125
6 0.509375 0.92265625 0.2140625 0.15390625
6 0.06484375 0.0796875 0.1296875 0.159375
6 0.934375 0.39140625 0.125 0.2203125
6 0.26796875 0.1625 0.203125 0.20390625
6 0.0890625 0.27265625 0.178125 0.2203125
6 0.8984375 0.16015625 0.196875 0.253125
6 0.69296875 0.17109375 0.20859375 0.1875
6 0.91796875 0.68984375 0.15859375 0.21796875
6 0.1140625 0.86953125 0.21640625 0.20625