6 0.2859375 0.01640625 0.2390625 0.0328125
6 0.03203125 0.94609375 0.0640625 0.1078125
6 0.51640625 0.01953125 0.21640625 0.03828125
3 0.50859375 0.509375 0.571875 0.55078125
6 0.20546875 0.09765625 0.221875 0.18984375
6 0.9484375 0.9421875 0.096875 0.115625
5 0.390625 0.22421875 0.09140625 0.08515625
6 0.8359375 0.45625 0.2 0.20625
6 0.17421875 0.95 0.2328125 0.1
6 0.775 0.05546875 0.24453125 0.11015625
6 0.06953125 0.1953125 0.1390625 0.2421875
5 0.78359375 0.15859375 0.071875 0.06875
6 0.59140625 0.9296875 0.2390625 0.140625
6 0.40234375 0.903125 0.2046875 0.19375
6 0.7375 0.26328125 0.23046875 0.2125
6 0.8625 0.58671875 0.24140625 0.2421875
6 0.05546875 0.64453125 0.1109375 0.21484375
6 0.253125 0.29609375 0.21640625 0.2125
6 0.17109375 0.5234375 0.203125 0.2203125
6 0.215625 0.7890625 0.24140625 0.2234375
6 0.7390625 0.79609375 0.23359375 0.23671875
6 0.54609375 0.16640625 0.2140625 0.2125