5 0.5 0.51796875 0.2109375 0.2203125
6 0.025 0.03828125 0.05 0.0765625
6 0.61875 0.11953125 0.2 0.2390625
6 0.96953125 0.559375 0.0609375 0.2203125
6 0.8359375 0.021875 0.24453125 0.04375
5 0.13046875 0.7296875 0.171875 0.15390625
6 0.22109375 0.03828125 0.2359375 0.0765625
6 0.046875 0.41796875 0.09375 0.2265625
6 0.9125 0.9421875 0.16953125 0.115625
6 0.715625 0.14765625 0.2359375 0.2125
6 0.37734375 0.9375 0.2453125 0.125
6 0.0765625 0.89921875 0.153125 0.20078125
6 0.92734375 0.19453125 0.1453125 0.2140625
6 0.3234375 0.40625 0.246875 0.23984375
6 0.32890625 0.61953125 0.20859375 0.21484375
6 0.67890625 0.8578125 0.24140625 0.2234375
6 0.509375 0.71640625 0.21953125 0.209375
6 0.13046875 0.55234375 0.2390625 0.20078125
6 0.38359375 0.15859375 0.24453125 0.2234375
6 0.55546875 0.3265625 0.2390625 0.20625
6 0.8859375 0.73515625 0.221875 0.23671875
6 0.834375 0.4203125 0.225 0.2125
6 0.6984375 0.61015625 0.21953125 0.22890625