6 0.090625 0.0828125 0.18046875 0.165625
6 0.9765625 0.55390625 0.046875 0.1984375
6 0.9609375 0.7578125 0.071875 0.23671875
6 0.93984375 0.03671875 0.1203125 0.0734375
6 0.3609375 0.071875 0.25546875 0.14296875
5 0.4984375 0.52578125 0.20859375 0.2203125
6 0.690625 0.95546875 0.284375 0.0890625
6 0.5828125 0.0328125 0.25 0.065625
6 0.15 0.125 0.20546875 0.2453125
6 0.559375 0.91015625 0.25859375 0.17890625
6 0.16953125 0.90234375 0.25546875 0.1953125
6 0.075 0.39140625 0.15 0.253125
6 0.8875 0.896875 0.21953125 0.20625
6 0.346875 0.17890625 0.23359375 0.22578125
6 0.828125 0.7078125 0.23359375 0.2203125
6 0.87890625 0.4046875 0.2359375 0.26484375
6 0.1640625 0.57578125 0.26640625 0.25859375
6 0.61640625 0.7109375 0.21640625 0.22578125