6 0.98984375 0.23125 0.0203125 0.209375
5 0.49453125 0.503125 0.2109375 0.21796875
6 0.1390625 0.5484375 0.2109375 0.22578125
6 0.471875 0.23828125 0.19453125 0.234375
6 0.61796875 0.6859375 0.23046875 0.23125
6 0.965625 0.67109375 0.0640625 0.2125
6 0.096875 0.07578125 0.19375 0.1515625
6 0.67109375 0.63671875 0.2140625 0.1984375
6 0.08046875 0.9765625 0.1609375 0.046875
6 0.540625 0.03046875 0.2859375 0.0609375
6 0.0734375 0.571875 0.146875 0.234375
6 0.90859375 0.06171875 0.1796875 0.1234375
6 0.271875 0.3046875 0.221875 0.2125
6 0.3140625 0.07578125 0.23359375 0.1515625
6 0.26796875 0.93671875 0.2359375 0.1265625
6 0.88359375 0.16953125 0.20546875 0.20078125
6 0.7265625 0.41015625 0.2359375 0.209375
6 0.828125 0.88984375 0.2390625 0.2203125
6 0.0765625 0.31953125 0.153125 0.21484375
6 0.21796875 0.76875 0.2140625 0.20390625
6 0.5 0.88984375 0.2609375 0.2203125
6 0.66796875 0.1609375 0.21953125 0.21796875
6 0.915625 0.4515625 0.1640625 0.253125
6 0.05078125 0.85 0.10078125 0.2078125
6 0.8515625 0.79375 0.22890625 0.1703125