6 0.196875 0.05546875 0.23359375 0.11015625
5 0.496875 0.5 0.171875 0.17890625
5 0.234375 0.0609375 0.13046875 0.115625
6 0.2 0.98984375 0.228125 0.0203125
5 0.04453125 0.9859375 0.0890625 0.02734375
6 0.23046875 0.18046875 0.3 0.2125
6 0.5765625 0.07265625 0.225 0.1453125
6 0.175 0.51640625 0.271875 0.2125
6 0.275 0.92578125 0.228125 0.1484375
6 0.65390625 0.88671875 0.275 0.22578125
6 0.0359375 0.428125 0.071875 0.25078125
5 0.6140625 0.5609375 0.09453125 0.08515625
6 0.9140625 0.13515625 0.16640625 0.24765625
6 0.8859375 0.34453125 0.21640625 0.20390625
6 0.4265625 0.35703125 0.2859375 0.23984375
6 0.40390625 0.103125 0.225 0.20625
6 0.69609375 0.746875 0.246875 0.24765625
6 0.9140625 0.92421875 0.171875 0.1515625
6 0.1859375 0.29609375 0.2390625 0.2234375
6 0.0625 0.79765625 0.125 0.27265625
6 0.15546875 0.61171875 0.21640625 0.209375
6 0.4890625 0.68046875 0.2109375 0.1984375
6 0.75859375 0.07734375 0.221875 0.15390625
6 0.896875 0.75625 0.2 0.234375
6 0.3140625 0.815625 0.228125 0.20390625
6 0.89140625 0.48359375 0.20546875 0.22890625
6 0.77578125 0.61328125 0.20859375 0.2140625