6 0.31953125 0.99140625 0.178125 0.01640625
5 0.5 0.503125 0.2 0.2125
6 0.946875 0.409375 0.1 0.30546875
6 0.96953125 0.82265625 0.0609375 0.22890625
6 0.028125 0.94453125 0.05546875 0.11015625
6 0.85703125 0.96796875 0.24140625 0.06328125
6 0.7875 0.03203125 0.2359375 0.06328125
6 0.64453125 0.3921875 0.2609375 0.25625
6 0.05546875 0.06484375 0.1109375 0.1296875
6 0.79609375 0.41875 0.225 0.22578125
6 0.5359375 0.0921875 0.25 0.184375
6 0.3875 0.3 0.203125 0.2703125
6 0.16640625 0.54140625 0.228125 0.2234375
6 0.296875 0.790625 0.2 0.21484375
6 0.14140625 0.2453125 0.2390625 0.23125
6 0.90703125 0.125 0.18046875 0.234375
6 0.5625 0.7328125 0.23046875 0.25859375
6 0.79609375 0.70546875 0.2640625 0.253125
6 0.075 0.76171875 0.15 0.2453125