6 0.934375 0.115625 0.125 0.23125
5 0.72109375 0.94453125 0.08046875 0.07734375
5 0.4984375 0.5 0.175 0.17890625
5 0.2609375 0.64453125 0.071875 0.08828125
6 0.8625 0.27109375 0.26953125 0.278125
6 0.0609375 0.8625 0.121875 0.24765625
6 0.82109375 0.06484375 0.225 0.1296875
6 0.5875 0.07578125 0.25859375 0.1515625
6 0.70546875 0.34609375 0.20546875 0.2234375
6 0.0765625 0.14453125 0.153125 0.234375
6 0.065625 0.3828125 0.13046875 0.2421875
6 0.265625 0.19296875 0.225 0.23671875
6 0.11953125 0.67734375 0.2390625 0.23125
6 0.896875 0.85390625 0.2 0.2421875
6 0.496875 0.67890625 0.26640625 0.22890625
6 0.4875 0.31015625 0.2359375 0.21796875
6 0.359375 0.87734375 0.253125 0.2453125