6 0.009375 0.865625 0.01875 0.240625
6 0.009375 0.08984375 0.01875 0.1734375
6 0.9828125 0.44140625 0.034375 0.2234375
6 0.34296875 0.57265625 0.2140625 0.253125
5 0.5 0.4984375 0.16640625 0.165625
6 0.0234375 0.53984375 0.046875 0.22578125
6 0.87109375 0.81015625 0.253125 0.253125
6 0.1375 0.44375 0.2140625 0.23125
6 0.3609375 0.971875 0.228125 0.05625
6 0.8515625 0.04375 0.225 0.0875
6 0.13046875 0.13515625 0.21640625 0.25859375
6 0.33046875 0.115625 0.20546875 0.2203125
6 0.7890625 0.4421875 0.2109375 0.21796875
6 0.203125 0.5671875 0.25546875 0.22578125
6 0.72109375 0.1859375 0.16953125 0.30546875
6 0.5703125 0.903125 0.26875 0.19375
6 0.5484375 0.68984375 0.23046875 0.22890625
6 0.1125 0.7796875 0.225 0.209375