5 0.49609375 0.5015625 0.2359375 0.1984375
6 0.9453125 0.94296875 0.103125 0.1140625
6 0.6484375 0.4515625 0.23046875 0.346875
6 0.446875 0.04140625 0.2890625 0.0828125
6 0.9109375 0.6046875 0.171875 0.3171875
6 0.7140625 0.05625 0.278125 0.1125
6 0.40859375 0.89921875 0.34453125 0.20078125
6 0.375 0.6609375 0.31640625 0.2421875
6 0.29140625 0.3265625 0.278125 0.29453125
6 0.2390625 0.1046875 0.271875 0.209375
6 0.81953125 0.54375 0.2453125 0.35546875
6 0.76328125 0.17734375 0.25859375 0.20390625