6 0.57109375 0.9859375 0.246875 0.02734375
5 0.5015625 0.496875 0.18046875 0.16796875
6 0.0359375 0.07578125 0.071875 0.1515625
6 0.55546875 0.10625 0.221875 0.2125
6 0.05390625 0.740625 0.1078125 0.253125
6 0.7640625 0.06171875 0.25 0.1234375
6 0.34140625 0.0921875 0.21640625 0.184375
6 0.8671875 0.9265625 0.246875 0.146875
6 0.15859375 0.13203125 0.2390625 0.23671875
6 0.63203125 0.25078125 0.246875 0.2421875
6 0.28046875 0.81953125 0.20546875 0.21796875
6 0.646875 0.8359375 0.221875 0.25625
6 0.90703125 0.1640625 0.1859375 0.2671875
6 0.103125 0.91015625 0.20546875 0.17890625
6 0.45703125 0.67890625 0.26953125 0.23984375