6 0.9484375 0.984375 0.103125 0.03125
6 0.97890625 0.859375 0.04140625 0.21484375
6 0.8625 0.30703125 0.2359375 0.23984375
5 0.5015625 0.5125 0.29140625 0.325
6 0.875 0.090625 0.221875 0.18125
6 0.059375 0.66328125 0.11875 0.2765625
6 0.9125 0.77265625 0.16953125 0.20625
6 0.73203125 0.42578125 0.24140625 0.234375
6 0.2734375 0.63515625 0.246875 0.2453125
6 0.078125 0.0921875 0.15546875 0.184375
6 0.53046875 0.234375 0.228125 0.23671875
6 0.34453125 0.3265625 0.21640625 0.25078125
6 0.1359375 0.384375 0.24453125 0.23984375
6 0.69453125 0.72421875 0.25 0.23125