5 0.5 0.503125 0.178125 0.1953125
6 0.95859375 0.54375 0.078125 0.26171875
6 0.11640625 0.971875 0.2328125 0.05625
6 0.478125 0.96640625 0.246875 0.0671875
6 0.0734375 0.0484375 0.146875 0.09609375
6 0.909375 0.94765625 0.175 0.1046875
6 0.41640625 0.64609375 0.228125 0.234375
6 0.05390625 0.20703125 0.1078125 0.2515625
6 0.721875 0.95703125 0.23359375 0.08515625
6 0.93359375 0.090625 0.1296875 0.18125
6 0.64609375 0.29921875 0.25859375 0.2453125
6 0.2796875 0.890625 0.25625 0.21875
6 0.0875 0.7296875 0.175 0.23125
6 0.5359375 0.834375 0.2609375 0.2421875
6 0.21953125 0.1734375 0.26640625 0.24765625
6 0.771875 0.80859375 0.24453125 0.23984375
6 0.8765625 0.2671875 0.24140625 0.24765625
6 0.159375 0.521875 0.253125 0.23984375
6 0.790625 0.509375 0.2859375 0.28125