6 0.30234375 0.98984375 0.2453125 0.0203125
5 0.503125 0.5125 0.24453125 0.28125
6 0.865625 0.57421875 0.25859375 0.26171875
6 0.23046875 0.153125 0.29453125 0.278125
6 0.17890625 0.01484375 0.2640625 0.0296875
6 0.965625 0.96015625 0.0640625 0.0796875
6 0.08203125 0.7875 0.1640625 0.25859375
6 0.9703125 0.4375 0.059375 0.265625
6 0.5203125 0.02734375 0.23125 0.0546875
6 0.49609375 0.19453125 0.296875 0.28359375
6 0.86640625 0.03203125 0.24453125 0.06328125
6 0.06953125 0.665625 0.1390625 0.26171875
6 0.70859375 0.08671875 0.24453125 0.1734375
6 0.2359375 0.5671875 0.25546875 0.23671875
6 0.61796875 0.89375 0.21953125 0.2125
6 0.934375 0.76875 0.125 0.23671875
6 0.41796875 0.91015625 0.2859375 0.17890625
6 0.1125 0.19296875 0.225 0.28671875
6 0.228125 0.41328125 0.25546875 0.21484375
6 0.2875 0.77578125 0.25859375 0.2125
6 0.76796875 0.62421875 0.2359375 0.2453125
6 0.834375 0.234375 0.2640625 0.24765625