6 0.2875 0.9890625 0.2640625 0.021875
6 0.021875 0.5390625 0.04375 0.225
5 0.49453125 0.503125 0.23359375 0.22890625
6 0.73359375 0.509375 0.278125 0.1984375
6 0.96953125 0.25625 0.0609375 0.24765625
6 0.6546875 0.95 0.25625 0.1
6 0.87109375 0.09375 0.24140625 0.1875
6 0.05703125 0.72890625 0.1140625 0.21796875
6 0.24453125 0.0359375 0.25 0.071875
6 0.065625 0.0578125 0.13046875 0.115625
6 0.89375 0.94296875 0.20625 0.1140625
6 0.93203125 0.6421875 0.13046875 0.27578125
6 0.57109375 0.1390625 0.2640625 0.25625
6 0.078125 0.2203125 0.15546875 0.25859375
6 0.4375 0.88515625 0.275 0.2296875
6 0.77890625 0.8140625 0.2640625 0.25625
6 0.13203125 0.890625 0.2640625 0.21875
6 0.340625 0.18046875 0.24140625 0.23984375
6 0.5609375 0.70546875 0.28359375 0.23671875
6 0.20703125 0.3609375 0.25859375 0.26484375
6 0.7640625 0.265625 0.26640625 0.25078125