6 0.66953125 0.9046875 0.228125 0.18984375
5 0.50234375 0.509375 0.253125 0.2703125
6 0.0125 0.13515625 0.025 0.21484375
6 0.971875 0.5453125 0.05546875 0.2203125
6 0.22109375 0.078125 0.2390625 0.15625
6 0.959375 0.17734375 0.075 0.25625
6 0.05 0.8734375 0.1 0.24765625
6 0.8265625 0.6046875 0.23046875 0.2453125
6 0.2234375 0.171875 0.246875 0.18984375
6 0.70390625 0.78671875 0.2359375 0.2234375
6 0.8984375 0.9046875 0.196875 0.18984375
6 0.3875 0.93125 0.2640625 0.1375
6 0.671875 0.14296875 0.2609375 0.24765625
6 0.71796875 0.52734375 0.2140625 0.23984375
6 0.13359375 0.49453125 0.2390625 0.22890625
6 0.246875 0.72734375 0.2390625 0.2421875
6 0.8375 0.31796875 0.24140625 0.2234375
6 0.453125 0.27109375 0.228125 0.22890625