6 0.01796875 0.79453125 0.0359375 0.22890625
5 0.496875 0.52578125 0.2109375 0.209375
6 0.953125 0.9421875 0.0890625 0.115625
6 0.034375 0.55703125 0.06875 0.2296875
6 0.95703125 0.07578125 0.08046875 0.1515625
6 0.0515625 0.09765625 0.103125 0.1953125
6 0.80859375 0.0484375 0.23359375 0.09609375
6 0.56640625 0.06640625 0.2390625 0.13203125
6 0.11640625 0.93203125 0.2328125 0.1359375
6 0.4359375 0.9171875 0.23359375 0.165625
6 0.93046875 0.30546875 0.13359375 0.23671875
6 0.16640625 0.44375 0.23359375 0.2203125
6 0.48359375 0.2890625 0.2390625 0.2203125
6 0.33046875 0.1046875 0.25 0.209375
6 0.53359375 0.7296875 0.23359375 0.2203125
6 0.178125 0.7421875 0.24453125 0.234375
6 0.6875 0.90078125 0.2359375 0.1984375
6 0.71953125 0.584375 0.2390625 0.22578125
6 0.74296875 0.35703125 0.246875 0.234375
6 0.915625 0.65546875 0.1640625 0.26484375