6 0.08203125 0.034375 0.1640625 0.06875
6 0.09140625 0.68359375 0.1828125 0.2671875
5 0.496875 0.50546875 0.171875 0.18984375
6 0.4359375 0.021875 0.2390625 0.04375
6 0.9078125 0.53515625 0.184375 0.2515625
6 0.88046875 0.96796875 0.23359375 0.06328125
6 0.3609375 0.96953125 0.25546875 0.0609375
6 0.89296875 0.671875 0.20859375 0.22578125
6 0.28203125 0.5796875 0.246875 0.234375
6 0.45390625 0.7453125 0.246875 0.23984375
6 0.8265625 0.059375 0.2359375 0.11875
6 0.0859375 0.44921875 0.171875 0.25859375
6 0.52890625 0.1421875 0.25859375 0.2453125
6 0.89453125 0.8109375 0.20546875 0.25078125
6 0.8859375 0.20546875 0.221875 0.2234375
6 0.68359375 0.72578125 0.24453125 0.2453125
6 0.7625 0.37734375 0.26953125 0.253125
6 0.25390625 0.8390625 0.246875 0.22890625
6 0.34609375 0.3140625 0.25859375 0.24765625
6 0.253125 0.10078125 0.22890625 0.2015625