5 0.39453125 0.6171875 0.06640625 0.06640625
6 0.02890625 0.9796875 0.0578125 0.0375
6 0.98046875 0.48046875 0.0390625 0.21796875
5 0.503125 0.5125 0.23359375 0.22578125
5 0.9140625 0.45625 0.1 0.1015625
5 0.4765625 0.29765625 0.075 0.0609375
6 0.33359375 0.61171875 0.2109375 0.2421875
6 0.4671875 0.04375 0.209375 0.0875
6 0.653125 0.93203125 0.228125 0.1359375
6 0.584375 0.834375 0.253125 0.25859375
6 0.90859375 0.08515625 0.1796875 0.1703125
6 0.0875 0.29375 0.175 0.22890625
6 0.2359375 0.10078125 0.23359375 0.20078125
6 0.80859375 0.6890625 0.2109375 0.21484375
6 0.121875 0.90390625 0.24375 0.1890625
6 0.228125 0.72421875 0.2609375 0.22578125
6 0.25859375 0.33046875 0.20546875 0.2421875
6 0.69453125 0.11171875 0.2609375 0.2234375
6 0.9140625 0.8828125 0.16640625 0.234375