5 0.5015625 0.54140625 0.225 0.22890625
6 0.9375 0.03828125 0.125 0.0765625
6 0.021875 0.26640625 0.04375 0.2265625
5 0.3734375 0.025 0.09140625 0.04921875
6 0.03046875 0.0703125 0.0609375 0.140625
6 0.071875 0.7328125 0.14375 0.23125
6 0.54140625 0.05546875 0.228125 0.11015625
6 0.79140625 0.95703125 0.24453125 0.08515625
6 0.93359375 0.22890625 0.128125 0.26484375
6 0.928125 0.59765625 0.1390625 0.303125
6 0.0625 0.88046875 0.125 0.234375
6 0.653125 0.7453125 0.2390625 0.21796875
6 0.7359375 0.5359375 0.25546875 0.25078125
6 0.525 0.21484375 0.26640625 0.20390625
6 0.93359375 0.8828125 0.128125 0.234375
6 0.240625 0.90625 0.253125 0.1875
6 0.75859375 0.2703125 0.23359375 0.27578125
6 0.465625 0.85 0.225 0.234375
6 0.1640625 0.14296875 0.28359375 0.26484375
6 0.31953125 0.35546875 0.29453125 0.22578125
6 0.2515625 0.67890625 0.23046875 0.25625