5 0.50703125 0.50390625 0.225 0.23125
6 0.04453125 0.16640625 0.0890625 0.25625
6 0.90703125 0.95546875 0.1859375 0.0890625
6 0.42109375 0.9734375 0.2171875 0.053125
6 0.3625 0.021875 0.25859375 0.04375
6 0.63359375 0.03828125 0.2609375 0.0765625
6 0.14296875 0.94765625 0.246875 0.1046875
6 0.321875 0.61953125 0.23359375 0.26484375
6 0.90390625 0.08828125 0.1859375 0.1765625
6 0.11796875 0.59609375 0.2359375 0.22890625
6 0.53203125 0.28515625 0.24140625 0.21796875
6 0.271875 0.43671875 0.21640625 0.18984375
6 0.9234375 0.49453125 0.146875 0.23984375
6 0.115625 0.803125 0.225 0.2234375
6 0.93359375 0.8109375 0.128125 0.22890625
6 0.896875 0.2796875 0.2 0.22890625
6 0.334375 0.22890625 0.25859375 0.2703125
6 0.090625 0.38984375 0.18046875 0.25625
6 0.828125 0.6859375 0.23359375 0.21484375
6 0.3265625 0.86484375 0.2359375 0.23671875
6 0.76796875 0.88984375 0.23046875 0.21484375
6 0.73359375 0.16015625 0.25 0.22578125
6 0.7640625 0.46953125 0.228125 0.26171875