5 0.49609375 0.51484375 0.1859375 0.2203125
5 0.9875 0.8578125 0.025 0.1015625
6 0.9390625 0.02578125 0.121875 0.0515625
6 0.20703125 0.96796875 0.246875 0.06328125
6 0.490625 0.04296875 0.24140625 0.08515625
6 0.75625 0.06171875 0.246875 0.1234375
6 0.5984375 0.8859375 0.21953125 0.18984375
6 0.0875 0.70390625 0.175 0.2125
6 0.08203125 0.50546875 0.1640625 0.18984375
6 0.803125 0.90859375 0.21875 0.1828125
6 0.9234375 0.39921875 0.153125 0.23125
6 0.46953125 0.72734375 0.2390625 0.2203125
6 0.725 0.6875 0.21640625 0.234375
6 0.23046875 0.1640625 0.221875 0.234375
6 0.1 0.3125 0.2 0.1953125
6 0.253125 0.7671875 0.21640625 0.20078125
6 0.89609375 0.16953125 0.203125 0.2234375