5 0.5 0.50546875 0.178125 0.17890625
6 0.0375 0.46015625 0.075 0.23125
6 0.225 0.96796875 0.2 0.06328125
6 0.94296875 0.3046875 0.1140625 0.27265625
6 0.52890625 0.6515625 0.246875 0.184375
6 0.6765625 0.440625 0.2140625 0.28125
6 0.08203125 0.91015625 0.1640625 0.17890625
6 0.096875 0.69453125 0.19375 0.2203125
6 0.24140625 0.0921875 0.2109375 0.184375
6 0.68359375 0.09375 0.228125 0.1875
6 0.07890625 0.14765625 0.1578125 0.2578125
6 0.903125 0.52734375 0.1890625 0.21796875
6 0.39140625 0.88828125 0.23359375 0.21796875
6 0.79453125 0.253125 0.2109375 0.209375
6 0.6 0.81015625 0.23359375 0.20390625
6 0.3390625 0.315625 0.24453125 0.22890625
6 0.29296875 0.6140625 0.225 0.2203125
6 0.4609375 0.11328125 0.228125 0.2203125