5 0.496875 0.55078125 0.1890625 0.18203125
6 0.05703125 0.9765625 0.1140625 0.046875
6 0.55 0.0140625 0.2 0.02734375
6 0.975 0.6890625 0.05 0.23125
6 0.9765625 0.06171875 0.046875 0.1234375
6 0.04296875 0.6625 0.0859375 0.22890625
6 0.5 0.315625 0.21640625 0.184375
6 0.71796875 0.03203125 0.24140625 0.06328125
6 0.93046875 0.9546875 0.13359375 0.090625
6 0.54609375 0.95 0.2390625 0.1
6 0.05390625 0.4328125 0.1078125 0.2625
6 0.39453125 0.38046875 0.2 0.19296875
6 0.92109375 0.42265625 0.153125 0.2671875
6 0.30703125 0.93359375 0.225 0.13203125
6 0.89453125 0.1875 0.20546875 0.23125
6 0.20703125 0.13203125 0.23046875 0.209375
6 0.6015625 0.79453125 0.24140625 0.21796875
6 0.1890625 0.35703125 0.221875 0.234375
6 0.196875 0.6875 0.23359375 0.2125
6 0.4359375 0.1171875 0.23359375 0.20078125
6 0.715625 0.6515625 0.203125 0.1734375
6 0.7625 0.91875 0.21953125 0.1625
6 0.74140625 0.35703125 0.25546875 0.25078125
6 0.08359375 0.85546875 0.16640625 0.2125