5 0.5 0.5015625 0.16640625 0.1875
6 0.3015625 0.19140625 0.21953125 0.29453125
6 0.9625 0.790625 0.075 0.2703125
6 0.96953125 0.50859375 0.0609375 0.278125
6 0.0890625 0.05390625 0.178125 0.1078125
6 0.2890625 0.52890625 0.2390625 0.1984375
6 0.8140625 0.5359375 0.2390625 0.25078125
6 0.6640625 0.3578125 0.221875 0.27578125
6 0.48359375 0.1015625 0.2578125 0.203125
6 0.11796875 0.26875 0.2140625 0.27265625
6 0.296875 0.9046875 0.23359375 0.18984375
6 0.47109375 0.72734375 0.2140625 0.253125
6 0.80859375 0.9140625 0.2203125 0.171875
6 0.090625 0.85390625 0.18046875 0.24765625
6 0.65 0.88671875 0.221875 0.2203125
6 0.20703125 0.70234375 0.246875 0.209375
6 0.8515625 0.12109375 0.28046875 0.2421875
6 0.36328125 0.46171875 0.17578125 0.2078125