6 0.13203125 0.615625 0.16953125 0.12421875
5 0.50390625 0.50390625 0.2859375 0.303125
6 0.9734375 0.8921875 0.053125 0.209375
6 0.2890625 0.0140625 0.20546875 0.02734375
6 0.01640625 0.20390625 0.0328125 0.2203125
6 0.0328125 0.04921875 0.065625 0.0984375
6 0.1890625 0.128125 0.25 0.234375
5 0.059375 0.390625 0.11875 0.115625
6 0.90234375 0.93515625 0.1953125 0.1296875
6 0.04296875 0.84609375 0.0859375 0.2421875
5 0.7140625 0.328125 0.08359375 0.08828125
6 0.5375 0.05390625 0.25859375 0.1078125
6 0.3140625 0.41328125 0.221875 0.253125
6 0.93046875 0.478125 0.13359375 0.2125
6 0.396875 0.71640625 0.21640625 0.25859375
6 0.93046875 0.25234375 0.13359375 0.2234375
6 0.13046875 0.22890625 0.20546875 0.19296875
6 0.165625 0.67109375 0.2359375 0.2234375
6 0.74296875 0.4875 0.23046875 0.23125
6 0.4390625 0.896875 0.24453125 0.20625
6 0.56640625 0.2296875 0.25546875 0.2453125
6 0.77109375 0.11953125 0.23046875 0.22890625
6 0.178125 0.90078125 0.221875 0.1984375
6 0.884375 0.70078125 0.225 0.2453125
6 0.6109375 0.6828125 0.28359375 0.2421875
6 0.10546875 0.540625 0.2109375 0.259375
5 0.5578125 0.38359375 0.10625 0.07109375