6 0.090625 0.00859375 0.18046875 0.01640625
6 0.01953125 0.44375 0.0390625 0.23671875
6 0.9875 0.590625 0.025 0.22890625
5 0.5 0.54375 0.1890625 0.1734375
5 0.64453125 0.15390625 0.078125 0.07734375
6 0.08046875 0.57578125 0.1609375 0.24765625
6 0.90078125 0.07265625 0.1921875 0.1453125
6 0.29609375 0.746875 0.225 0.2203125
6 0.4875 0.8484375 0.20859375 0.21484375
6 0.48203125 0.13203125 0.2359375 0.23671875
6 0.14140625 0.3390625 0.24453125 0.2203125
6 0.609375 0.665625 0.2359375 0.20625
6 0.83046875 0.88828125 0.23359375 0.21796875
6 0.8359375 0.58671875 0.26640625 0.28671875
6 0.09296875 0.7921875 0.1859375 0.22890625
6 0.70546875 0.28125 0.23359375 0.22578125
6 0.29609375 0.51796875 0.20859375 0.2203125
6 0.925 0.25859375 0.15 0.23671875