6 0.9625 0.42265625 0.06953125 0.234375
5 0.4875 0.50390625 0.2140625 0.209375
6 0.02890625 0.45390625 0.0578125 0.2421875
6 0.959375 0.88828125 0.08046875 0.2234375
6 0.028125 0.6765625 0.05546875 0.2453125
5 0.6265625 0.94765625 0.06953125 0.071875
5 0.6140625 0.4671875 0.078125 0.06328125
6 0.546875 0.09609375 0.23359375 0.1875
6 0.434375 0.05390625 0.24140625 0.1078125
6 0.834375 0.059375 0.29140625 0.11875
6 0.7359375 0.20390625 0.23359375 0.253125
6 0.91796875 0.19453125 0.15859375 0.26171875
6 0.1734375 0.74921875 0.246875 0.24765625
6 0.778125 0.421875 0.29453125 0.2203125
6 0.396875 0.85703125 0.25 0.2703125
6 0.8859375 0.63671875 0.221875 0.20390625
6 0.10546875 0.09921875 0.2109375 0.1984375
6 0.34453125 0.6171875 0.2390625 0.2421875
6 0.18046875 0.46796875 0.221875 0.2203125
6 0.796875 0.88984375 0.24453125 0.2203125
6 0.665625 0.6265625 0.25859375 0.25078125
6 0.296875 0.16640625 0.24453125 0.23984375
6 0.6296875 0.203125 0.225 0.221875