5 0.0125 0.68984375 0.025 0.08515625
5 0.5 0.56328125 0.171875 0.15703125
6 0.975 0.63203125 0.05 0.2125
5 0.43203125 0.66015625 0.11953125 0.1015625
6 0.95859375 0.05078125 0.078125 0.1015625
5 0.02890625 0.9609375 0.0578125 0.078125
6 0.36953125 0.9734375 0.2390625 0.053125
5 0.18203125 0.375 0.053125 0.06640625
5 0.603125 0.66953125 0.08359375 0.0828125
5 0.15703125 0.3015625 0.0859375 0.07421875
6 0.796875 0.9546875 0.228125 0.090625
6 0.284375 0.303125 0.21953125 0.27578125
6 0.29609375 0.0796875 0.2390625 0.159375
6 0.41640625 0.82265625 0.221875 0.234375
6 0.1390625 0.6984375 0.2109375 0.2125
6 0.71953125 0.5375 0.221875 0.22578125
6 0.21953125 0.890625 0.2109375 0.21875
6 0.91953125 0.3265625 0.15546875 0.25078125
6 0.5125 0.18984375 0.253125 0.22578125
6 0.65390625 0.825 0.246875 0.23984375
6 0.7625 0.18046875 0.23046875 0.23984375
6 0.875 0.765625 0.2390625 0.22578125
6 0.08203125 0.48046875 0.1640625 0.23984375