6 0.96484375 0.8765625 0.0703125 0.2125
6 0.096875 0.97890625 0.19375 0.0421875
5 0.5 0.52578125 0.178125 0.17109375
5 0.02109375 0.48359375 0.04140625 0.09609375
6 0.76015625 0.9734375 0.2328125 0.053125
6 0.4875 0.965625 0.26953125 0.06875
6 0.8859375 0.03828125 0.221875 0.0765625
6 0.54375 0.090625 0.25 0.18125
6 0.065625 0.1046875 0.13046875 0.209375
6 0.85390625 0.7921875 0.2140625 0.20625
6 0.30625 0.078125 0.23125 0.15625
6 0.3140625 0.70078125 0.2390625 0.22890625
6 0.909375 0.578125 0.175 0.23671875
6 0.76796875 0.184375 0.246875 0.253125
6 0.69140625 0.63515625 0.24453125 0.234375
6 0.1375 0.27265625 0.2140625 0.1984375
6 0.64296875 0.36796875 0.23046875 0.20625
6 0.153125 0.5375 0.2390625 0.23125
6 0.90703125 0.25859375 0.18046875 0.2421875
6 0.4140625 0.28203125 0.25546875 0.2453125
6 0.5515625 0.8171875 0.25859375 0.23984375