6 0.015625 0.6859375 0.03046875 0.23671875
6 0.96796875 0.3984375 0.0640625 0.25625
5 0.5 0.52578125 0.1890625 0.1765625
6 0.08046875 0.05078125 0.1609375 0.1015625
6 0.6171875 0.02578125 0.253125 0.0515625
6 0.7578125 0.9734375 0.25 0.053125
6 0.634375 0.59765625 0.2140625 0.23671875
6 0.5140625 0.95546875 0.25 0.0890625
6 0.0515625 0.28515625 0.103125 0.27265625
6 0.93203125 0.1421875 0.13046875 0.26171875
6 0.26953125 0.92421875 0.24453125 0.1515625
6 0.0609375 0.89765625 0.121875 0.2046875
6 0.40390625 0.08828125 0.23046875 0.1765625
6 0.91640625 0.84453125 0.1609375 0.25078125
6 0.67890625 0.3375 0.225 0.25078125
6 0.70390625 0.8265625 0.28046875 0.253125
6 0.45390625 0.3125 0.24140625 0.25625
6 0.846875 0.615625 0.23359375 0.23984375
6 0.2125 0.28203125 0.23046875 0.2671875
6 0.1625 0.71328125 0.25859375 0.253125