2 0.49453125 0.49609375 0.2390625 0.23671875
6 0.95 0.11953125 0.1 0.2390625
6 0.36484375 0.9140625 0.2703125 0.171875
6 0.85703125 0.89375 0.2640625 0.2125
6 0.87890625 0.5609375 0.2359375 0.278125
6 0.0859375 0.11328125 0.171875 0.22578125
6 0.36640625 0.6859375 0.25546875 0.28125
6 0.57109375 0.83203125 0.275 0.28671875
6 0.784375 0.334375 0.2640625 0.2453125
6 0.171875 0.43671875 0.2609375 0.22890625
6 0.1484375 0.66015625 0.2359375 0.2453125
6 0.7625 0.10625 0.246875 0.2125
6 0.2859375 0.2296875 0.3 0.25625
6 0.5625 0.2078125 0.25859375 0.28359375
6 0.6625 0.61015625 0.253125 0.2453125