6 0.03046875 0.06328125 0.0609375 0.1265625
5 0.5 0.53984375 0.1890625 0.17109375
6 0.7859375 0.38046875 0.25546875 0.26484375
5 0.0375 0.509375 0.075 0.07734375
5 0.934375 0.95703125 0.09140625 0.0796875
5 0.45390625 0.41171875 0.146875 0.11875
5 0.54453125 0.2921875 0.09453125 0.07734375
6 0.16484375 0.04375 0.2359375 0.0875
6 0.90234375 0.078125 0.1890625 0.15625
6 0.9390625 0.48203125 0.11640625 0.24765625
6 0.6609375 0.0609375 0.24453125 0.12109375
6 0.675 0.72890625 0.30546875 0.1953125
6 0.42109375 0.91953125 0.2640625 0.1609375
6 0.7953125 0.89765625 0.225 0.2046875
6 0.69296875 0.53203125 0.24140625 0.24765625
6 0.903125 0.25859375 0.1890625 0.2203125
6 0.07890625 0.66796875 0.1578125 0.2453125
6 0.4390625 0.11328125 0.2890625 0.2203125
6 0.1984375 0.834375 0.25859375 0.2703125
6 0.125 0.31015625 0.24453125 0.23984375
6 0.24140625 0.51640625 0.25 0.22890625