6 0.084375 0.4078125 0.16875 0.209375
5 0.50546875 0.51953125 0.24453125 0.2453125
5 0.971875 0.65859375 0.05546875 0.071875
6 0.06640625 0.203125 0.1328125 0.19375
6 0.934375 0.8140625 0.125 0.234375
6 0.1140625 0.13203125 0.221875 0.21484375
6 0.07109375 0.50390625 0.14140625 0.22578125
6 0.38359375 0.71484375 0.2609375 0.20078125
6 0.89921875 0.90859375 0.1953125 0.1828125
6 0.8625 0.478125 0.225 0.1953125
6 0.23046875 0.9421875 0.23359375 0.115625
6 0.9390625 0.0921875 0.11640625 0.184375
6 0.18203125 0.33984375 0.2359375 0.22890625
6 0.32890625 0.0828125 0.26953125 0.165625
6 0.3625 0.828125 0.2140625 0.22890625
6 0.8484375 0.3625 0.24140625 0.2125
6 0.5625 0.896875 0.21953125 0.20625
6 0.08046875 0.8703125 0.1609375 0.23671875
6 0.3859375 0.303125 0.221875 0.21484375
6 0.71640625 0.59765625 0.23359375 0.23671875
6 0.6765625 0.22421875 0.20859375 0.234375
6 0.7484375 0.834375 0.203125 0.23671875
6 0.2890625 0.525 0.221875 0.2234375
6 0.15703125 0.68046875 0.2359375 0.2421875