6 0.98203125 0.09921875 0.0359375 0.1984375
6 0.171875 0.06640625 0.228125 0.13203125
5 0.50390625 0.54140625 0.2140625 0.20625
6 0.471875 0.16640625 0.24453125 0.26171875
6 0.06953125 0.0953125 0.1390625 0.18984375
6 0.396875 0.07421875 0.24453125 0.1484375
6 0.653125 0.06875 0.21640625 0.1375
6 0.9328125 0.84921875 0.134375 0.2734375
6 0.575 0.940625 0.25546875 0.11875
6 0.2265625 0.91953125 0.275 0.1609375
6 0.8125 0.9296875 0.24140625 0.140625
6 0.8640625 0.08671875 0.221875 0.1734375
6 0.63359375 0.74375 0.228125 0.26484375
6 0.09140625 0.83828125 0.1828125 0.2515625
6 0.44609375 0.73828125 0.225 0.2421875
6 0.7640625 0.35546875 0.30546875 0.22578125
6 0.14296875 0.375 0.28046875 0.24765625
6 0.75703125 0.56640625 0.275 0.2234375