5 0.503125 0.50390625 0.19453125 0.20390625
6 0.87890625 0.98203125 0.2359375 0.0359375
6 0.51640625 0.96015625 0.28359375 0.0796875
6 0.9359375 0.11953125 0.128125 0.2390625
6 0.5484375 0.1078125 0.2359375 0.21484375
6 0.31875 0.0796875 0.284375 0.159375
6 0.075 0.62109375 0.15 0.28359375
6 0.49453125 0.6953125 0.2609375 0.2234375
6 0.91640625 0.54296875 0.16640625 0.253125
6 0.59453125 0.8109375 0.2890625 0.25625
6 0.72890625 0.4515625 0.246875 0.26484375
6 0.125 0.16953125 0.25 0.278125
6 0.284375 0.3859375 0.31953125 0.24765625
6 0.84453125 0.73984375 0.2609375 0.278125
6 0.25859375 0.60625 0.271875 0.24765625
6 0.1890625 0.88828125 0.3 0.2234375
6 0.765625 0.13359375 0.25859375 0.2671875