6 0.025 0.875 0.05 0.2453125
5 0.503125 0.4984375 0.171875 0.18203125
6 0.91875 0.05625 0.15625 0.1125
6 0.7375 0.0375 0.2640625 0.07421875
6 0.06953125 0.42421875 0.1390625 0.31953125
6 0.43203125 0.9375 0.2640625 0.125
6 0.1890625 0.9390625 0.2390625 0.12109375
6 0.91484375 0.396875 0.1703125 0.28125
6 0.375 0.0953125 0.26640625 0.18984375
6 0.128125 0.08984375 0.25546875 0.17890625
6 0.6625 0.3828125 0.296875 0.25859375
6 0.3640625 0.65 0.26640625 0.23671875
6 0.821875 0.625 0.271875 0.26484375
6 0.746875 0.1890625 0.26640625 0.2453125
6 0.3125 0.40390625 0.2859375 0.29453125
6 0.60703125 0.83203125 0.25859375 0.2703125
6 0.1109375 0.71640625 0.221875 0.25859375