6 0.0125 0.5328125 0.025 0.22890625
5 0.5 0.53828125 0.19453125 0.20078125
6 0.021875 0.81640625 0.04375 0.2234375
6 0.24453125 0.98359375 0.23359375 0.0328125
6 0.971875 0.6609375 0.05546875 0.22578125
5 0.81796875 0.7234375 0.11953125 0.1015625
6 0.95 0.42265625 0.1 0.234375
6 0.1140625 0.06875 0.228125 0.1375
6 0.9140625 0.08125 0.16640625 0.1625
6 0.68046875 0.78125 0.24453125 0.25078125
6 0.77890625 0.24375 0.225 0.20625
6 0.35546875 0.375 0.28359375 0.26484375
6 0.1875 0.55546875 0.25859375 0.25625
6 0.446875 0.82109375 0.23359375 0.27578125