5 0.50546875 0.4984375 0.2 0.1984375
6 0.9625 0.4765625 0.06953125 0.27578125
6 0.93046875 0.9765625 0.1390625 0.046875
6 0.03046875 0.54375 0.0609375 0.21796875
6 0.253125 0.9625 0.23359375 0.07421875
6 0.5171875 0.04375 0.225 0.0875
6 0.26484375 0.04921875 0.2203125 0.0984375
6 0.4859375 0.89140625 0.2 0.20625
6 0.940625 0.13359375 0.1140625 0.20625
6 0.68203125 0.9171875 0.20859375 0.165625
6 0.3484375 0.4078125 0.2359375 0.23125
6 0.1390625 0.57734375 0.21640625 0.2453125
6 0.78359375 0.0828125 0.21640625 0.165625
6 0.590625 0.290625 0.2140625 0.18984375
6 0.353125 0.64296875 0.23359375 0.2125
6 0.83359375 0.825 0.228125 0.2125
6 0.078125 0.1375 0.15546875 0.23125
6 0.1765625 0.28359375 0.225 0.22578125
6 0.63203125 0.696875 0.2640625 0.2203125
6 0.84140625 0.5953125 0.2109375 0.2203125
6 0.378125 0.18046875 0.228125 0.20625
6 0.80703125 0.3703125 0.225 0.234375
6 0.09453125 0.8171875 0.1890625 0.23984375