5 0.50546875 0.51796875 0.1609375 0.1765625
6 0.93046875 0.975 0.1390625 0.04921875
6 0.08359375 0.025 0.16640625 0.04921875
6 0.51640625 0.025 0.271875 0.04921875
5 0.4375 0.41875 0.075 0.07734375
6 0.278125 0.03203125 0.26640625 0.06328125
5 0.57890625 0.94765625 0.075 0.07734375
6 0.70703125 0.375 0.253125 0.26484375
6 0.86640625 0.0453125 0.2609375 0.090625
6 0.9265625 0.8484375 0.146875 0.23671875
6 0.6875 0.52734375 0.196875 0.20625
6 0.07109375 0.8375 0.14140625 0.26484375
6 0.675 0.103125 0.23359375 0.20625
6 0.51953125 0.74140625 0.25 0.23671875
6 0.73984375 0.92109375 0.2578125 0.1578125
6 0.3265625 0.590625 0.26953125 0.278125
6 0.10859375 0.5453125 0.21640625 0.26484375
6 0.8875 0.525 0.21953125 0.25625
6 0.34453125 0.17890625 0.28359375 0.26484375
6 0.91640625 0.28203125 0.1609375 0.28359375
6 0.25390625 0.884375 0.275 0.23125
6 0.7609375 0.7296875 0.278125 0.24765625