6 0.015625 0.290625 0.03046875 0.2125
6 0.04609375 0.859375 0.09140625 0.27578125
5 0.5 0.50546875 0.1890625 0.17890625
6 0.6359375 0.034375 0.24453125 0.06875
6 0.92734375 0.9265625 0.1390625 0.146875
6 0.4375 0.6625 0.26953125 0.2125
6 0.46953125 0.93515625 0.23359375 0.1296875
6 0.5625 0.75234375 0.275 0.1984375
6 0.09140625 0.05390625 0.1828125 0.1078125
6 0.35703125 0.4296875 0.20859375 0.2421875
6 0.565625 0.3390625 0.2359375 0.18203125
6 0.8265625 0.64296875 0.28046875 0.23984375
6 0.12109375 0.36484375 0.24140625 0.25078125
6 0.88359375 0.08125 0.228125 0.1625
6 0.78359375 0.8359375 0.25 0.21796875
6 0.89453125 0.45625 0.20546875 0.20625
6 0.39453125 0.1078125 0.24453125 0.21484375
6 0.190625 0.16015625 0.2140625 0.21484375
6 0.72890625 0.15859375 0.225 0.21796875
6 0.2859375 0.81796875 0.26640625 0.22578125
6 0.109375 0.68828125 0.21875 0.2359375
6 0.9109375 0.2578125 0.171875 0.22890625