6 0.79296875 0.83359375 0.23046875 0.2234375
6 0.9453125 0.85625 0.109375 0.253125
6 0.8890625 0.35546875 0.21640625 0.27578125
6 0.0625 0.28125 0.125 0.2421875
6 0.684375 0.30859375 0.23046875 0.2203125
6 0.09609375 0.7578125 0.19140625 0.2421875
5 0.5 0.525 0.178125 0.17890625
6 0.3390625 0.88125 0.34453125 0.23125
6 0.07109375 0.95703125 0.14140625 0.08515625
6 0.14140625 0.05625 0.2609375 0.1125
6 0.90703125 0.06484375 0.18046875 0.1296875
6 0.38359375 0.0609375 0.26640625 0.12109375
6 0.31796875 0.4421875 0.296875 0.3
6 0.1015625 0.54375 0.203125 0.25078125
6 0.6015625 0.92421875 0.253125 0.1515625
6 0.21953125 0.2 0.25546875 0.234375
6 0.3890625 0.68203125 0.2390625 0.23984375
6 0.4625 0.196875 0.275 0.25625
6 0.684375 0.11171875 0.253125 0.2234375
6 0.7890625 0.5171875 0.26484375 0.2078125
6 0.7703125 0.62109375 0.2421875 0.1953125
6 0.76640625 0.70859375 0.21953125 0.20546875