6 0.9734375 0.13359375 0.053125 0.25625
6 0.06484375 0.9734375 0.1296875 0.053125
5 0.503125 0.50390625 0.171875 0.1765625
6 0.4734375 0.9765625 0.26953125 0.046875
6 0.0359375 0.29375 0.071875 0.25078125
6 0.95546875 0.475 0.0890625 0.26171875
6 0.8859375 0.08515625 0.2 0.1703125
6 0.66875 0.06171875 0.25625 0.1234375
6 0.2375 0.071875 0.275 0.14296875
6 0.909375 0.90859375 0.175 0.1828125
6 0.7 0.92421875 0.271875 0.1515625
6 0.13203125 0.6765625 0.21953125 0.22890625
6 0.82109375 0.58828125 0.24140625 0.26171875
6 0.471875 0.696875 0.271875 0.2421875
6 0.44140625 0.28203125 0.25546875 0.27265625
6 0.2484375 0.409375 0.253125 0.23984375
6 0.6625 0.3375 0.23046875 0.234375