6 0.45703125 0.07421875 0.2140625 0.1484375
6 0.96796875 0.37890625 0.0640625 0.234375
6 0.2109375 0.37734375 0.228125 0.1984375
5 0.4984375 0.4984375 0.18046875 0.1765625
6 0.9515625 0.6609375 0.09140625 0.23125
6 0.0375 0.20546875 0.075 0.1953125
6 0.70859375 0.021875 0.221875 0.04375
6 0.7 0.2 0.221875 0.23984375
6 0.053125 0.93359375 0.10546875 0.13203125
6 0.94453125 0.91171875 0.10546875 0.1765625
6 0.77109375 0.94609375 0.20859375 0.1078125
6 0.375 0.69296875 0.28359375 0.26171875
6 0.27890625 0.940625 0.253125 0.11875
6 0.121875 0.19296875 0.2390625 0.22578125
6 0.3890625 0.11328125 0.221875 0.21484375
6 0.88203125 0.103125 0.23046875 0.20625
6 0.884375 0.32890625 0.21953125 0.22890625
6 0.575 0.87890625 0.228125 0.22578125
6 0.209375 0.4796875 0.225 0.209375
6 0.6125 0.675 0.20859375 0.19296875
6 0.51640625 0.30546875 0.221875 0.2203125
6 0.72890625 0.4875 0.2359375 0.23125
6 0.090625 0.67109375 0.18046875 0.21796875