6 0.0625 0.98203125 0.125 0.0359375
5 0.0765625 0.23125 0.0640625 0.06640625
5 0.49609375 0.50546875 0.175 0.1734375
6 0.9015625 0.98359375 0.19140625 0.0328125
5 0.446875 0.975 0.0609375 0.04921875
6 0.9375 0.590625 0.11953125 0.2234375
6 0.0515625 0.684375 0.103125 0.2453125
6 0.25703125 0.025 0.253125 0.04921875
6 0.9359375 0.8734375 0.128125 0.2203125
6 0.94453125 0.11015625 0.1109375 0.2203125
5 0.5609375 0.07421875 0.078125 0.07734375
5 0.49296875 0.91171875 0.075 0.071875
6 0.05546875 0.11875 0.1109375 0.23671875
6 0.9015625 0.37890625 0.19140625 0.2671875
6 0.37890625 0.73515625 0.21953125 0.209375
6 0.1375 0.8484375 0.275 0.2921875
6 0.1890625 0.55078125 0.278125 0.24765625
6 0.7875 0.08984375 0.246875 0.17890625
6 0.7140625 0.42265625 0.221875 0.21796875
6 0.76953125 0.6171875 0.2609375 0.24765625
6 0.29609375 0.33203125 0.275 0.26171875
6 0.51953125 0.20625 0.278125 0.23671875
5 0.74609375 0.97578125 0.08828125 0.0484375
6 0.95703125 0.78984375 0.0859375 0.22265625