6 0.709375 0.0109375 0.253125 0.021875
6 0.96640625 0.96953125 0.0609375 0.0609375
5 0.51640625 0.48359375 0.221875 0.20625
6 0.10390625 0.01328125 0.2078125 0.0265625
6 0.959375 0.06328125 0.075 0.1265625
6 0.640625 0.3609375 0.296875 0.28125
6 0.0234375 0.1421875 0.046875 0.2453125
6 0.95546875 0.22734375 0.0890625 0.278125
6 0.5921875 0.9609375 0.28125 0.078125
6 0.109375 0.7140625 0.21875 0.2625
6 0.7484375 0.6015625 0.24140625 0.2890625
6 0.465625 0.07265625 0.3 0.1453125
6 0.925 0.5328125 0.15 0.3171875
6 0.509375 0.628125 0.28046875 0.24765625
6 0.83046875 0.91171875 0.28359375 0.1765625
6 0.096875 0.40546875 0.19375 0.2515625
6 0.32265625 0.9140625 0.3203125 0.171875
6 0.2859375 0.6375 0.2390625 0.34453125
6 0.85546875 0.2765625 0.24453125 0.3
6 0.640625 0.1390625 0.246875 0.2453125
6 0.14609375 0.16640625 0.2359375 0.27265625
6 0.3609375 0.29375 0.271875 0.2671875