6 0.4265625 0.25625 0.30859375 0.2703125
6 0.415625 0.0109375 0.2359375 0.021875
6 0.215625 0.0125 0.225 0.025
6 0.97890625 0.384375 0.04140625 0.20625
5 0.503125 0.50546875 0.2 0.1953125
6 0.30703125 0.3609375 0.25859375 0.29765625
6 0.478125 0.93515625 0.2609375 0.1296875
5 0.3375 0.825 0.06953125 0.0796875
6 0.69453125 0.45078125 0.2 0.278125
6 0.24609375 0.97109375 0.25859375 0.0578125
5 0.78359375 0.83203125 0.08359375 0.07734375
5 0.515625 0.91328125 0.08046875 0.06875
5 0.59609375 0.396875 0.10859375 0.08828125
6 0.91640625 0.046875 0.16640625 0.09375
5 0.315625 0.89375 0.075 0.06875
6 0.0890625 0.09375 0.178125 0.1875
6 0.8734375 0.5109375 0.23046875 0.26171875
6 0.178125 0.671875 0.25 0.27578125
6 0.646875 0.88046875 0.21640625 0.2234375
6 0.8609375 0.290625 0.23359375 0.2125
6 0.54296875 0.1609375 0.2359375 0.234375
6 0.0984375 0.32265625 0.196875 0.21484375