5 0.503125 0.50390625 0.19453125 0.19296875
6 0.4640625 0.98046875 0.21640625 0.03828125
6 0.12109375 0.01953125 0.24140625 0.03828125
6 0.9515625 0.1515625 0.09140625 0.23671875
6 0.453125 0.1640625 0.29453125 0.18984375
5 0.921875 0.40078125 0.1 0.09609375
6 0.9328125 0.72265625 0.134375 0.2515625
5 0.6484375 0.6640625 0.13046875 0.115625
6 0.7734375 0.975 0.225 0.04921875
6 0.55546875 0.29375 0.21640625 0.21796875
6 0.046875 0.8796875 0.09375 0.234375
6 0.053125 0.36328125 0.10546875 0.24765625
6 0.34296875 0.0609375 0.24140625 0.12109375
6 0.41640625 0.915625 0.25546875 0.16796875
6 0.85 0.5609375 0.2609375 0.25078125
6 0.18203125 0.928125 0.24140625 0.14296875
6 0.48203125 0.7078125 0.23046875 0.23671875
6 0.3984375 0.328125 0.23046875 0.209375
6 0.69609375 0.103125 0.253125 0.20625
6 0.271875 0.765625 0.25546875 0.2203125
6 0.284375 0.5203125 0.2640625 0.26484375
6 0.78046875 0.315625 0.25 0.2453125
6 0.13203125 0.18203125 0.25859375 0.23671875
6 0.09453125 0.6140625 0.1890625 0.28125