6 0.0109375 0.85546875 0.021875 0.21796875
5 0.50390625 0.5 0.175 0.17890625
6 0.103125 0.98359375 0.20546875 0.0328125
6 0.19609375 0.8484375 0.23046875 0.2203125
6 0.7421875 0.07265625 0.23125 0.1453125
6 0.3359375 0.06640625 0.25546875 0.13203125
6 0.5125 0.68046875 0.2640625 0.21484375
6 0.2734375 0.6078125 0.2359375 0.22890625
6 0.1734375 0.27421875 0.24140625 0.234375
6 0.5546875 0.890625 0.271875 0.21875
6 0.921875 0.1265625 0.15 0.2421875
6 0.065625 0.4625 0.13046875 0.23125
6 0.6640625 0.3171875 0.2109375 0.23125
6 0.76953125 0.721875 0.24453125 0.24765625
6 0.92109375 0.86484375 0.153125 0.23671875
6 0.46640625 0.21796875 0.24453125 0.23671875