2 0.50390625 0.51640625 0.2140625 0.2125
6 0.0140625 0.23828125 0.028125 0.21796875
6 0.0265625 0.7578125 0.053125 0.24765625
5 0.50390625 0.51953125 0.20859375 0.2125
6 0.4234375 0.025 0.2359375 0.04921875
6 0.940625 0.1890625 0.1140625 0.278125
6 0.71796875 0.64609375 0.246875 0.18984375
6 0.92109375 0.89375 0.153125 0.2125
6 0.73359375 0.90859375 0.2359375 0.1828125
6 0.778125 0.11015625 0.2390625 0.2203125
6 0.33203125 0.30546875 0.225 0.2203125
6 0.3359375 0.75078125 0.23359375 0.22890625
6 0.1609375 0.60078125 0.25 0.2421875
6 0.5375 0.21875 0.2359375 0.234375