5 0.503125 0.5015625 0.2390625 0.23125
6 0.8484375 0.9890625 0.2359375 0.021875
6 0.35703125 0.58671875 0.225 0.26484375
6 0.0765625 0.05546875 0.153125 0.11015625
6 0.171875 0.6171875 0.26640625 0.26484375
6 0.359375 0.05625 0.253125 0.1125
6 0.79140625 0.059375 0.2390625 0.11875
6 0.9375 0.58828125 0.11953125 0.2125
6 0.90390625 0.396875 0.1859375 0.18203125
6 0.08203125 0.478125 0.1640625 0.22890625
6 0.18359375 0.15703125 0.2390625 0.24765625
6 0.621875 0.93125 0.26640625 0.1375
6 0.69609375 0.43828125 0.20859375 0.2421875
6 0.13359375 0.83984375 0.24453125 0.2203125
6 0.5375 0.753125 0.2140625 0.23984375
6 0.45859375 0.24375 0.25 0.26171875
6 0.79453125 0.77265625 0.25546875 0.21796875