5 0.5 0.52890625 0.20546875 0.22578125
6 0.9625 0.80859375 0.075 0.25625
6 0.05 0.91171875 0.1 0.1765625
6 0.7359375 0.96015625 0.278125 0.0796875
6 0.83515625 0.090625 0.3171875 0.18125
6 0.21640625 0.93671875 0.25546875 0.1265625
6 0.178125 0.5359375 0.26640625 0.23984375
6 0.09296875 0.33203125 0.1859375 0.2671875
6 0.471875 0.15546875 0.278125 0.25078125
6 0.49453125 0.8234375 0.23359375 0.24765625
6 0.321875 0.3484375 0.271875 0.25078125
6 0.8640625 0.3921875 0.24453125 0.25078125
6 0.64140625 0.325 0.23359375 0.2421875
6 0.6640625 0.6140625 0.2609375 0.2421875