6 0.034375 0.03671875 0.06875 0.0734375
6 0.9890625 0.90625 0.021875 0.1875
6 0.9875 0.63359375 0.025 0.209375
6 0.0484375 0.55546875 0.096875 0.21796875
5 0.49609375 0.503125 0.19140625 0.18984375
6 0.03046875 0.3375 0.0609375 0.2125
5 0.259375 0.70546875 0.08046875 0.0828125
6 0.90859375 0.45703125 0.178125 0.23125
5 0.48203125 0.77578125 0.06953125 0.07421875
5 0.22109375 0.79375 0.08046875 0.07734375
6 0.65 0.25078125 0.24453125 0.22578125
6 0.88046875 0.22734375 0.221875 0.2234375
6 0.58046875 0.6828125 0.2390625 0.2421875
6 0.771875 0.06875 0.25 0.1375
6 0.11796875 0.91328125 0.2359375 0.1734375
6 0.09140625 0.70546875 0.1828125 0.2609375
6 0.7 0.89375 0.25 0.2125
6 0.071875 0.11015625 0.14375 0.2203125
6 0.3609375 0.8390625 0.221875 0.26171875
6 0.89140625 0.77421875 0.2109375 0.22578125
6 0.40703125 0.27578125 0.24140625 0.23671875
6 0.76640625 0.56484375 0.23359375 0.24765625