5 0.5015625 0.6296875 0.153125 0.1515625
6 0.95859375 0.0328125 0.0796875 0.065625
5 0.47109375 0.51953125 0.103125 0.08515625
6 0.903125 0.97109375 0.1890625 0.0578125
6 0.0359375 0.65546875 0.071875 0.253125
6 0.54609375 0.94921875 0.2359375 0.1015625
5 0.8515625 0.2875 0.09140625 0.090625
5 0.50546875 0.86640625 0.08359375 0.0796875
6 0.94609375 0.64765625 0.103125 0.2421875
6 0.06953125 0.32265625 0.1390625 0.3140625
6 0.2765625 0.92578125 0.253125 0.1484375
6 0.81796875 0.07421875 0.2140625 0.1484375
6 0.15 0.0796875 0.25 0.159375
6 0.67890625 0.2921875 0.253125 0.2421875
6 0.390625 0.7703125 0.25859375 0.25078125
6 0.18203125 0.70234375 0.23046875 0.22578125
6 0.1375 0.4859375 0.24140625 0.21796875
6 0.746875 0.88125 0.25546875 0.23671875
6 0.34453125 0.184375 0.24453125 0.2421875
6 0.7140625 0.5796875 0.24453125 0.234375