6 0.434375 0.9890625 0.26953125 0.021875
5 0.5 0.496875 0.178125 0.16796875
6 0.24296875 0.05234375 0.2140625 0.1046875
6 0.95859375 0.41328125 0.078125 0.28671875
6 0.46953125 0.04140625 0.24453125 0.0828125
6 0.890625 0.95703125 0.2140625 0.08515625
6 0.08046875 0.084375 0.1609375 0.16796875
6 0.83359375 0.05078125 0.2390625 0.1015625
6 0.646875 0.34609375 0.21640625 0.21796875
6 0.29453125 0.34453125 0.23359375 0.21484375
6 0.83046875 0.39921875 0.20546875 0.26484375
6 0.7515625 0.1875 0.2140625 0.19296875
6 0.175 0.90078125 0.23359375 0.1984375
6 0.478125 0.846875 0.278125 0.20078125
6 0.6390625 0.696875 0.23359375 0.22578125
6 0.53046875 0.17734375 0.2609375 0.25078125
6 0.334375 0.6046875 0.253125 0.23984375
6 0.87109375 0.78515625 0.246875 0.26484375
6 0.10859375 0.45703125 0.21640625 0.23671875