6 0.0125 0.47265625 0.025 0.20625
6 0.95390625 0.01640625 0.09140625 0.0328125
6 0.9765625 0.71328125 0.046875 0.22578125
6 0.39921875 0.97890625 0.3109375 0.0421875
5 0.503125 0.496875 0.15546875 0.1515625
6 0.13359375 0.0234375 0.26640625 0.046875
6 0.94296875 0.940625 0.1140625 0.11875
6 0.78046875 0.046875 0.2390625 0.09375
6 0.928125 0.14453125 0.1390625 0.2453125
6 0.06796875 0.246875 0.1359375 0.25625
6 0.6875 0.903125 0.246875 0.19375
6 0.33046875 0.57578125 0.23359375 0.26484375
6 0.690625 0.62421875 0.24140625 0.2453125
6 0.346875 0.83046875 0.29453125 0.2234375
6 0.209375 0.3703125 0.246875 0.22890625
6 0.1125 0.8828125 0.225 0.234375