6 0.9765625 0.55546875 0.046875 0.2453125
6 0.028125 0.559375 0.05546875 0.26484375
5 0.503125 0.50859375 0.1890625 0.1953125
6 0.146875 0.6375 0.2390625 0.23984375
6 0.1390625 0.94921875 0.25 0.1015625
6 0.05703125 0.06640625 0.1140625 0.13203125
6 0.621875 0.9546875 0.26640625 0.090625
5 0.38046875 0.734375 0.071875 0.06875
6 0.353125 0.94453125 0.24453125 0.11015625
6 0.90703125 0.9296875 0.1859375 0.140625
6 0.315625 0.59765625 0.26953125 0.253125
6 0.921875 0.7578125 0.15 0.24765625
6 0.14453125 0.4296875 0.26640625 0.2203125
6 0.4859375 0.1296875 0.24453125 0.2421875
6 0.70703125 0.1875 0.24140625 0.2203125
6 0.13046875 0.2078125 0.25546875 0.25625
6 0.39609375 0.3390625 0.2640625 0.23671875
6 0.66796875 0.415625 0.25859375 0.27578125
6 0.75 0.721875 0.25 0.2421875