6 0.88203125 0.2671875 0.23046875 0.26484375
6 0.45546875 0.9609375 0.1390625 0.078125
5 0.5046875 0.5 0.2859375 0.28125
6 0.9484375 0.49296875 0.103125 0.23671875
6 0.05390625 0.91953125 0.1078125 0.1609375
6 0.34296875 0.04296875 0.23046875 0.08515625
5 0.5125 0.8234375 0.20859375 0.21484375
6 0.13203125 0.45625 0.2640625 0.234375
6 0.9125 0.72890625 0.16953125 0.2890625
6 0.53515625 0.078125 0.2171875 0.15625
6 0.1734375 0.18046875 0.275 0.2453125
6 0.28359375 0.76953125 0.24453125 0.27890625
6 0.775 0.509375 0.26640625 0.23671875
6 0.74453125 0.74921875 0.2390625 0.253125
6 0.6484375 0.28125 0.2359375 0.23125