6 0.0359375 0.953125 0.071875 0.09375
5 0.50390625 0.53046875 0.23046875 0.2234375
6 0.9640625 0.6015625 0.06640625 0.22890625
6 0.240625 0.01796875 0.24140625 0.0359375
6 0.04140625 0.05625 0.0828125 0.1125
6 0.4625 0.9390625 0.225 0.12109375
6 0.90859375 0.90625 0.178125 0.1875
6 0.05 0.22421875 0.1 0.20078125
6 0.490625 0.059375 0.21953125 0.11875
6 0.0609375 0.44375 0.121875 0.19296875
6 0.1015625 0.8484375 0.203125 0.209375
6 0.78046875 0.8046875 0.25 0.2421875
6 0.85546875 0.06875 0.23359375 0.1375
6 0.653125 0.91875 0.20546875 0.1625
6 0.34453125 0.38125 0.2109375 0.2125
6 0.2890625 0.91015625 0.228125 0.17890625
6 0.228125 0.15390625 0.24453125 0.22578125
6 0.32890625 0.6296875 0.246875 0.20625
6 0.671875 0.15546875 0.2390625 0.22890625
6 0.834375 0.359375 0.24140625 0.21796875
6 0.8109375 0.57734375 0.2390625 0.2125
6 0.55703125 0.734375 0.24140625 0.234375