6 0.43203125 0.6875 0.2140625 0.234375
6 0.5484375 0.7453125 0.2640625 0.22890625
6 0.403125 0.0453125 0.25546875 0.090625
6 0.09609375 0.08984375 0.19140625 0.17890625
6 0.73046875 0.98046875 0.2390625 0.03828125
5 0.4984375 0.50546875 0.203125 0.21796875
5 0.9765625 0.7421875 0.04140625 0.09609375
6 0.240625 0.94609375 0.23046875 0.1078125
6 0.271875 0.36953125 0.2890625 0.253125
5 0.503125 0.33984375 0.09453125 0.08515625
6 0.671875 0.85 0.2609375 0.26171875
6 0.5109375 0.92265625 0.21640625 0.15390625
5 0.709375 0.63203125 0.08046875 0.07421875
6 0.86796875 0.559375 0.246875 0.23125
6 0.078125 0.91328125 0.15546875 0.1734375
6 0.075 0.43828125 0.15 0.22578125
6 0.1125 0.184375 0.225 0.23671875
6 0.184375 0.5609375 0.25859375 0.234375
6 0.68359375 0.1046875 0.24453125 0.209375
6 0.86953125 0.87890625 0.25 0.2421875
6 0.69140625 0.42421875 0.2390625 0.25859375
6 0.4359375 0.13671875 0.28359375 0.2671875
6 0.234375 0.77421875 0.246875 0.23125