6 0.01796875 0.8921875 0.0359375 0.209375
6 0.96484375 0.08828125 0.0703125 0.1765625
5 0.503125 0.4984375 0.2109375 0.209375
6 0.9484375 0.37578125 0.096875 0.2671875
6 0.0359375 0.07734375 0.071875 0.15390625
6 0.034375 0.60703125 0.06875 0.3109375
6 0.3265625 0.4203125 0.246875 0.25625
6 0.18359375 0.05546875 0.25546875 0.11015625
6 0.71796875 0.08984375 0.28046875 0.17890625
6 0.88046875 0.19453125 0.23359375 0.28359375
6 0.43203125 0.09765625 0.26953125 0.1953125
6 0.74140625 0.91875 0.26640625 0.1625
6 0.225 0.59375 0.26640625 0.26171875
6 0.8859375 0.590625 0.221875 0.2671875
6 0.11640625 0.77109375 0.2328125 0.2921875
6 0.6734375 0.6046875 0.25859375 0.2453125
6 0.42890625 0.8828125 0.26953125 0.234375
6 0.6984375 0.3734375 0.296875 0.2671875
6 0.14453125 0.2421875 0.2609375 0.26484375
6 0.5625 0.221875 0.253125 0.234375