5 0.5015625 0.49609375 0.203125 0.22578125
6 0.215625 0.984375 0.25625 0.03125
6 0.05 0.465625 0.1 0.2703125
6 0.96484375 0.81640625 0.0703125 0.2453125
5 0.13203125 0.39921875 0.103125 0.11015625
5 0.453125 0.15390625 0.1109375 0.11015625
5 0.47890625 0.9046875 0.09140625 0.0796875
6 0.05546875 0.2203125 0.1109375 0.2203125
6 0.30859375 0.46171875 0.24453125 0.278125
6 0.22109375 0.25078125 0.246875 0.21484375
6 0.128125 0.60625 0.18359375 0.28671875
6 0.93359375 0.39375 0.128125 0.22578125
6 0.896875 0.09375 0.2 0.1875
6 0.62109375 0.08984375 0.275 0.17890625
6 0.815625 0.92265625 0.2640625 0.15390625
6 0.10546875 0.0796875 0.2046875 0.159375
6 0.31953125 0.1140625 0.2109375 0.228125
6 0.73046875 0.246875 0.25546875 0.26171875
6 0.64140625 0.64609375 0.21640625 0.234375
6 0.11640625 0.87421875 0.2328125 0.2453125
6 0.85859375 0.58828125 0.25546875 0.25625
6 0.3390625 0.7203125 0.2609375 0.2453125