0 0.49609375 0.57734375 0.296875 0.278125
6 0.02109375 0.46171875 0.04140625 0.23984375
6 0.05546875 0.290625 0.1109375 0.2890625
2 0.49609375 0.559375 0.29140625 0.3140625
5 0.40859375 0.44921875 0.10546875 0.09921875
6 0.97734375 0.1078125 0.0453125 0.209375
6 0.8234375 0.60625 0.26953125 0.25859375
6 0.525 0.01796875 0.21640625 0.0359375
6 0.05703125 0.61171875 0.1140625 0.28671875
5 0.86640625 0.91484375 0.11640625 0.1046875
6 0.1734375 0.2234375 0.2359375 0.25859375
5 0.91953125 0.80546875 0.078125 0.07421875
6 0.3375 0.27265625 0.28046875 0.27578125
6 0.3734375 0.8921875 0.253125 0.21484375
6 0.89140625 0.4859375 0.2109375 0.278125
6 0.16640625 0.8 0.2609375 0.27265625
6 0.56953125 0.8125 0.24453125 0.23671875
6 0.6890625 0.41171875 0.25 0.234375
6 0.7609375 0.16953125 0.2390625 0.25625