5 0.4984375 0.503125 0.175 0.1734375
6 0.715625 0.9765625 0.23046875 0.046875
5 0.7484375 0.8625 0.0859375 0.07734375
6 0.371875 0.96796875 0.228125 0.06328125
6 0.65546875 0.6015625 0.228125 0.23984375
6 0.05703125 0.06875 0.1140625 0.1375
6 0.92734375 0.0765625 0.1453125 0.153125
6 0.11640625 0.95703125 0.221875 0.08515625
6 0.92734375 0.60078125 0.1453125 0.2296875
6 0.890625 0.9046875 0.2140625 0.18984375
6 0.80703125 0.7109375 0.253125 0.23125
6 0.8109375 0.45703125 0.20546875 0.1984375
6 0.503125 0.84296875 0.228125 0.23125
6 0.234375 0.58515625 0.253125 0.234375
6 0.278125 0.81953125 0.23359375 0.22890625
6 0.08046875 0.24140625 0.1609375 0.21796875
6 0.5640625 0.26328125 0.221875 0.26171875