5 0.50546875 0.503125 0.33359375 0.33359375
6 0.984375 0.7078125 0.03046875 0.20390625
6 0.9375 0.0671875 0.125 0.134375
6 0.6765625 0.940625 0.253125 0.11875
6 0.6734375 0.290625 0.203125 0.22890625
6 0.82890625 0.1625 0.19140625 0.18203125
6 0.86640625 0.6484375 0.1890625 0.18984375
6 0.27109375 0.7875 0.1859375 0.18203125
6 0.728125 0.78203125 0.2109375 0.21484375
6 0.45703125 0.28203125 0.225 0.2125
6 0.25859375 0.5828125 0.21640625 0.21796875
6 0.446875 0.875 0.21640625 0.2234375
6 0.09140625 0.7140625 0.1828125 0.21875
6 0.7640625 0.46796875 0.228125 0.21484375