6 0.95703125 0.9171875 0.0859375 0.165625
6 0.9859375 0.2109375 0.028125 0.2671875
6 0.078125 0.98046875 0.15546875 0.03828125
5 0.4984375 0.53046875 0.16953125 0.1625
5 0.7 0.0578125 0.121875 0.1046875
6 0.3125 0.046875 0.246875 0.09375
6 0.3515625 0.89921875 0.225 0.20078125
6 0.0984375 0.44921875 0.196875 0.23671875
6 0.63203125 0.9421875 0.225 0.115625
6 0.3125 0.1625 0.26953125 0.24765625
6 0.92890625 0.653125 0.1359375 0.24765625
6 0.48046875 0.7765625 0.2390625 0.26484375
6 0.87890625 0.08984375 0.2359375 0.17890625
6 0.56796875 0.32109375 0.2859375 0.2453125
6 0.55859375 0.12421875 0.228125 0.2421875
6 0.09296875 0.08125 0.1859375 0.1625
6 0.7265625 0.7296875 0.2640625 0.2421875
6 0.8390625 0.9046875 0.2390625 0.18984375
6 0.27109375 0.67109375 0.23046875 0.26171875
6 0.31796875 0.41171875 0.246875 0.22890625
6 0.0875 0.7546875 0.175 0.23671875
6 0.865625 0.2875 0.23046875 0.2125
6 0.7609375 0.4875 0.271875 0.23125