5 0.49296875 0.50546875 0.23046875 0.2125
6 0.7875 0.9765625 0.2640625 0.046875
6 0.034375 0.0796875 0.06875 0.159375
6 0.9375 0.11875 0.125 0.23125
6 0.2921875 0.03828125 0.275 0.0765625
6 0.19609375 0.94453125 0.275 0.11015625
6 0.5109375 0.09375 0.23359375 0.1875
6 0.69609375 0.590625 0.246875 0.27265625
6 0.775 0.09375 0.2390625 0.1875
6 0.153125 0.15546875 0.2609375 0.25078125
6 0.878125 0.4859375 0.23359375 0.25625
6 0.4 0.6890625 0.2890625 0.253125
6 0.83359375 0.27421875 0.271875 0.22890625
6 0.5390625 0.90234375 0.2609375 0.1953125
6 0.4640625 0.31796875 0.271875 0.23984375
6 0.14609375 0.76171875 0.275 0.27265625