6 0.9890625 0.78515625 0.021875 0.21484375
6 0.040625 0.965625 0.08046875 0.06875
6 0.0984375 0.9546875 0.0859375 0.08515625
6 0.971875 0.94921875 0.05 0.1015625
6 0.10390625 0.08671875 0.2078125 0.1734375
6 0.45546875 0.01953125 0.23359375 0.03828125
5 0.50703125 0.49609375 0.146875 0.1375
5 0.28203125 0.61328125 0.103125 0.1078125
5 0.371875 0.5375 0.15 0.14296875
5 0.096875 0.9546875 0.0890625 0.090625
5 0.8875 0.29453125 0.103125 0.09921875
5 0.2359375 0.9765625 0.078125 0.046875
5 0.97890625 0.18203125 0.04140625 0.09921875
6 0.69453125 0.9546875 0.278125 0.090625
5 0.45859375 0.61875 0.09453125 0.0796875
6 0.553125 0.89140625 0.21640625 0.2125
6 0.053125 0.32109375 0.10546875 0.25078125
5 0.0625 0.80546875 0.103125 0.09609375
5 0.1375 0.6609375 0.08046875 0.07734375
6 0.234375 0.046875 0.24140625 0.09375
5 0.30703125 0.3359375 0.0640625 0.06640625
6 0.65859375 0.05390625 0.25546875 0.1078125
6 0.45 0.196875 0.21640625 0.22890625
6 0.05546875 0.56484375 0.1109375 0.23125
6 0.92890625 0.48515625 0.1359375 0.22578125
6 0.3625 0.8 0.2140625 0.18984375
6 0.55703125 0.73125 0.23046875 0.2234375
6 0.69609375 0.475 0.25859375 0.22890625
6 0.8484375 0.7875 0.253125 0.23125
6 0.20703125 0.4671875 0.21953125 0.2125
6 0.6625 0.2328125 0.246875 0.2671875