5 0.50703125 0.5 0.19140625 0.25078125
6 0.01796875 0.3125 0.0359375 0.21796875
6 0.971875 0.61875 0.05546875 0.21796875
6 0.1484375 0.8484375 0.225 0.21484375
6 0.3390625 0.04140625 0.2390625 0.0828125
6 0.83125 0.0796875 0.253125 0.159375
6 0.678125 0.778125 0.24453125 0.2234375
6 0.6265625 0.2578125 0.253125 0.1953125
6 0.38359375 0.2921875 0.23359375 0.23125
6 0.13359375 0.52734375 0.228125 0.27265625
6 0.903125 0.2453125 0.1890625 0.22578125
6 0.346875 0.64296875 0.25 0.21796875
6 0.76953125 0.56484375 0.228125 0.21484375