6 0.9890625 0.23984375 0.021875 0.21484375
5 0.49296875 0.50390625 0.2109375 0.1984375
6 0.025 0.9046875 0.05 0.184375
6 0.8515625 0.87734375 0.26953125 0.2453125
6 0.075 0.48359375 0.15 0.2125
6 0.271875 0.08984375 0.21640625 0.17890625
6 0.234375 0.95703125 0.2859375 0.08515625
6 0.7140625 0.65 0.24453125 0.23125
6 0.07109375 0.6421875 0.14140625 0.25859375
5 0.275 0.81953125 0.078125 0.07421875
6 0.89609375 0.071875 0.203125 0.14296875
6 0.08203125 0.08671875 0.1640625 0.1734375
6 0.2015625 0.2796875 0.275 0.2234375
6 0.14140625 0.82109375 0.221875 0.2421875
6 0.509375 0.15703125 0.275 0.24765625
6 0.81171875 0.190625 0.34609375 0.2015625
6 0.6515625 0.62109375 0.2578125 0.26015625