6 0.034375 0.7578125 0.06875 0.2625
6 0.8515625 0.01796875 0.2359375 0.0359375
5 0.4953125 0.5078125 0.1890625 0.1734375
6 0.05 0.221875 0.1 0.22890625
6 0.6640625 0.9765625 0.228125 0.046875
6 0.19609375 0.24765625 0.2140625 0.2203125
6 0.66796875 0.6890625 0.2359375 0.23125
6 0.53203125 0.675 0.2140625 0.209375
6 0.9 0.9078125 0.2 0.184375
6 0.0640625 0.06328125 0.128125 0.1265625
6 0.45859375 0.9390625 0.24453125 0.12109375
6 0.1 0.9296875 0.2 0.140625
6 0.56796875 0.06328125 0.25859375 0.1265625
6 0.725 0.86796875 0.221875 0.19296875
6 0.3 0.85390625 0.24453125 0.22578125
6 0.92109375 0.47109375 0.153125 0.23671875
6 0.1765625 0.69140625 0.225 0.209375
6 0.078125 0.5375 0.15546875 0.23125
6 0.290625 0.1046875 0.246875 0.209375
6 0.2640625 0.4984375 0.25 0.23125
6 0.7125 0.44765625 0.24140625 0.2453125
6 0.89140625 0.7109375 0.2109375 0.23671875
6 0.840625 0.2421875 0.2359375 0.23671875
6 0.61796875 0.23125 0.225 0.23125
6 0.4140625 0.28515625 0.228125 0.2125