6 0.590625 0.0125 0.275 0.025
5 0.50703125 0.50703125 0.21953125 0.22578125
6 0.040625 0.43515625 0.08046875 0.303125
6 0.103125 0.034375 0.20546875 0.06875
6 0.35 0.02890625 0.3109375 0.0578125
6 0.9015625 0.92421875 0.19140625 0.1515625
6 0.878125 0.07265625 0.240625 0.1453125
6 0.74609375 0.33359375 0.34140625 0.23125
6 0.68359375 0.93125 0.28359375 0.1375
6 0.09453125 0.20390625 0.1890625 0.253125
6 0.065625 0.8265625 0.13046875 0.27578125
6 0.70703125 0.55234375 0.25859375 0.25625
6 0.89296875 0.475 0.20859375 0.30546875
6 0.29296875 0.40234375 0.303125 0.253125
6 0.26953125 0.83984375 0.3109375 0.26484375
6 0.35390625 0.62421875 0.23046875 0.234375
6 0.70859375 0.13515625 0.3 0.24765625
6 0.284375 0.153125 0.2859375 0.26171875
6 0.6640625 0.76875 0.31640625 0.23125