6 0.0515625 0.98203125 0.103125 0.0359375
6 0.01953125 0.0953125 0.0390625 0.18984375
6 0.9515625 0.034375 0.096875 0.06875
5 0.4984375 0.50390625 0.196875 0.1984375
6 0.634375 0.975 0.28046875 0.04921875
6 0.04296875 0.709375 0.0859375 0.27265625
6 0.284375 0.61875 0.225 0.2125
6 0.2375 0.95703125 0.225 0.08515625
6 0.3484375 0.9296875 0.23046875 0.140625
6 0.80390625 0.4046875 0.23046875 0.23125
6 0.25859375 0.059375 0.24453125 0.11875
6 0.93359375 0.7890625 0.128125 0.2234375
6 0.67109375 0.7703125 0.246875 0.22890625
6 0.7734375 0.871875 0.225 0.25625
6 0.08359375 0.49140625 0.16640625 0.2125
6 0.21640625 0.421875 0.21640625 0.1984375
6 0.19453125 0.6765625 0.23359375 0.25078125
6 0.6859375 0.09765625 0.2609375 0.1953125
6 0.121875 0.18515625 0.24375 0.2609375
6 0.89140625 0.1515625 0.2109375 0.253125
6 0.6625 0.3625 0.2359375 0.23984375
6 0.39453125 0.2765625 0.2890625 0.25078125