6 0.0265625 0.234375 0.053125 0.165625
5 0.503125 0.5375 0.2109375 0.19296875
6 0.59453125 0.98203125 0.228125 0.0359375
6 0.053125 0.93515625 0.10546875 0.1296875
6 0.0484375 0.43125 0.096875 0.25625
6 0.934375 0.13671875 0.13046875 0.21796875
6 0.28203125 0.490625 0.25859375 0.253125
6 0.59609375 0.709375 0.24140625 0.20625
6 0.2375 0.9625 0.246875 0.07421875
6 0.60390625 0.8515625 0.25859375 0.23671875
6 0.10703125 0.034375 0.203125 0.06875
6 0.903125 0.44609375 0.1890625 0.27578125
6 0.903125 0.0453125 0.1890625 0.090625
6 0.11796875 0.85703125 0.2359375 0.2421875
6 0.928125 0.8625 0.1390625 0.23671875
6 0.8046875 0.91953125 0.271875 0.1609375
6 0.23046875 0.60078125 0.20546875 0.19296875
6 0.0765625 0.65 0.153125 0.23671875
6 0.7765625 0.22578125 0.24140625 0.23125
6 0.37109375 0.08515625 0.2640625 0.1703125
6 0.6265625 0.3 0.21953125 0.23125
6 0.7984375 0.64453125 0.2359375 0.2421875
6 0.43359375 0.31796875 0.2109375 0.25078125
6 0.3640625 0.8390625 0.2609375 0.27265625