6 0.0125 0.74921875 0.025 0.209375
5 0.4984375 0.63515625 0.05859375 0.06875
5 0.49140625 0.7328125 0.06640625 0.06640625
5 0.5125 0.6015625 0.08046875 0.06328125
5 0.4875 0.65390625 0.06953125 0.0578125
5 0.3375 0.7078125 0.103125 0.08828125
6 0.95234375 0.88984375 0.0953125 0.2203125
6 0.65546875 0.98203125 0.2109375 0.0359375
6 0.96953125 0.66640625 0.0609375 0.23125
5 0.5015625 0.80703125 0.05859375 0.06640625
5 0.49453125 0.496875 0.18359375 0.1734375
5 0.38359375 0.625 0.06640625 0.071875
5 0.11796875 0.45859375 0.075 0.06875
6 0.1015625 0.5953125 0.196875 0.23125
6 0.2890625 0.47265625 0.23359375 0.20625
6 0.3640625 0.0453125 0.271875 0.090625
6 0.94609375 0.128125 0.103125 0.25625
6 0.84140625 0.0484375 0.2390625 0.09609375
6 0.9390625 0.3734375 0.121875 0.234375
6 0.48046875 0.9265625 0.2609375 0.146875
6 0.11953125 0.92265625 0.21640625 0.15390625
6 0.11796875 0.07265625 0.2359375 0.1453125
6 0.8390625 0.93125 0.2390625 0.1375
6 0.7234375 0.421875 0.246875 0.24765625
6 0.83046875 0.73828125 0.228125 0.253125
6 0.671875 0.17734375 0.24453125 0.234375
6 0.6484375 0.6609375 0.225 0.2421875
6 0.1625 0.7234375 0.23046875 0.22890625
6 0.259375 0.22421875 0.2359375 0.21796875
5 0.43671875 0.6875 0.0609375 0.0578125
5 0.41484375 0.7453125 0.08203125 0.06875
5 0.43125 0.81796875 0.0671875 0.0765625