6 0.49609375 0.68046875 0.20859375 0.1984375
5 0.5 0.50390625 0.221875 0.2421875
6 0.9734375 0.06171875 0.053125 0.1234375
6 0.1734375 0.9875 0.225 0.025
6 0.01796875 0.42734375 0.0359375 0.23125
6 0.91953125 0.98359375 0.1609375 0.0328125
6 0.59453125 0.059375 0.25 0.11875
6 0.9515625 0.66796875 0.09140625 0.23984375
6 0.05703125 0.05078125 0.1140625 0.1015625
6 0.05234375 0.9265625 0.1046875 0.146875
6 0.828125 0.02578125 0.21875 0.0515625
6 0.196875 0.05234375 0.2109375 0.1046875
6 0.0640625 0.665625 0.128125 0.27265625
6 0.15703125 0.81796875 0.246875 0.29765625
6 0.671875 0.40234375 0.21640625 0.20390625
6 0.91640625 0.20625 0.1609375 0.2421875
6 0.3 0.49609375 0.2109375 0.22578125
6 0.34453125 0.78125 0.20546875 0.2234375
6 0.896875 0.440625 0.2 0.2203125
6 0.378125 0.1640625 0.23359375 0.23984375
6 0.2375 0.28515625 0.225 0.2234375
6 0.8015625 0.62265625 0.2140625 0.2421875
6 0.07890625 0.2078125 0.1578125 0.234375
6 0.884375 0.85 0.225 0.23984375
6 0.746875 0.1640625 0.228125 0.2234375