5 0.5 0.503125 0.221875 0.20625
6 0.12109375 0.9890625 0.2140625 0.021875
6 0.165625 0.046875 0.253125 0.09375
6 0.0984375 0.103125 0.196875 0.20625
6 0.025 0.5359375 0.05 0.21796875
5 0.5515625 0.2671875 0.0640625 0.0609375
5 0.58359375 0.34609375 0.09453125 0.08515625
6 0.9453125 0.6234375 0.109375 0.228125
5 0.265625 0.71796875 0.08046875 0.06875
6 0.690625 0.93125 0.24140625 0.1375
6 0.925 0.3484375 0.15 0.22890625
6 0.8609375 0.15390625 0.23359375 0.2203125
6 0.3140625 0.125 0.25 0.2125
6 0.2484375 0.53984375 0.24140625 0.22578125
6 0.784375 0.56484375 0.25859375 0.2203125
6 0.35546875 0.834375 0.25 0.2421875
6 0.3875 0.3171875 0.23046875 0.20390625
6 0.84453125 0.79609375 0.25546875 0.23125
6 0.08046875 0.73125 0.1609375 0.22890625