6 0.79453125 0.73984375 0.25546875 0.234375
6 0.528125 0.0140625 0.2609375 0.02734375
5 0.5 0.5015625 0.1609375 0.15390625
6 0.35859375 0.6625 0.271875 0.26171875
6 0.5265625 0.86953125 0.2359375 0.22890625
6 0.040625 0.078125 0.08046875 0.1515625
6 0.8859375 0.3265625 0.21640625 0.2671875
6 0.3015625 0.88828125 0.2359375 0.21796875
6 0.33203125 0.1171875 0.275 0.234375
6 0.64296875 0.87734375 0.225 0.2234375
6 0.6875 0.2 0.246875 0.20078125
6 0.75390625 0.03984375 0.225 0.0796875
6 0.19140625 0.509375 0.24453125 0.2421875
6 0.390625 0.3390625 0.25859375 0.22578125
6 0.09140625 0.884375 0.1828125 0.23125
6 0.17109375 0.2921875 0.246875 0.23125
6 0.9078125 0.11015625 0.184375 0.2203125
6 0.675 0.2953125 0.2234375 0.22578125
6 0.70859375 0.67578125 0.21484375 0.190625
6 0.971875 0.703125 0.05546875 0.19921875
6 0.221875 0.08984375 0.24765625 0.175