5 0.503125 0.52890625 0.21640625 0.23671875
6 0.01953125 0.92265625 0.0390625 0.15390625
6 0.025 0.48515625 0.05 0.2421875
6 0.68203125 0.01640625 0.2359375 0.0328125
6 0.9703125 0.8125 0.059375 0.23125
6 0.025 0.1390625 0.05 0.23984375
6 0.9484375 0.29453125 0.096875 0.2421875
5 0.16953125 0.70390625 0.10546875 0.1078125
6 0.3203125 0.04375 0.21875 0.0875
5 0.696875 0.4421875 0.078125 0.07421875
6 0.10546875 0.03828125 0.2109375 0.0765625
6 0.05703125 0.7421875 0.1140625 0.22890625
6 0.85546875 0.94453125 0.26640625 0.11015625
6 0.32109375 0.43671875 0.225 0.23984375
6 0.4171875 0.90859375 0.225 0.1828125
6 0.8875 0.1078125 0.21953125 0.21484375
6 0.5765625 0.7109375 0.246875 0.253125
6 0.49453125 0.315625 0.21640625 0.2125
6 0.80390625 0.77578125 0.2359375 0.234375
6 0.6625 0.15859375 0.253125 0.2453125
6 0.2015625 0.8734375 0.24140625 0.23125
6 0.2109375 0.26328125 0.25 0.234375