6 0.01640625 0.4796875 0.0328125 0.20625
5 0.4984375 0.496875 0.18046875 0.16796875
6 0.95859375 0.071875 0.078125 0.14296875
6 0.040625 0.234375 0.08046875 0.23671875
5 0.47109375 0.64453125 0.10859375 0.09375
6 0.8109375 0.03984375 0.23359375 0.0796875
6 0.4875 0.7671875 0.2140625 0.22890625
6 0.4796875 0.94296875 0.228125 0.1140625
6 0.9390625 0.3375 0.11640625 0.22890625
6 0.58046875 0.071875 0.228125 0.14296875
6 0.54609375 0.24140625 0.23046875 0.20625
6 0.08203125 0.9078125 0.1640625 0.184375
6 0.6390625 0.41484375 0.2109375 0.2125
6 0.375 0.13359375 0.19453125 0.2453125
6 0.25390625 0.5953125 0.25859375 0.2421875
6 0.64609375 0.6265625 0.21953125 0.20625
6 0.82109375 0.5 0.2140625 0.21796875
6 0.1359375 0.38984375 0.24453125 0.2234375
6 0.74140625 0.20625 0.21640625 0.19296875
6 0.815625 0.74921875 0.2359375 0.23671875
6 0.68359375 0.90625 0.228125 0.1875
6 0.290625 0.8609375 0.2140625 0.20625
6 0.9125 0.89375 0.16953125 0.2125
6 0.1609375 0.1296875 0.2390625 0.2421875