6 0.03203125 0.6515625 0.0640625 0.26171875
2 0.50390625 0.49921875 0.23125 0.2546875
6 0.165625 0.02578125 0.265625 0.0515625
6 0.6546875 0.02734375 0.25625 0.0546875
6 0.07109375 0.49609375 0.14140625 0.2421875
5 0.446875 0.27265625 0.071875 0.0828125
6 0.9359375 0.43125 0.121875 0.234375
6 0.3015625 0.90234375 0.2640625 0.1953125
6 0.296875 0.3484375 0.2609375 0.2453125
6 0.53359375 0.92421875 0.26640625 0.1515625
6 0.93203125 0.16640625 0.13046875 0.26171875
6 0.79765625 0.1015625 0.2296875 0.203125
6 0.91640625 0.89921875 0.1609375 0.20078125
6 0.43359375 0.090625 0.2359375 0.18125
6 0.8015625 0.32109375 0.203125 0.1953125
6 0.23203125 0.55234375 0.2359375 0.20078125
6 0.74140625 0.75625 0.25546875 0.2453125
6 0.709375 0.4296875 0.2359375 0.23671875