5 0.49140625 0.5 0.228125 0.234375
6 0.028125 0.5484375 0.05546875 0.209375
6 0.21640625 0.01640625 0.24453125 0.0328125
6 0.709375 0.69453125 0.25859375 0.2421875
6 0.8765625 0.03203125 0.2359375 0.06328125
6 0.6859375 0.5578125 0.2390625 0.26171875
6 0.55625 0.89765625 0.253125 0.2046875
6 0.0625 0.078125 0.125 0.15625
6 0.79296875 0.175 0.33046875 0.22890625
6 0.80546875 0.90625 0.25 0.1875
6 0.921875 0.6828125 0.15 0.253125
6 0.903125 0.41484375 0.1890625 0.1953125
6 0.084375 0.90078125 0.16875 0.1984375
6 0.278125 0.2703125 0.25546875 0.2421875
6 0.296875 0.8734375 0.2390625 0.24765625