6 0.0140625 0.428125 0.028125 0.20625
6 0.96640625 0.84609375 0.06640625 0.23671875
6 0.0484375 0.89765625 0.096875 0.2046875
5 0.4984375 0.521875 0.1859375 0.17890625
6 0.4625 0.0484375 0.25859375 0.09609375
6 0.834375 0.9421875 0.24140625 0.115625
6 0.14453125 0.534375 0.228125 0.23671875
6 0.8984375 0.57578125 0.196875 0.21484375
6 0.3359375 0.62421875 0.221875 0.21796875
6 0.54296875 0.196875 0.2359375 0.234375
6 0.23046875 0.28515625 0.24453125 0.25078125
6 0.596875 0.8390625 0.23359375 0.2234375
6 0.903125 0.38046875 0.1890625 0.1984375
6 0.678125 0.62265625 0.25546875 0.253125
6 0.875 0.15859375 0.24453125 0.2453125