6 0.025 0.396875 0.05 0.165625
6 0.0734375 0.98203125 0.146875 0.0359375
6 0.9578125 0.97890625 0.084375 0.0421875
6 0.19453125 0.18203125 0.221875 0.2203125
6 0.82421875 0.01484375 0.2390625 0.0296875
5 0.503125 0.5015625 0.171875 0.1765625
6 0.04453125 0.56640625 0.0890625 0.25078125
6 0.43359375 0.078125 0.2078125 0.15625
6 0.0640625 0.0703125 0.128125 0.140625
6 0.375 0.36953125 0.21640625 0.23671875
6 0.9453125 0.6359375 0.109375 0.2375
6 0.2109375 0.709375 0.2390625 0.20625
6 0.453125 0.66953125 0.271875 0.209375
6 0.565625 0.090625 0.234375 0.18125
6 0.703125 0.51796875 0.2609375 0.2421875
6 0.0984375 0.85703125 0.196875 0.25859375
6 0.25390625 0.37890625 0.2359375 0.21796875
6 0.10390625 0.25 0.2078125 0.215625
6 0.203125 0.58515625 0.23359375 0.21796875
6 0.71953125 0.33203125 0.25 0.23984375
6 0.67890625 0.87890625 0.253125 0.23671875
6 0.9203125 0.28046875 0.159375 0.2578125
6 0.80546875 0.1421875 0.23359375 0.21796875
6 0.4640625 0.79453125 0.28359375 0.21796875
6 0.903125 0.8578125 0.1890625 0.234375