5 0.39609375 0.428125 0.13046875 0.11875
6 0.028125 0.96796875 0.05546875 0.06328125
6 0.98203125 0.78671875 0.0359375 0.20625
6 0.2140625 0.0125 0.2609375 0.025
6 0.90390625 0.01640625 0.1859375 0.0328125
6 0.3609375 0.5578125 0.228125 0.26171875
5 0.0625 0.06875 0.09140625 0.09375
6 0.684375 0.1296875 0.18046875 0.1875
5 0.79296875 0.04375 0.09140625 0.0828125
6 0.6390625 0.02734375 0.221875 0.0546875
6 0.4546875 0.95 0.265625 0.1
6 0.0609375 0.42421875 0.121875 0.28125
6 0.475 0.25859375 0.25 0.23125
6 0.14296875 0.578125 0.23046875 0.28125
6 0.903125 0.359375 0.1890625 0.20625
6 0.36640625 0.7921875 0.278125 0.234375
6 0.66953125 0.884375 0.228125 0.2203125
6 0.8890625 0.14609375 0.2109375 0.22578125
6 0.27890625 0.1515625 0.2359375 0.23671875
6 0.69140625 0.4203125 0.2390625 0.2453125
6 0.9125 0.59375 0.16953125 0.25078125
5 0.51328125 0.5140625 0.21875 0.196875