6 0.0234375 0.9171875 0.046875 0.165625
6 0.81640625 0.3125 0.26640625 0.2234375
6 0.48046875 0.58828125 0.3890625 0.2234375
6 0.2109375 0.92265625 0.271875 0.15390625
5 0.5 0.49609375 0.171875 0.17109375
6 0.0234375 0.16640625 0.046875 0.20078125
6 0.44453125 0.7796875 0.25 0.23125
6 0.4390625 0.98046875 0.228125 0.03828125
6 0.65703125 0.021875 0.31953125 0.04375
6 0.309375 0.91953125 0.246875 0.1609375
6 0.196875 0.17734375 0.278125 0.17890625
6 0.175 0.25078125 0.24453125 0.18203125
6 0.2765625 0.69140625 0.2359375 0.29765625
6 0.109375 0.0453125 0.21875 0.090625
6 0.840625 0.62421875 0.3140625 0.28359375
6 0.790625 0.92109375 0.20625 0.1578125
6 0.834375 0.3828125 0.26953125 0.18203125
6 0.8578125 0.1015625 0.24375 0.203125
6 0.08203125 0.42578125 0.1640625 0.1734375
6 0.9265625 0.88515625 0.146875 0.2296875