6 0.9 0.7671875 0.2 0.2890625
6 0.4609375 0.66796875 0.15 0.13515625
6 0.53359375 0.6609375 0.30546875 0.209375
6 0.54609375 0.8140625 0.26953125 0.1953125
5 0.5 0.4984375 0.278125 0.2703125
6 0.059375 0.9734375 0.11875 0.053125
6 0.0375 0.09765625 0.075 0.1953125
6 0.0484375 0.38671875 0.096875 0.2234375
6 0.2984375 0.0375 0.246875 0.07421875
6 0.04609375 0.6296875 0.09140625 0.22890625
6 0.84609375 0.9515625 0.2359375 0.09609375
6 0.59609375 0.071875 0.19140625 0.14296875
6 0.4578125 0.94296875 0.228125 0.1140625
6 0.93828125 0.08515625 0.1171875 0.1703125
6 0.42109375 0.1484375 0.225 0.23671875
6 0.2234375 0.9390625 0.225 0.12109375
6 0.7734375 0.14453125 0.23046875 0.2234375
6 0.1890625 0.58671875 0.20546875 0.1984375
6 0.790625 0.671875 0.203125 0.1875
6 0.71640625 0.453125 0.20546875 0.22890625
6 0.15859375 0.78359375 0.221875 0.1734375
6 0.909375 0.46953125 0.175 0.2125
6 0.23359375 0.38046875 0.24453125 0.1984375
6 0.15859375 0.171875 0.24453125 0.2453125