5 0.503125 0.5 0.19453125 0.20078125
5 0.6015625 0.79921875 0.1140625 0.0828125
6 0.5734375 0.965625 0.18046875 0.06875
6 0.05 0.85234375 0.1 0.26171875
5 0.54609375 0.6953125 0.08046875 0.07421875
6 0.88203125 0.965625 0.225 0.06875
5 0.61953125 0.7296875 0.05546875 0.05546875
6 0.128125 0.0453125 0.221875 0.090625
5 0.61796875 0.63515625 0.075 0.06328125
6 0.35 0.653125 0.21640625 0.21484375
6 0.5859375 0.046875 0.23359375 0.09375
6 0.95 0.734375 0.1 0.234375
6 0.80546875 0.08828125 0.228125 0.1765625
6 0.771875 0.70546875 0.19453125 0.1875
6 0.2484375 0.42265625 0.325 0.30546875
6 0.2234375 0.8140625 0.253125 0.25078125
6 0.89453125 0.396875 0.20546875 0.21484375
6 0.765625 0.846875 0.2359375 0.2453125
6 0.45390625 0.86796875 0.2140625 0.1984375
6 0.69453125 0.421875 0.228125 0.21484375
6 0.109375 0.20625 0.2140625 0.22578125
6 0.34609375 0.1609375 0.2640625 0.2234375