6 0.9875 0.8234375 0.025 0.21484375
6 0.04140625 0.81015625 0.0828125 0.2390625
5 0.4984375 0.496875 0.246875 0.25625
6 0.87109375 0.98046875 0.20859375 0.03828125
6 0.59453125 0.046875 0.23359375 0.09375
6 0.865625 0.10859375 0.23046875 0.2125
6 0.37265625 0.95 0.2140625 0.1
6 0.7640625 0.15390625 0.2390625 0.2203125
6 0.60390625 0.94609375 0.246875 0.1078125
6 0.1359375 0.07734375 0.271875 0.15390625
6 0.51796875 0.28203125 0.2140625 0.17890625
6 0.328125 0.79453125 0.2609375 0.2125
6 0.896875 0.34296875 0.2 0.2234375
6 0.26953125 0.45703125 0.228125 0.2203125
6 0.14140625 0.65703125 0.2390625 0.2234375
6 0.86796875 0.5921875 0.2359375 0.24765625
6 0.4 0.11328125 0.25 0.22578125
6 0.74609375 0.83984375 0.26953125 0.23125
6 0.69609375 0.41875 0.2359375 0.23125