6 0.984375 0.1734375 0.03046875 0.2203125
6 0.14453125 0.96953125 0.16640625 0.0609375
6 0.81640625 0.9875 0.25546875 0.025
6 0.975 0.90625 0.05 0.1875
6 0.034375 0.94296875 0.06875 0.1140625
5 0.49296875 0.509375 0.19140625 0.1875
6 0.90859375 0.059375 0.178125 0.11875
6 0.553125 0.07578125 0.2609375 0.1515625
6 0.05703125 0.6875 0.1140625 0.22890625
6 0.31640625 0.0578125 0.25 0.115625
6 0.91484375 0.6921875 0.1703125 0.284375
6 0.6125 0.63671875 0.23046875 0.23671875
6 0.24296875 0.86328125 0.203125 0.27265625
6 0.63359375 0.8921875 0.26640625 0.21484375
6 0.76796875 0.16015625 0.246875 0.27578125
6 0.77890625 0.4078125 0.24140625 0.22578125
6 0.346875 0.35703125 0.24453125 0.25078125
6 0.1515625 0.19296875 0.246875 0.24765625
6 0.4140625 0.72734375 0.25546875 0.26484375
6 0.565625 0.3171875 0.225 0.23125