6 0.59765625 0.009375 0.2359375 0.01875
5 0.478125 0.103125 0.04453125 0.05234375
6 0.01953125 0.965625 0.0390625 0.06875
6 0.9875 0.6828125 0.025 0.23671875
6 0.0125 0.06328125 0.025 0.1265625
5 0.50390625 0.50859375 0.1859375 0.18984375
6 0.046875 0.3578125 0.09375 0.23125
6 0.3859375 0.05234375 0.23359375 0.1046875
6 0.146875 0.05546875 0.221875 0.11015625
6 0.934375 0.9296875 0.125 0.140625
6 0.73359375 0.93359375 0.24453125 0.13203125
6 0.44140625 0.896875 0.228125 0.20625
6 0.209375 0.90234375 0.2359375 0.1953125
6 0.24296875 0.3046875 0.21953125 0.2125
6 0.0875 0.6765625 0.175 0.21796875
6 0.61640625 0.31015625 0.23359375 0.23984375
6 0.840625 0.50703125 0.246875 0.23125
6 0.86640625 0.15859375 0.228125 0.21796875
6 0.3125 0.525 0.23046875 0.234375