6 0.76796875 0.81328125 0.21328125 0.29375
6 0.09453125 0.0109375 0.1890625 0.021875
6 0.984375 0.7125 0.03046875 0.20625
5 0.50390625 0.496875 0.1640625 0.184375
6 0.959375 0.5 0.075 0.25625
6 0.921875 0.96640625 0.15 0.0671875
6 0.078125 0.93125 0.15546875 0.1375
6 0.4109375 0.9421875 0.221875 0.115625
6 0.578125 0.07578125 0.21640625 0.1515625
6 0.79453125 0.07421875 0.23359375 0.1484375
6 0.93046875 0.1890625 0.13359375 0.234375
6 0.521875 0.6953125 0.24453125 0.22890625
6 0.3109375 0.09765625 0.25546875 0.1953125
6 0.121875 0.5078125 0.24375 0.234375
6 0.33359375 0.4296875 0.228125 0.23671875
6 0.29453125 0.66015625 0.21640625 0.20078125
6 0.80546875 0.39140625 0.2390625 0.24765625
6 0.60546875 0.2796875 0.2390625 0.22890625