6 0.403125 0.28359375 0.15 0.17109375
6 0.15859375 0.10859375 0.2203125 0.2171875
6 0.02890625 0.83828125 0.0578125 0.2171875
6 0.35859375 0.97890625 0.2359375 0.0421875
5 0.5 0.5328125 0.20546875 0.18984375
6 0.053125 0.05078125 0.10546875 0.1015625
6 0.95703125 0.06328125 0.08046875 0.1265625
6 0.46640625 0.3265625 0.271875 0.25078125
6 0.65859375 0.0234375 0.221875 0.046875
6 0.60859375 0.6984375 0.2109375 0.26171875
6 0.2515625 0.20078125 0.196875 0.24765625
6 0.9484375 0.8484375 0.096875 0.253125
6 0.12890625 0.96796875 0.225 0.06328125
6 0.41953125 0.06484375 0.25546875 0.1296875
6 0.0890625 0.64453125 0.178125 0.22578125
6 0.08046875 0.35 0.1609375 0.22578125
6 0.7703125 0.90859375 0.26875 0.1828125
6 0.52265625 0.90859375 0.2359375 0.1828125
6 0.84296875 0.53984375 0.2140625 0.1765625
6 0.41796875 0.75234375 0.21953125 0.1984375
6 0.27890625 0.61015625 0.225 0.2125
6 0.6890625 0.303125 0.221875 0.23125
6 0.89296875 0.328125 0.20859375 0.24765625
6 0.184375 0.82109375 0.23046875 0.23125
6 0.7609375 0.7203125 0.26640625 0.21796875
6 0.8015625 0.115625 0.23046875 0.22578125