5 0.49609375 0.5453125 0.15859375 0.15390625
6 0.95546875 0.9640625 0.08359375 0.071875
5 0.47890625 0.4390625 0.09140625 0.0796875
6 0.95859375 0.125 0.078125 0.23984375
6 0.71015625 0.9609375 0.2390625 0.078125
6 0.934375 0.5125 0.13046875 0.25859375
6 0.596875 0.85 0.221875 0.20625
6 0.3125 0.06171875 0.246875 0.1234375
6 0.5875 0.3265625 0.2140625 0.20078125
6 0.3890625 0.903125 0.221875 0.19375
6 0.22890625 0.63203125 0.2359375 0.2234375
6 0.0890625 0.08515625 0.178125 0.1703125
6 0.33359375 0.409375 0.21640625 0.234375
6 0.06640625 0.4375 0.1328125 0.225
6 0.790625 0.42421875 0.24140625 0.23671875
6 0.228125 0.21328125 0.2390625 0.2125
6 0.784375 0.1265625 0.25859375 0.2421875
6 0.8375 0.815625 0.2359375 0.23125
6 0.66640625 0.63046875 0.271875 0.2421875
6 0.09140625 0.81015625 0.1828125 0.2234375