5 0.503125 0.50859375 0.2 0.20078125
6 0.04140625 0.965625 0.0828125 0.06875
6 0.96953125 0.37890625 0.0609375 0.2671875
6 0.025 0.48046875 0.05 0.2453125
6 0.959375 0.884375 0.075 0.23125
6 0.909375 0.9875 0.175 0.025
6 0.11796875 0.2203125 0.23046875 0.209375
6 0.07109375 0.034375 0.14140625 0.06875
6 0.45390625 0.025 0.253125 0.04921875
6 0.72109375 0.0359375 0.23046875 0.071875
6 0.3234375 0.3921875 0.2359375 0.23984375
6 0.0734375 0.8984375 0.146875 0.19296875
6 0.646875 0.90078125 0.23359375 0.1984375
6 0.27890625 0.5359375 0.253125 0.20078125
6 0.903125 0.07734375 0.1890625 0.15390625
6 0.078125 0.68203125 0.15546875 0.2125
6 0.503125 0.7921875 0.25 0.234375
6 0.1109375 0.3265625 0.221875 0.22890625
6 0.84140625 0.8171875 0.228125 0.2453125