6 0.725 0.734375 0.2390625 0.2125
0 0.50859375 0.5109375 0.2390625 0.234375
6 0.95234375 0.95859375 0.0953125 0.0828125
6 0.8359375 0.90625 0.29453125 0.1875
6 0.61796875 0.80859375 0.3140625 0.234375
6 0.6515625 0.9859375 0.25859375 0.02734375
6 0.96484375 0.09765625 0.0703125 0.1953125
6 0.909375 0.5359375 0.175 0.25625
6 0.909375 0.79765625 0.18046875 0.2453125
6 0.6375 0.37578125 0.2140625 0.1515625
6 0.4671875 0.04375 0.303125 0.0875
6 0.684375 0.1765625 0.23046875 0.24765625
5 0.196875 0.921875 0.0890625 0.0796875
6 0.14296875 0.51484375 0.275 0.23125
6 0.115625 0.3171875 0.23046875 0.2703125
6 0.296875 0.41328125 0.25 0.27578125
6 0.71015625 0.60859375 0.24375 0.2203125
5 0.8765625 0.72109375 0.0703125 0.075