5 0.49609375 0.503125 0.18046875 0.184375
6 0.0140625 0.3015625 0.028125 0.2234375
6 0.634375 0.21328125 0.21953125 0.22890625
6 0.98046875 0.384375 0.0390625 0.20625
6 0.096875 0.984375 0.19375 0.03125
6 0.025 0.7765625 0.05 0.22578125
6 0.84453125 0.3734375 0.2109375 0.234375
6 0.1203125 0.0203125 0.23125 0.040625
6 0.65 0.85390625 0.19453125 0.2421875
6 0.87109375 0.246875 0.2140625 0.21796875
6 0.55703125 0.16640625 0.2140625 0.1953125
6 0.365625 0.23828125 0.196875 0.23984375
6 0.178125 0.6171875 0.21640625 0.1765625
6 0.178125 0.1515625 0.21640625 0.20390625
6 0.4625 0.90625 0.19140625 0.1875
6 0.28359375 0.79375 0.228125 0.1984375
6 0.87109375 0.88828125 0.24140625 0.2234375
6 0.8875 0.60859375 0.21953125 0.19296875
6 0.6640625 0.62109375 0.20546875 0.1953125