6 0.078125 0.984375 0.15 0.03125
6 0.046875 0.6 0.09375 0.31875
5 0.5 0.5359375 0.25 0.2453125
6 0.959375 0.3265625 0.075 0.2890625
5 0.221875 0.3234375 0.121875 0.1015625
6 0.09609375 0.24921875 0.19140625 0.21796875
6 0.6890625 0.034375 0.278125 0.06875
6 0.1625 0.7234375 0.253125 0.27265625
6 0.27890625 0.49140625 0.2140625 0.234375
6 0.90703125 0.53046875 0.18046875 0.2234375
6 0.73203125 0.9046875 0.275 0.18984375
6 0.2875 0.89921875 0.28046875 0.20078125
6 0.39453125 0.2078125 0.228125 0.25078125
6 0.84453125 0.13046875 0.25546875 0.2453125
6 0.7125 0.51953125 0.21953125 0.2671875
6 0.596875 0.29375 0.25546875 0.26171875