5 0.44453125 0.61171875 0.05 0.04375
6 0.084375 0.9890625 0.1640625 0.021875
6 0.296875 0.16953125 0.221875 0.2125
5 0.49453125 0.4984375 0.2109375 0.209375
6 0.30546875 0.9296875 0.278125 0.140625
6 0.9828125 0.9046875 0.034375 0.184375
6 0.6015625 0.221875 0.25859375 0.278125
6 0.02890625 0.078125 0.0578125 0.15625
6 0.95703125 0.05546875 0.08046875 0.11015625
6 0.684375 0.55078125 0.225 0.24765625
6 0.41796875 0.84296875 0.25859375 0.253125
5 0.478125 0.6890625 0.128125 0.1265625
6 0.890625 0.415625 0.2140625 0.2703125
5 0.6875 0.721875 0.09140625 0.09921875
5 0.69609375 0.825 0.0859375 0.090625
6 0.73359375 0.1640625 0.23359375 0.26171875
6 0.5 0.08828125 0.25 0.1765625
5 0.3015625 0.0375 0.06953125 0.07421875
6 0.10703125 0.46015625 0.2140625 0.28125
6 0.609375 0.92265625 0.246875 0.15390625
6 0.8296875 0.90859375 0.29375 0.1828125
6 0.2859375 0.584375 0.271875 0.28671875
6 0.23359375 0.23671875 0.25 0.21484375
6 0.1140625 0.77265625 0.221875 0.234375
6 0.81328125 0.359375 0.196875 0.2078125