5 0.50390625 0.5140625 0.2140625 0.2453125
6 0.9703125 0.065625 0.059375 0.13125
6 0.9734375 0.54296875 0.053125 0.253125
6 0.953125 0.3125 0.0890625 0.234375
6 0.696875 0.603125 0.25546875 0.303125
6 0.5484375 0.1515625 0.23046875 0.24765625
6 0.1609375 0.92578125 0.30546875 0.1484375
6 0.1734375 0.38046875 0.26953125 0.2203125
6 0.334375 0.1015625 0.253125 0.203125
6 0.74453125 0.06328125 0.23359375 0.1265625
6 0.5109375 0.73515625 0.2390625 0.2703125
6 0.07734375 0.125 0.1546875 0.25
6 0.12109375 0.53828125 0.225 0.21796875
6 0.3234375 0.61015625 0.225 0.2453125
6 0.890625 0.91015625 0.2140625 0.17890625
6 0.62890625 0.346875 0.23046875 0.2203125
6 0.35546875 0.87734375 0.23359375 0.23984375
6 0.89453125 0.721875 0.20546875 0.21484375
6 0.246875 0.21484375 0.21640625 0.209375
6 0.1140625 0.7578125 0.228125 0.23125
6 0.83359375 0.41484375 0.228125 0.2125
6 0.69140625 0.86328125 0.24453125 0.234375
6 0.81796875 0.21484375 0.2359375 0.21484375