5 0.9625 0.40390625 0.0640625 0.06328125
5 0.50390625 0.50546875 0.16953125 0.16796875
6 0.446875 0.975 0.23359375 0.04921875
6 0.27890625 0.03046875 0.23046875 0.0609375
6 0.0515625 0.26328125 0.103125 0.23984375
6 0.18359375 0.95703125 0.23359375 0.08515625
6 0.59765625 0.1015625 0.2359375 0.203125
6 0.7625 0.93671875 0.26953125 0.1265625
6 0.38046875 0.38046875 0.2390625 0.23671875
6 0.878125 0.69140625 0.2390625 0.24765625
6 0.40859375 0.79375 0.2390625 0.23125
6 0.6390625 0.7296875 0.228125 0.2203125
6 0.22109375 0.6421875 0.2359375 0.22578125
6 0.796875 0.2109375 0.25546875 0.2453125