6 0.9234375 0.8859375 0.146875 0.2234375
6 0.925 0.08671875 0.15 0.1734375
6 0.015625 0.3625 0.03046875 0.20078125
6 0.84140625 0.67890625 0.271875 0.25078125
6 0.325 0.0328125 0.278125 0.065625
6 0.1015625 0.21328125 0.203125 0.234375
6 0.18125 0.984375 0.253125 0.03125
5 0.49609375 0.5 0.1640625 0.17890625
6 0.93984375 0.30625 0.1203125 0.2625
6 0.715625 0.08515625 0.24375 0.1703125
5 0.60859375 0.45625 0.08359375 0.090625
6 0.4109375 0.140625 0.2890625 0.253125
6 0.596875 0.38046875 0.2390625 0.25859375
6 0.76796875 0.28515625 0.26953125 0.2453125
6 0.540625 0.92578125 0.275 0.1484375
6 0.7125 0.615625 0.26953125 0.27265625
6 0.121875 0.0921875 0.24375 0.184375
6 0.69453125 0.8515625 0.23359375 0.22578125
6 0.4890625 0.74140625 0.25 0.253125
6 0.1140625 0.43515625 0.228125 0.19296875
6 0.121875 0.86953125 0.24375 0.2484375
5 0.09140625 0.61640625 0.10703125 0.0953125