6 0.021875 0.9328125 0.04375 0.13125
6 0.9765625 0.31015625 0.046875 0.20625
6 0.815625 0.0125 0.23046875 0.025
6 0.9578125 0.0328125 0.084375 0.065625
5 0.496875 0.5015625 0.18359375 0.1765625
6 0.01953125 0.2125 0.0390625 0.209375
6 0.54609375 0.9625 0.253125 0.07421875
6 0.94296875 0.90625 0.10859375 0.1875
6 0.59453125 0.05625 0.2390625 0.1125
6 0.34296875 0.05546875 0.23046875 0.11015625
6 0.78515625 0.92109375 0.2171875 0.1578125
6 0.090625 0.04140625 0.18046875 0.0828125
6 0.275 0.93125 0.228125 0.1375
6 0.321875 0.4296875 0.221875 0.209375
6 0.06640625 0.6546875 0.1328125 0.23125
6 0.9265625 0.509375 0.14140625 0.22578125
6 0.23359375 0.58828125 0.2390625 0.22890625
6 0.896875 0.1390625 0.19453125 0.2234375
6 0.6375 0.23515625 0.24140625 0.2125
6 0.178125 0.1828125 0.221875 0.20625
6 0.0765625 0.40625 0.153125 0.2234375
6 0.6515625 0.8171875 0.203125 0.1953125
6 0.440625 0.82265625 0.225 0.22890625
6 0.75390625 0.4203125 0.2359375 0.21796875