6 0.6 0.64296875 0.228125 0.20078125
6 0.0265625 0.40234375 0.053125 0.23125
6 0.146875 0.4078125 0.26640625 0.209375
6 0.17109375 0.021875 0.2359375 0.04375
6 0.9828125 0.53203125 0.034375 0.2015625
6 0.025 0.94609375 0.05 0.1078125
6 0.025 0.14609375 0.05 0.22578125
6 0.35390625 0.978125 0.2140625 0.04375
5 0.884375 0.2234375 0.0859375 0.08828125
5 0.50546875 0.51953125 0.20546875 0.19296875
6 0.9375 0.12265625 0.125 0.234375
6 0.88359375 0.078125 0.21640625 0.1515625
6 0.17109375 0.9734375 0.2390625 0.053125
6 0.271875 0.3375 0.26640625 0.26171875
5 0.48203125 0.13359375 0.125 0.1296875
6 0.8140625 0.95703125 0.25 0.08515625
6 0.05390625 0.6265625 0.1078125 0.25625
6 0.378125 0.89375 0.24453125 0.20625
6 0.93046875 0.73828125 0.13359375 0.23125
6 0.671875 0.059375 0.228125 0.11875
6 0.62109375 0.90859375 0.2453125 0.1828125
6 0.515625 0.74921875 0.253125 0.21484375
6 0.54609375 0.29609375 0.246875 0.23984375
6 0.11796875 0.8390625 0.2359375 0.23984375
6 0.2265625 0.63515625 0.25859375 0.23984375
6 0.79609375 0.67890625 0.21953125 0.25078125
6 0.909375 0.35234375 0.175 0.23671875
6 0.14453125 0.11171875 0.24453125 0.2234375
6 0.70546875 0.4640625 0.271875 0.234375