6 0.9765625 0.67890625 0.046875 0.20625
5 0.503125 0.5 0.178125 0.1734375
6 0.0390625 0.521875 0.078125 0.25078125
6 0.09453125 0.95 0.1890625 0.1
6 0.55 0.3015625 0.2109375 0.25625
6 0.77890625 0.94609375 0.23046875 0.1078125
6 0.903125 0.84140625 0.18359375 0.20078125
6 0.5515625 0.9078125 0.203125 0.17890625
6 0.3875 0.69296875 0.225 0.22890625
6 0.228125 0.3140625 0.228125 0.23125
6 0.640625 0.65703125 0.246875 0.20078125
6 0.421875 0.11328125 0.21640625 0.209375
6 0.259375 0.85546875 0.21953125 0.2125
6 0.7625 0.13046875 0.24140625 0.23984375
6 0.74609375 0.36953125 0.24140625 0.25859375