6 0.03359375 0.3265625 0.06640625 0.25078125
5 0.4984375 0.49609375 0.1640625 0.165625
6 0.20859375 0.9515625 0.2890625 0.09609375
5 0.9703125 0.02734375 0.059375 0.0546875
5 0.85546875 0.82265625 0.1 0.090625
6 0.93203125 0.16796875 0.1359375 0.23671875
6 0.90703125 0.3953125 0.1859375 0.25625
6 0.34140625 0.08671875 0.21640625 0.1734375
6 0.12890625 0.06484375 0.2578125 0.1296875
6 0.55234375 0.91953125 0.2453125 0.1609375
6 0.65390625 0.34453125 0.246875 0.2203125
6 0.6640625 0.72734375 0.2109375 0.28671875
6 0.9109375 0.675 0.171875 0.24765625
6 0.51640625 0.16953125 0.228125 0.21796875
6 0.31796875 0.6609375 0.24140625 0.23671875
6 0.12109375 0.4765625 0.2359375 0.2203125
6 0.75546875 0.1375 0.2390625 0.21484375
6 0.134375 0.80078125 0.26875 0.2640625