6 0.03359375 0.1265625 0.06640625 0.21484375
6 0.9734375 0.5796875 0.053125 0.21796875
5 0.5 0.49296875 0.178125 0.18203125
6 0.94453125 0.12265625 0.1109375 0.2453125
6 0.70859375 0.24140625 0.2 0.27265625
6 0.7046875 0.95 0.221875 0.1
6 0.78359375 0.0453125 0.3109375 0.090625
6 0.94140625 0.803125 0.1109375 0.2453125
6 0.08046875 0.74375 0.1609375 0.23671875
6 0.14140625 0.334375 0.278125 0.21796875
6 0.690625 0.53828125 0.225 0.20625
6 0.43203125 0.6734375 0.2859375 0.20078125
6 0.890625 0.3390625 0.2140625 0.23671875
6 0.46796875 0.2328125 0.303125 0.22890625
6 0.25703125 0.8578125 0.225 0.25625
6 0.10703125 0.48046875 0.2140625 0.23984375
6 0.69453125 0.7671875 0.25 0.23984375