6 0.63203125 0.10078125 0.21953125 0.1953125
6 0.55859375 0.17734375 0.2109375 0.234375
6 0.7609375 0.0125 0.23359375 0.025
5 0.5015625 0.50390625 0.253125 0.253125
6 0.615625 0.9859375 0.2859375 0.02734375
6 0.0234375 0.92109375 0.046875 0.1578125
6 0.65 0.4171875 0.24453125 0.234375
3 0.90703125 0.6078125 0.1859375 0.5375
6 0.0484375 0.175 0.096875 0.328125
6 0.5265625 0.0375 0.24140625 0.07421875
5 0.821875 0.1296875 0.0890625 0.09921875
6 0.934375 0.05546875 0.13046875 0.11015625
6 0.7359375 0.27109375 0.228125 0.20078125
6 0.15 0.9390625 0.21640625 0.12109375
6 0.36953125 0.9390625 0.221875 0.12109375
6 0.9140625 0.91015625 0.16640625 0.17890625
6 0.621875 0.84453125 0.24453125 0.25625
6 0.92109375 0.2421875 0.153125 0.25859375
6 0.0625 0.534375 0.125 0.27578125
6 0.253125 0.790625 0.2390625 0.21484375
6 0.740625 0.63203125 0.2140625 0.20625
6 0.2 0.1265625 0.2609375 0.253125
6 0.2609375 0.559375 0.2609375 0.22578125