6 0.2234375 0.371875 0.24140625 0.17109375
6 0.865625 0.9859375 0.21953125 0.02734375
5 0.5 0.4984375 0.18359375 0.17109375
6 0.0234375 0.1265625 0.046875 0.2203125
6 0.084375 0.01484375 0.16875 0.0296875
6 0.01796875 0.76484375 0.0359375 0.234375
6 0.7421875 0.9734375 0.225 0.053125
6 0.96484375 0.71796875 0.0703125 0.2640625
6 0.1234375 0.86796875 0.2359375 0.209375
6 0.2 0.1046875 0.25 0.209375
6 0.70390625 0.50703125 0.2140625 0.21484375
6 0.39609375 0.046875 0.253125 0.09375
6 0.478125 0.9609375 0.240625 0.078125
6 0.07109375 0.23828125 0.14140625 0.23984375
6 0.14140625 0.93359375 0.271875 0.13203125
6 0.059375 0.47734375 0.11875 0.2234375
6 0.3765625 0.63671875 0.253125 0.20390625
6 0.65703125 0.071875 0.23046875 0.14296875
6 0.93046875 0.3125 0.13359375 0.2234375
6 0.6234375 0.2578125 0.23046875 0.2234375
6 0.1484375 0.68203125 0.21953125 0.22890625
6 0.24140625 0.47265625 0.2390625 0.21796875
6 0.6265625 0.85 0.246875 0.2125
6 0.36796875 0.83984375 0.25859375 0.22578125
6 0.390625 0.23984375 0.2359375 0.22578125
6 0.89140625 0.103125 0.2109375 0.20625
6 0.9015625 0.5125 0.19140625 0.2203125
6 0.85703125 0.8578125 0.2359375 0.2125
6 0.70390625 0.6375 0.2359375 0.22265625
5 0.57734375 0.2671875 0.08828125 0.0890625