6 0.9734375 0.61953125 0.046875 0.1984375
6 0.01796875 0.16015625 0.0359375 0.1984375
5 0.5015625 0.50703125 0.20859375 0.20390625
6 0.04609375 0.38984375 0.09140625 0.2453125
6 0.34296875 0.021875 0.2359375 0.04375
6 0.95 0.0359375 0.1 0.071875
6 0.3375 0.6046875 0.25859375 0.27265625
6 0.6125 0.9546875 0.25859375 0.090625
6 0.2109375 0.940625 0.25 0.11875
6 0.528125 0.78203125 0.278125 0.25859375
6 0.9140625 0.8484375 0.16640625 0.28125
6 0.8390625 0.1984375 0.21640625 0.2203125
6 0.4875 0.196875 0.2359375 0.25078125
6 0.1609375 0.74921875 0.278125 0.24765625
6 0.2484375 0.29375 0.246875 0.25625
6 0.70703125 0.56640625 0.246875 0.25078125