6 0.984375 0.07734375 0.03046875 0.1484375
6 0.0484375 0.77421875 0.096875 0.209375
6 0.621875 0.0109375 0.23359375 0.021875
5 0.4984375 0.5 0.20859375 0.2125
6 0.925 0.9859375 0.14453125 0.02734375
6 0.35 0.89140625 0.25 0.2125
6 0.2609375 0.01796875 0.21640625 0.0359375
6 0.0375 0.46015625 0.075 0.26484375
6 0.05546875 0.953125 0.1109375 0.09375
6 0.25 0.25078125 0.24453125 0.23671875
5 0.09609375 0.44453125 0.0640625 0.06875
6 0.225 0.92578125 0.24453125 0.1484375
6 0.9484375 0.55234375 0.096875 0.22890625
5 0.54140625 0.23828125 0.078125 0.07421875
6 0.740625 0.5375 0.2359375 0.22578125
6 0.4234375 0.12109375 0.23046875 0.2421875
6 0.1109375 0.09375 0.221875 0.1875
6 0.46640625 0.71484375 0.2609375 0.22890625
6 0.884375 0.86796875 0.21953125 0.21484375
6 0.759375 0.19140625 0.246875 0.2453125
6 0.65 0.8578125 0.23359375 0.22890625
6 0.9234375 0.31015625 0.146875 0.25625
6 0.234375 0.49921875 0.2359375 0.23671875
6 0.3109375 0.5703125 0.20703125 0.24140625