6 0.71953125 0.440625 0.221875 0.2703125
5 0.49609375 0.55234375 0.23046875 0.2234375
6 0.0234375 0.94765625 0.046875 0.1046875
6 0.3734375 0.978125 0.2140625 0.04375
6 0.21640625 0.034375 0.2109375 0.06875
6 0.8890625 0.02734375 0.221875 0.0546875
6 0.053125 0.4765625 0.10546875 0.22578125
6 0.4890625 0.92578125 0.228125 0.1484375
6 0.61953125 0.40234375 0.2109375 0.21484375
6 0.075 0.2 0.15 0.23984375
6 0.51640625 0.09921875 0.221875 0.1984375
6 0.27109375 0.18984375 0.246875 0.25859375
6 0.29140625 0.4515625 0.228125 0.22578125
6 0.44609375 0.290625 0.225 0.20625
6 0.71953125 0.91171875 0.228125 0.1765625
6 0.90703125 0.17734375 0.18046875 0.23984375
6 0.184375 0.64453125 0.225 0.209375
6 0.3890625 0.7578125 0.221875 0.22578125
6 0.909375 0.4046875 0.175 0.20390625
6 0.10390625 0.84140625 0.2078125 0.2453125
6 0.6640625 0.7109375 0.23359375 0.2203125