6 0.0109375 0.4890625 0.021875 0.22890625
6 0.9265625 0.71640625 0.146875 0.23125
6 0.196875 0.96640625 0.228125 0.0671875
6 0.784375 0.9859375 0.2640625 0.02734375
6 0.9859375 0.9171875 0.028125 0.165625
6 0.3234375 0.0703125 0.29140625 0.140625
6 0.9734375 0.421875 0.053125 0.209375
6 0.04609375 0.03984375 0.09140625 0.0796875
6 0.559375 0.0203125 0.296875 0.040625
2 0.4984375 0.503125 0.26953125 0.27265625
6 0.271875 0.8140625 0.25546875 0.25078125
6 0.20703125 0.0375 0.25859375 0.07421875
5 0.6859375 0.6390625 0.08359375 0.06640625
6 0.921875 0.61328125 0.15 0.20078125
6 0.3015625 0.24921875 0.275 0.25078125
6 0.421875 0.928125 0.2609375 0.14296875
6 0.26796875 0.5828125 0.225 0.2234375
6 0.64140625 0.9046875 0.20546875 0.184375
6 0.7734375 0.778125 0.196875 0.20625
6 0.865625 0.2921875 0.246875 0.25859375
6 0.5 0.74375 0.25546875 0.2421875
6 0.765625 0.103125 0.275 0.20625
6 0.7828125 0.50703125 0.22734375 0.22265625
6 0.65 0.33359375 0.2296875 0.21640625
6 0.6109375 0.26484375 0.22734375 0.21953125
6 0.07265625 0.196875 0.1453125 0.2140625
6 0.06953125 0.85078125 0.1390625 0.2984375
6 0.159375 0.43671875 0.2875 0.23671875