5 0.5 0.4984375 0.2390625 0.21484375
6 0.5046875 0.95546875 0.25625 0.0890625
6 0.178125 0.07265625 0.271875 0.1453125
6 0.89921875 0.903125 0.1953125 0.19375
6 0.5109375 0.6890625 0.23359375 0.1984375
6 0.09453125 0.68203125 0.1890625 0.2125
6 0.47109375 0.21640625 0.2359375 0.23984375
6 0.271875 0.31015625 0.25 0.2125
6 0.26640625 0.8234375 0.2390625 0.23125
6 0.90390625 0.371875 0.1859375 0.23671875
6 0.72890625 0.5203125 0.23046875 0.22578125
6 0.1265625 0.4671875 0.253125 0.22890625
6 0.709375 0.8125 0.24140625 0.23671875
6 0.91328125 0.10859375 0.1671875 0.2171875