5 0.4984375 0.546875 0.225 0.23984375
6 0.80859375 0.984375 0.2203125 0.03125
6 0.034375 0.078125 0.06875 0.15625
6 0.03046875 0.56328125 0.0609375 0.25078125
6 0.9484375 0.2765625 0.103125 0.22890625
6 0.05546875 0.25234375 0.1109375 0.23984375
6 0.94609375 0.50703125 0.103125 0.23125
6 0.075 0.9546875 0.15 0.090625
6 0.63359375 0.63515625 0.221875 0.278125
6 0.34453125 0.06640625 0.24453125 0.13203125
6 0.1796875 0.13203125 0.24375 0.2640625
6 0.4 0.328125 0.25546875 0.22578125
6 0.7984375 0.5359375 0.2359375 0.278125
6 0.634375 0.89375 0.246875 0.2125
6 0.671875 0.25234375 0.2390625 0.234375
6 0.9125 0.84296875 0.16953125 0.23671875
6 0.415625 0.753125 0.24140625 0.23984375
6 0.88671875 0.090625 0.2203125 0.18125
6 0.2109375 0.56171875 0.228125 0.209375
6 0.1015625 0.75859375 0.203125 0.234375