5 0.496875 0.503125 0.21640625 0.23984375
5 0.9 0.940625 0.0890625 0.08515625
6 0.96953125 0.04921875 0.0609375 0.0984375
6 0.29140625 0.021875 0.21640625 0.04375
6 0.2859375 0.98203125 0.2390625 0.0359375
6 0.05 0.35 0.1 0.20390625
6 0.17109375 0.125 0.2328125 0.25
5 0.240625 0.4875 0.0859375 0.08828125
6 0.36796875 0.4203125 0.21953125 0.28359375
6 0.0890625 0.15390625 0.178125 0.2203125
6 0.28515625 0.9140625 0.2609375 0.171875
6 0.8640625 0.8953125 0.271875 0.209375
6 0.78046875 0.06875 0.278125 0.1375
6 0.659375 0.64296875 0.246875 0.21796875
6 0.78046875 0.33203125 0.24453125 0.2453125
6 0.928125 0.53828125 0.1390625 0.27265625
6 0.265625 0.70625 0.24140625 0.2453125
6 0.0875 0.8796875 0.175 0.240625
6 0.540625 0.221875 0.246875 0.2234375