5 0.5 0.509375 0.24453125 0.23671875
6 0.96953125 0.9375 0.0609375 0.125
6 0.5859375 0.8828125 0.2609375 0.18984375
6 0.9484375 0.23828125 0.096875 0.2453125
6 0.4390625 0.6828125 0.3 0.23671875
6 0.9625 0.67734375 0.06953125 0.25859375
5 0.83046875 0.1765625 0.10546875 0.09375
6 0.59296875 0.940625 0.253125 0.11875
6 0.890625 0.11328125 0.2140625 0.22578125
6 0.3109375 0.78125 0.3 0.25078125
6 0.259375 0.06171875 0.253125 0.1234375
6 0.8140625 0.57265625 0.25 0.2203125
6 0.684375 0.6640625 0.275 0.23671875
6 0.825 0.3515625 0.278125 0.2234375
6 0.0859375 0.603125 0.171875 0.2421875
6 0.484375 0.20234375 0.275 0.234375
6 0.8125 0.884375 0.2640625 0.23125
6 0.35703125 0.36640625 0.2359375 0.2421875
6 0.10703125 0.22421875 0.2140625 0.25625
6 0.08046875 0.859375 0.1609375 0.27578125